Any,Codi_Districte,Nom_Districte,Codi_Barri,Nom_Barri,AEB,Seccio_Censal,Valor,SEXE,EDAT_Q
2010,1,Ciutat Vella,1,el Raval,1,1001,7,1,0
2010,1,Ciutat Vella,1,el Raval,1,1001,..,1,1
2010,1,Ciutat Vella,1,el Raval,1,1001,..,1,2
2010,1,Ciutat Vella,1,el Raval,1,1001,..,1,3
2010,1,Ciutat Vella,1,el Raval,1,1001,13,1,4
2010,1,Ciutat Vella,1,el Raval,1,1001,19,1,5
2010,1,Ciutat Vella,1,el Raval,1,1001,14,1,6
2010,1,Ciutat Vella,1,el Raval,1,1001,6,1,7
2010,1,Ciutat Vella,1,el Raval,1,1001,..,1,8
2010,1,Ciutat Vella,1,el Raval,1,1001,..,1,9
2010,1,Ciutat Vella,1,el Raval,1,1001,..,1,10
2010,1,Ciutat Vella,1,el Raval,1,1001,..,1,11
2010,1,Ciutat Vella,1,el Raval,1,1001,..,1,13
2010,1,Ciutat Vella,1,el Raval,1,1001,..,2,0
2010,1,Ciutat Vella,1,el Raval,1,1001,..,2,1
2010,1,Ciutat Vella,1,el Raval,1,1001,5,2,2
2010,1,Ciutat Vella,1,el Raval,1,1001,6,2,3
2010,1,Ciutat Vella,1,el Raval,1,1001,21,2,4
2010,1,Ciutat Vella,1,el Raval,1,1001,16,2,5
2010,1,Ciutat Vella,1,el Raval,1,1001,15,2,6
2010,1,Ciutat Vella,1,el Raval,1,1001,10,2,7
2010,1,Ciutat Vella,1,el Raval,1,1001,..,2,8
2010,1,Ciutat Vella,1,el Raval,1,1001,6,2,9
2010,1,Ciutat Vella,1,el Raval,1,1001,..,2,10
2010,1,Ciutat Vella,1,el Raval,1,1001,..,2,11
2010,1,Ciutat Vella,1,el Raval,1,1001,..,2,12
2010,1,Ciutat Vella,1,el Raval,1,1002,..,1,1
2010,1,Ciutat Vella,1,el Raval,1,1002,..,1,2
2010,1,Ciutat Vella,1,el Raval,1,1002,7,1,3
2010,1,Ciutat Vella,1,el Raval,1,1002,23,1,4
2010,1,Ciutat Vella,1,el Raval,1,1002,22,1,5
2010,1,Ciutat Vella,1,el Raval,1,1002,8,1,6
2010,1,Ciutat Vella,1,el Raval,1,1002,7,1,7
2010,1,Ciutat Vella,1,el Raval,1,1002,..,1,8
2010,1,Ciutat Vella,1,el Raval,1,1002,..,1,9
2010,1,Ciutat Vella,1,el Raval,1,1002,..,1,10
2010,1,Ciutat Vella,1,el Raval,1,1002,..,1,11
2010,1,Ciutat Vella,1,el Raval,1,1002,..,1,12
2010,1,Ciutat Vella,1,el Raval,1,1002,..,1,16
2010,1,Ciutat Vella,1,el Raval,1,1002,..,2,0
2010,1,Ciutat Vella,1,el Raval,1,1002,6,2,1
2010,1,Ciutat Vella,1,el Raval,1,1002,6,2,2
2010,1,Ciutat Vella,1,el Raval,1,1002,5,2,3
2010,1,Ciutat Vella,1,el Raval,1,1002,16,2,4
2010,1,Ciutat Vella,1,el Raval,1,1002,31,2,5
2010,1,Ciutat Vella,1,el Raval,1,1002,14,2,6
2010,1,Ciutat Vella,1,el Raval,1,1002,14,2,7
2010,1,Ciutat Vella,1,el Raval,1,1002,6,2,8
2010,1,Ciutat Vella,1,el Raval,1,1002,6,2,9
2010,1,Ciutat Vella,1,el Raval,1,1002,..,2,10
2010,1,Ciutat Vella,1,el Raval,1,1002,..,2,11
2010,1,Ciutat Vella,1,el Raval,1,1002,..,2,15
2010,1,Ciutat Vella,1,el Raval,1,1002,..,2,16
2010,1,Ciutat Vella,1,el Raval,1,1002,..,2,18
2010,1,Ciutat Vella,1,el Raval,2,1003,19,1,0
2010,1,Ciutat Vella,1,el Raval,2,1003,15,1,1
2010,1,Ciutat Vella,1,el Raval,2,1003,5,1,2
2010,1,Ciutat Vella,1,el Raval,2,1003,6,1,3
2010,1,Ciutat Vella,1,el Raval,2,1003,25,1,4
2010,1,Ciutat Vella,1,el Raval,2,1003,36,1,5
2010,1,Ciutat Vella,1,el Raval,2,1003,25,1,6
2010,1,Ciutat Vella,1,el Raval,2,1003,14,1,7
2010,1,Ciutat Vella,1,el Raval,2,1003,10,1,8
2010,1,Ciutat Vella,1,el Raval,2,1003,5,1,9
2010,1,Ciutat Vella,1,el Raval,2,1003,..,1,10
2010,1,Ciutat Vella,1,el Raval,2,1003,..,1,11
2010,1,Ciutat Vella,1,el Raval,2,1003,..,1,12
2010,1,Ciutat Vella,1,el Raval,2,1003,..,1,13
2010,1,Ciutat Vella,1,el Raval,2,1003,13,2,0
2010,1,Ciutat Vella,1,el Raval,2,1003,12,2,1
2010,1,Ciutat Vella,1,el Raval,2,1003,16,2,2
2010,1,Ciutat Vella,1,el Raval,2,1003,25,2,3
2010,1,Ciutat Vella,1,el Raval,2,1003,45,2,4
2010,1,Ciutat Vella,1,el Raval,2,1003,39,2,5
2010,1,Ciutat Vella,1,el Raval,2,1003,39,2,6
2010,1,Ciutat Vella,1,el Raval,2,1003,32,2,7
2010,1,Ciutat Vella,1,el Raval,2,1003,17,2,8
2010,1,Ciutat Vella,1,el Raval,2,1003,15,2,9
2010,1,Ciutat Vella,1,el Raval,2,1003,6,2,10
2010,1,Ciutat Vella,1,el Raval,2,1003,..,2,11
2010,1,Ciutat Vella,1,el Raval,2,1003,..,2,12
2010,1,Ciutat Vella,1,el Raval,2,1003,..,2,13
2010,1,Ciutat Vella,1,el Raval,2,1004,11,1,0
2010,1,Ciutat Vella,1,el Raval,2,1004,10,1,1
2010,1,Ciutat Vella,1,el Raval,2,1004,8,1,2
2010,1,Ciutat Vella,1,el Raval,2,1004,12,1,3
2010,1,Ciutat Vella,1,el Raval,2,1004,27,1,4
2010,1,Ciutat Vella,1,el Raval,2,1004,38,1,5
2010,1,Ciutat Vella,1,el Raval,2,1004,21,1,6
2010,1,Ciutat Vella,1,el Raval,2,1004,9,1,7
2010,1,Ciutat Vella,1,el Raval,2,1004,14,1,8
2010,1,Ciutat Vella,1,el Raval,2,1004,..,1,9
2010,1,Ciutat Vella,1,el Raval,2,1004,..,1,10
2010,1,Ciutat Vella,1,el Raval,2,1004,..,1,11
2010,1,Ciutat Vella,1,el Raval,2,1004,5,1,12
2010,1,Ciutat Vella,1,el Raval,2,1004,..,1,13
2010,1,Ciutat Vella,1,el Raval,2,1004,..,1,14
2010,1,Ciutat Vella,1,el Raval,2,1004,9,2,0
2010,1,Ciutat Vella,1,el Raval,2,1004,7,2,1
2010,1,Ciutat Vella,1,el Raval,2,1004,..,2,2
2010,1,Ciutat Vella,1,el Raval,2,1004,20,2,3
2010,1,Ciutat Vella,1,el Raval,2,1004,37,2,4
2010,1,Ciutat Vella,1,el Raval,2,1004,46,2,5
2010,1,Ciutat Vella,1,el Raval,2,1004,39,2,6
2010,1,Ciutat Vella,1,el Raval,2,1004,29,2,7
2010,1,Ciutat Vella,1,el Raval,2,1004,12,2,8
2010,1,Ciutat Vella,1,el Raval,2,1004,7,2,9
2010,1,Ciutat Vella,1,el Raval,2,1004,..,2,10
2010,1,Ciutat Vella,1,el Raval,2,1004,..,2,11
2010,1,Ciutat Vella,1,el Raval,2,1004,..,2,14
2010,1,Ciutat Vella,1,el Raval,2,1004,..,2,15
2010,1,Ciutat Vella,1,el Raval,3,1005,5,1,0
2010,1,Ciutat Vella,1,el Raval,3,1005,..,1,1
2010,1,Ciutat Vella,1,el Raval,3,1005,..,1,2
2010,1,Ciutat Vella,1,el Raval,3,1005,5,1,3
2010,1,Ciutat Vella,1,el Raval,3,1005,18,1,4
2010,1,Ciutat Vella,1,el Raval,3,1005,24,1,5
2010,1,Ciutat Vella,1,el Raval,3,1005,19,1,6
2010,1,Ciutat Vella,1,el Raval,3,1005,7,1,7
2010,1,Ciutat Vella,1,el Raval,3,1005,5,1,8
2010,1,Ciutat Vella,1,el Raval,3,1005,..,1,9
2010,1,Ciutat Vella,1,el Raval,3,1005,..,1,10
2010,1,Ciutat Vella,1,el Raval,3,1005,..,1,11
2010,1,Ciutat Vella,1,el Raval,3,1005,..,1,13
2010,1,Ciutat Vella,1,el Raval,3,1005,..,1,14
2010,1,Ciutat Vella,1,el Raval,3,1005,5,2,0
2010,1,Ciutat Vella,1,el Raval,3,1005,..,2,1
2010,1,Ciutat Vella,1,el Raval,3,1005,..,2,2
2010,1,Ciutat Vella,1,el Raval,3,1005,6,2,3
2010,1,Ciutat Vella,1,el Raval,3,1005,27,2,4
2010,1,Ciutat Vella,1,el Raval,3,1005,53,2,5
2010,1,Ciutat Vella,1,el Raval,3,1005,38,2,6
2010,1,Ciutat Vella,1,el Raval,3,1005,30,2,7
2010,1,Ciutat Vella,1,el Raval,3,1005,15,2,8
2010,1,Ciutat Vella,1,el Raval,3,1005,11,2,9
2010,1,Ciutat Vella,1,el Raval,3,1005,..,2,10
2010,1,Ciutat Vella,1,el Raval,3,1005,..,2,12
2010,1,Ciutat Vella,1,el Raval,3,1005,..,2,13
2010,1,Ciutat Vella,1,el Raval,3,1005,..,2,14
2010,1,Ciutat Vella,1,el Raval,3,1005,..,2,16
2010,1,Ciutat Vella,1,el Raval,3,1006,..,1,0
2010,1,Ciutat Vella,1,el Raval,3,1006,7,1,1
2010,1,Ciutat Vella,1,el Raval,3,1006,7,1,2
2010,1,Ciutat Vella,1,el Raval,3,1006,8,1,3
2010,1,Ciutat Vella,1,el Raval,3,1006,23,1,4
2010,1,Ciutat Vella,1,el Raval,3,1006,27,1,5
2010,1,Ciutat Vella,1,el Raval,3,1006,15,1,6
2010,1,Ciutat Vella,1,el Raval,3,1006,14,1,7
2010,1,Ciutat Vella,1,el Raval,3,1006,9,1,8
2010,1,Ciutat Vella,1,el Raval,3,1006,..,1,9
2010,1,Ciutat Vella,1,el Raval,3,1006,..,1,11
2010,1,Ciutat Vella,1,el Raval,3,1006,..,1,13
2010,1,Ciutat Vella,1,el Raval,3,1006,..,1,14
2010,1,Ciutat Vella,1,el Raval,3,1006,..,1,15
2010,1,Ciutat Vella,1,el Raval,3,1006,7,2,0
2010,1,Ciutat Vella,1,el Raval,3,1006,..,2,1
2010,1,Ciutat Vella,1,el Raval,3,1006,7,2,2
2010,1,Ciutat Vella,1,el Raval,3,1006,8,2,3
2010,1,Ciutat Vella,1,el Raval,3,1006,26,2,4
2010,1,Ciutat Vella,1,el Raval,3,1006,42,2,5
2010,1,Ciutat Vella,1,el Raval,3,1006,25,2,6
2010,1,Ciutat Vella,1,el Raval,3,1006,26,2,7
2010,1,Ciutat Vella,1,el Raval,3,1006,18,2,8
2010,1,Ciutat Vella,1,el Raval,3,1006,5,2,9
2010,1,Ciutat Vella,1,el Raval,3,1006,..,2,10
2010,1,Ciutat Vella,1,el Raval,3,1006,..,2,11
2010,1,Ciutat Vella,1,el Raval,3,1006,..,2,12
2010,1,Ciutat Vella,1,el Raval,3,1006,..,2,13
2010,1,Ciutat Vella,1,el Raval,3,1007,5,1,0
2010,1,Ciutat Vella,1,el Raval,3,1007,..,1,1
2010,1,Ciutat Vella,1,el Raval,3,1007,..,1,2
2010,1,Ciutat Vella,1,el Raval,3,1007,..,1,3
2010,1,Ciutat Vella,1,el Raval,3,1007,11,1,4
2010,1,Ciutat Vella,1,el Raval,3,1007,18,1,5
2010,1,Ciutat Vella,1,el Raval,3,1007,10,1,6
2010,1,Ciutat Vella,1,el Raval,3,1007,8,1,7
2010,1,Ciutat Vella,1,el Raval,3,1007,10,1,8
2010,1,Ciutat Vella,1,el Raval,3,1007,..,1,9
2010,1,Ciutat Vella,1,el Raval,3,1007,..,1,12
2010,1,Ciutat Vella,1,el Raval,3,1007,..,1,17
2010,1,Ciutat Vella,1,el Raval,3,1007,8,2,0
2010,1,Ciutat Vella,1,el Raval,3,1007,6,2,1
2010,1,Ciutat Vella,1,el Raval,3,1007,15,2,2
2010,1,Ciutat Vella,1,el Raval,3,1007,8,2,3
2010,1,Ciutat Vella,1,el Raval,3,1007,23,2,4
2010,1,Ciutat Vella,1,el Raval,3,1007,57,2,5
2010,1,Ciutat Vella,1,el Raval,3,1007,39,2,6
2010,1,Ciutat Vella,1,el Raval,3,1007,29,2,7
2010,1,Ciutat Vella,1,el Raval,3,1007,20,2,8
2010,1,Ciutat Vella,1,el Raval,3,1007,9,2,9
2010,1,Ciutat Vella,1,el Raval,3,1007,5,2,10
2010,1,Ciutat Vella,1,el Raval,3,1007,..,2,12
2010,1,Ciutat Vella,1,el Raval,4,1008,20,1,0
2010,1,Ciutat Vella,1,el Raval,4,1008,11,1,1
2010,1,Ciutat Vella,1,el Raval,4,1008,17,1,2
2010,1,Ciutat Vella,1,el Raval,4,1008,20,1,3
2010,1,Ciutat Vella,1,el Raval,4,1008,32,1,4
2010,1,Ciutat Vella,1,el Raval,4,1008,38,1,5
2010,1,Ciutat Vella,1,el Raval,4,1008,21,1,6
2010,1,Ciutat Vella,1,el Raval,4,1008,16,1,7
2010,1,Ciutat Vella,1,el Raval,4,1008,13,1,8
2010,1,Ciutat Vella,1,el Raval,4,1008,8,1,9
2010,1,Ciutat Vella,1,el Raval,4,1008,..,1,10
2010,1,Ciutat Vella,1,el Raval,4,1008,..,1,11
2010,1,Ciutat Vella,1,el Raval,4,1008,..,1,12
2010,1,Ciutat Vella,1,el Raval,4,1008,..,1,13
2010,1,Ciutat Vella,1,el Raval,4,1008,16,2,0
2010,1,Ciutat Vella,1,el Raval,4,1008,16,2,1
2010,1,Ciutat Vella,1,el Raval,4,1008,22,2,2
2010,1,Ciutat Vella,1,el Raval,4,1008,33,2,3
2010,1,Ciutat Vella,1,el Raval,4,1008,52,2,4
2010,1,Ciutat Vella,1,el Raval,4,1008,67,2,5
2010,1,Ciutat Vella,1,el Raval,4,1008,63,2,6
2010,1,Ciutat Vella,1,el Raval,4,1008,34,2,7
2010,1,Ciutat Vella,1,el Raval,4,1008,31,2,8
2010,1,Ciutat Vella,1,el Raval,4,1008,11,2,9
2010,1,Ciutat Vella,1,el Raval,4,1008,13,2,10
2010,1,Ciutat Vella,1,el Raval,4,1008,7,2,11
2010,1,Ciutat Vella,1,el Raval,4,1008,..,2,12
2010,1,Ciutat Vella,1,el Raval,4,1008,..,2,13
2010,1,Ciutat Vella,1,el Raval,4,1009,5,1,0
2010,1,Ciutat Vella,1,el Raval,4,1009,..,1,1
2010,1,Ciutat Vella,1,el Raval,4,1009,..,1,2
2010,1,Ciutat Vella,1,el Raval,4,1009,5,1,3
2010,1,Ciutat Vella,1,el Raval,4,1009,24,1,4
2010,1,Ciutat Vella,1,el Raval,4,1009,18,1,5
2010,1,Ciutat Vella,1,el Raval,4,1009,12,1,6
2010,1,Ciutat Vella,1,el Raval,4,1009,12,1,7
2010,1,Ciutat Vella,1,el Raval,4,1009,8,1,8
2010,1,Ciutat Vella,1,el Raval,4,1009,..,1,9
2010,1,Ciutat Vella,1,el Raval,4,1009,..,1,10
2010,1,Ciutat Vella,1,el Raval,4,1009,..,1,12
2010,1,Ciutat Vella,1,el Raval,4,1009,..,1,13
2010,1,Ciutat Vella,1,el Raval,4,1009,..,1,15
2010,1,Ciutat Vella,1,el Raval,4,1009,..,1,17
2010,1,Ciutat Vella,1,el Raval,4,1009,10,2,0
2010,1,Ciutat Vella,1,el Raval,4,1009,5,2,1
2010,1,Ciutat Vella,1,el Raval,4,1009,8,2,2
2010,1,Ciutat Vella,1,el Raval,4,1009,11,2,3
2010,1,Ciutat Vella,1,el Raval,4,1009,17,2,4
2010,1,Ciutat Vella,1,el Raval,4,1009,43,2,5
2010,1,Ciutat Vella,1,el Raval,4,1009,25,2,6
2010,1,Ciutat Vella,1,el Raval,4,1009,21,2,7
2010,1,Ciutat Vella,1,el Raval,4,1009,15,2,8
2010,1,Ciutat Vella,1,el Raval,4,1009,13,2,9
2010,1,Ciutat Vella,1,el Raval,4,1009,..,2,10
2010,1,Ciutat Vella,1,el Raval,4,1009,..,2,11
2010,1,Ciutat Vella,1,el Raval,4,1009,..,2,13
2010,1,Ciutat Vella,1,el Raval,4,1009,..,2,14
2010,1,Ciutat Vella,1,el Raval,4,1010,7,1,0
2010,1,Ciutat Vella,1,el Raval,4,1010,11,1,1
2010,1,Ciutat Vella,1,el Raval,4,1010,13,1,2
2010,1,Ciutat Vella,1,el Raval,4,1010,12,1,3
2010,1,Ciutat Vella,1,el Raval,4,1010,11,1,4
2010,1,Ciutat Vella,1,el Raval,4,1010,23,1,5
2010,1,Ciutat Vella,1,el Raval,4,1010,18,1,6
2010,1,Ciutat Vella,1,el Raval,4,1010,14,1,7
2010,1,Ciutat Vella,1,el Raval,4,1010,8,1,8
2010,1,Ciutat Vella,1,el Raval,4,1010,10,1,9
2010,1,Ciutat Vella,1,el Raval,4,1010,5,1,10
2010,1,Ciutat Vella,1,el Raval,4,1010,..,1,11
2010,1,Ciutat Vella,1,el Raval,4,1010,..,1,12
2010,1,Ciutat Vella,1,el Raval,4,1010,..,1,13
2010,1,Ciutat Vella,1,el Raval,4,1010,..,1,15
2010,1,Ciutat Vella,1,el Raval,4,1010,15,2,0
2010,1,Ciutat Vella,1,el Raval,4,1010,10,2,1
2010,1,Ciutat Vella,1,el Raval,4,1010,22,2,2
2010,1,Ciutat Vella,1,el Raval,4,1010,31,2,3
2010,1,Ciutat Vella,1,el Raval,4,1010,35,2,4
2010,1,Ciutat Vella,1,el Raval,4,1010,37,2,5
2010,1,Ciutat Vella,1,el Raval,4,1010,37,2,6
2010,1,Ciutat Vella,1,el Raval,4,1010,25,2,7
2010,1,Ciutat Vella,1,el Raval,4,1010,19,2,8
2010,1,Ciutat Vella,1,el Raval,4,1010,12,2,9
2010,1,Ciutat Vella,1,el Raval,4,1010,8,2,10
2010,1,Ciutat Vella,1,el Raval,4,1010,..,2,11
2010,1,Ciutat Vella,1,el Raval,5,1011,18,1,0
2010,1,Ciutat Vella,1,el Raval,5,1011,13,1,1
2010,1,Ciutat Vella,1,el Raval,5,1011,10,1,2
2010,1,Ciutat Vella,1,el Raval,5,1011,15,1,3
2010,1,Ciutat Vella,1,el Raval,5,1011,32,1,4
2010,1,Ciutat Vella,1,el Raval,5,1011,48,1,5
2010,1,Ciutat Vella,1,el Raval,5,1011,32,1,6
2010,1,Ciutat Vella,1,el Raval,5,1011,19,1,7
2010,1,Ciutat Vella,1,el Raval,5,1011,14,1,8
2010,1,Ciutat Vella,1,el Raval,5,1011,8,1,9
2010,1,Ciutat Vella,1,el Raval,5,1011,..,1,10
2010,1,Ciutat Vella,1,el Raval,5,1011,..,1,11
2010,1,Ciutat Vella,1,el Raval,5,1011,..,1,12
2010,1,Ciutat Vella,1,el Raval,5,1011,..,1,13
2010,1,Ciutat Vella,1,el Raval,5,1011,..,1,14
2010,1,Ciutat Vella,1,el Raval,5,1011,14,2,0
2010,1,Ciutat Vella,1,el Raval,5,1011,10,2,1
2010,1,Ciutat Vella,1,el Raval,5,1011,28,2,2
2010,1,Ciutat Vella,1,el Raval,5,1011,21,2,3
2010,1,Ciutat Vella,1,el Raval,5,1011,51,2,4
2010,1,Ciutat Vella,1,el Raval,5,1011,68,2,5
2010,1,Ciutat Vella,1,el Raval,5,1011,49,2,6
2010,1,Ciutat Vella,1,el Raval,5,1011,41,2,7
2010,1,Ciutat Vella,1,el Raval,5,1011,26,2,8
2010,1,Ciutat Vella,1,el Raval,5,1011,20,2,9
2010,1,Ciutat Vella,1,el Raval,5,1011,12,2,10
2010,1,Ciutat Vella,1,el Raval,5,1011,..,2,11
2010,1,Ciutat Vella,1,el Raval,5,1011,..,2,12
2010,1,Ciutat Vella,1,el Raval,5,1011,..,2,14
2010,1,Ciutat Vella,1,el Raval,5,1011,..,2,16
2010,1,Ciutat Vella,1,el Raval,5,1012,..,1,0
2010,1,Ciutat Vella,1,el Raval,5,1012,..,1,1
2010,1,Ciutat Vella,1,el Raval,5,1012,8,1,2
2010,1,Ciutat Vella,1,el Raval,5,1012,11,1,3
2010,1,Ciutat Vella,1,el Raval,5,1012,18,1,4
2010,1,Ciutat Vella,1,el Raval,5,1012,20,1,5
2010,1,Ciutat Vella,1,el Raval,5,1012,..,1,6
2010,1,Ciutat Vella,1,el Raval,5,1012,8,1,7
2010,1,Ciutat Vella,1,el Raval,5,1012,5,1,8
2010,1,Ciutat Vella,1,el Raval,5,1012,..,1,9
2010,1,Ciutat Vella,1,el Raval,5,1012,..,1,10
2010,1,Ciutat Vella,1,el Raval,5,1012,5,2,0
2010,1,Ciutat Vella,1,el Raval,5,1012,..,2,1
2010,1,Ciutat Vella,1,el Raval,5,1012,..,2,2
2010,1,Ciutat Vella,1,el Raval,5,1012,9,2,3
2010,1,Ciutat Vella,1,el Raval,5,1012,8,2,4
2010,1,Ciutat Vella,1,el Raval,5,1012,23,2,5
2010,1,Ciutat Vella,1,el Raval,5,1012,31,2,6
2010,1,Ciutat Vella,1,el Raval,5,1012,15,2,7
2010,1,Ciutat Vella,1,el Raval,5,1012,7,2,8
2010,1,Ciutat Vella,1,el Raval,5,1012,5,2,9
2010,1,Ciutat Vella,1,el Raval,5,1012,..,2,10
2010,1,Ciutat Vella,1,el Raval,5,1012,..,2,11
2010,1,Ciutat Vella,1,el Raval,5,1012,..,2,12
2010,1,Ciutat Vella,1,el Raval,5,1012,..,2,13
2010,1,Ciutat Vella,1,el Raval,5,1013,..,1,0
2010,1,Ciutat Vella,1,el Raval,5,1013,..,1,1
2010,1,Ciutat Vella,1,el Raval,5,1013,..,1,3
2010,1,Ciutat Vella,1,el Raval,5,1013,12,1,4
2010,1,Ciutat Vella,1,el Raval,5,1013,9,1,5
2010,1,Ciutat Vella,1,el Raval,5,1013,9,1,6
2010,1,Ciutat Vella,1,el Raval,5,1013,..,1,7
2010,1,Ciutat Vella,1,el Raval,5,1013,..,1,8
2010,1,Ciutat Vella,1,el Raval,5,1013,..,1,9
2010,1,Ciutat Vella,1,el Raval,5,1013,..,1,10
2010,1,Ciutat Vella,1,el Raval,5,1013,..,1,11
2010,1,Ciutat Vella,1,el Raval,5,1013,..,1,17
2010,1,Ciutat Vella,1,el Raval,5,1013,..,2,0
2010,1,Ciutat Vella,1,el Raval,5,1013,..,2,2
2010,1,Ciutat Vella,1,el Raval,5,1013,..,2,3
2010,1,Ciutat Vella,1,el Raval,5,1013,9,2,4
2010,1,Ciutat Vella,1,el Raval,5,1013,12,2,5
2010,1,Ciutat Vella,1,el Raval,5,1013,8,2,6
2010,1,Ciutat Vella,1,el Raval,5,1013,10,2,7
2010,1,Ciutat Vella,1,el Raval,5,1013,..,2,8
2010,1,Ciutat Vella,1,el Raval,5,1013,..,2,9
2010,1,Ciutat Vella,1,el Raval,5,1013,..,2,10
2010,1,Ciutat Vella,1,el Raval,5,1013,..,2,11
2010,1,Ciutat Vella,1,el Raval,5,1013,..,2,12
2010,1,Ciutat Vella,1,el Raval,5,1013,..,2,13
2010,1,Ciutat Vella,1,el Raval,6,1014,7,1,0
2010,1,Ciutat Vella,1,el Raval,6,1014,..,1,1
2010,1,Ciutat Vella,1,el Raval,6,1014,..,1,2
2010,1,Ciutat Vella,1,el Raval,6,1014,..,1,3
2010,1,Ciutat Vella,1,el Raval,6,1014,11,1,4
2010,1,Ciutat Vella,1,el Raval,6,1014,22,1,5
2010,1,Ciutat Vella,1,el Raval,6,1014,17,1,6
2010,1,Ciutat Vella,1,el Raval,6,1014,6,1,7
2010,1,Ciutat Vella,1,el Raval,6,1014,7,1,8
2010,1,Ciutat Vella,1,el Raval,6,1014,..,1,9
2010,1,Ciutat Vella,1,el Raval,6,1014,..,1,10
2010,1,Ciutat Vella,1,el Raval,6,1014,..,1,14
2010,1,Ciutat Vella,1,el Raval,6,1014,..,1,15
2010,1,Ciutat Vella,1,el Raval,6,1014,5,2,0
2010,1,Ciutat Vella,1,el Raval,6,1014,..,2,1
2010,1,Ciutat Vella,1,el Raval,6,1014,..,2,2
2010,1,Ciutat Vella,1,el Raval,6,1014,9,2,3
2010,1,Ciutat Vella,1,el Raval,6,1014,14,2,4
2010,1,Ciutat Vella,1,el Raval,6,1014,23,2,5
2010,1,Ciutat Vella,1,el Raval,6,1014,17,2,6
2010,1,Ciutat Vella,1,el Raval,6,1014,15,2,7
2010,1,Ciutat Vella,1,el Raval,6,1014,7,2,8
2010,1,Ciutat Vella,1,el Raval,6,1014,9,2,9
2010,1,Ciutat Vella,1,el Raval,6,1014,..,2,10
2010,1,Ciutat Vella,1,el Raval,6,1015,5,1,0
2010,1,Ciutat Vella,1,el Raval,6,1015,5,1,1
2010,1,Ciutat Vella,1,el Raval,6,1015,7,1,2
2010,1,Ciutat Vella,1,el Raval,6,1015,..,1,3
2010,1,Ciutat Vella,1,el Raval,6,1015,18,1,4
2010,1,Ciutat Vella,1,el Raval,6,1015,26,1,5
2010,1,Ciutat Vella,1,el Raval,6,1015,17,1,6
2010,1,Ciutat Vella,1,el Raval,6,1015,8,1,7
2010,1,Ciutat Vella,1,el Raval,6,1015,..,1,8
2010,1,Ciutat Vella,1,el Raval,6,1015,9,1,9
2010,1,Ciutat Vella,1,el Raval,6,1015,..,1,10
2010,1,Ciutat Vella,1,el Raval,6,1015,..,1,11
2010,1,Ciutat Vella,1,el Raval,6,1015,..,1,13
2010,1,Ciutat Vella,1,el Raval,6,1015,7,2,0
2010,1,Ciutat Vella,1,el Raval,6,1015,..,2,1
2010,1,Ciutat Vella,1,el Raval,6,1015,..,2,2
2010,1,Ciutat Vella,1,el Raval,6,1015,..,2,3
2010,1,Ciutat Vella,1,el Raval,6,1015,11,2,4
2010,1,Ciutat Vella,1,el Raval,6,1015,32,2,5
2010,1,Ciutat Vella,1,el Raval,6,1015,26,2,6
2010,1,Ciutat Vella,1,el Raval,6,1015,13,2,7
2010,1,Ciutat Vella,1,el Raval,6,1015,16,2,8
2010,1,Ciutat Vella,1,el Raval,6,1015,8,2,9
2010,1,Ciutat Vella,1,el Raval,6,1015,..,2,10
2010,1,Ciutat Vella,1,el Raval,6,1015,..,2,11
2010,1,Ciutat Vella,1,el Raval,6,1015,..,2,12
2010,1,Ciutat Vella,1,el Raval,6,1015,..,2,13
2010,1,Ciutat Vella,1,el Raval,6,1016,6,1,0
2010,1,Ciutat Vella,1,el Raval,6,1016,..,1,1
2010,1,Ciutat Vella,1,el Raval,6,1016,..,1,2
2010,1,Ciutat Vella,1,el Raval,6,1016,5,1,3
2010,1,Ciutat Vella,1,el Raval,6,1016,12,1,4
2010,1,Ciutat Vella,1,el Raval,6,1016,27,1,5
2010,1,Ciutat Vella,1,el Raval,6,1016,23,1,6
2010,1,Ciutat Vella,1,el Raval,6,1016,9,1,7
2010,1,Ciutat Vella,1,el Raval,6,1016,5,1,8
2010,1,Ciutat Vella,1,el Raval,6,1016,..,1,9
2010,1,Ciutat Vella,1,el Raval,6,1016,..,1,10
2010,1,Ciutat Vella,1,el Raval,6,1016,..,1,11
2010,1,Ciutat Vella,1,el Raval,6,1016,..,1,14
2010,1,Ciutat Vella,1,el Raval,6,1016,6,2,0
2010,1,Ciutat Vella,1,el Raval,6,1016,5,2,1
2010,1,Ciutat Vella,1,el Raval,6,1016,..,2,2
2010,1,Ciutat Vella,1,el Raval,6,1016,11,2,3
2010,1,Ciutat Vella,1,el Raval,6,1016,23,2,4
2010,1,Ciutat Vella,1,el Raval,6,1016,22,2,5
2010,1,Ciutat Vella,1,el Raval,6,1016,14,2,6
2010,1,Ciutat Vella,1,el Raval,6,1016,19,2,7
2010,1,Ciutat Vella,1,el Raval,6,1016,15,2,8
2010,1,Ciutat Vella,1,el Raval,6,1016,5,2,9
2010,1,Ciutat Vella,1,el Raval,6,1016,5,2,10
2010,1,Ciutat Vella,1,el Raval,6,1016,..,2,11
2010,1,Ciutat Vella,1,el Raval,6,1016,..,2,12
2010,1,Ciutat Vella,1,el Raval,6,1016,..,2,13
2010,1,Ciutat Vella,1,el Raval,6,1016,..,2,14
2010,1,Ciutat Vella,1,el Raval,6,1017,6,1,0
2010,1,Ciutat Vella,1,el Raval,6,1017,7,1,1
2010,1,Ciutat Vella,1,el Raval,6,1017,..,1,2
2010,1,Ciutat Vella,1,el Raval,6,1017,13,1,3
2010,1,Ciutat Vella,1,el Raval,6,1017,19,1,4
2010,1,Ciutat Vella,1,el Raval,6,1017,33,1,5
2010,1,Ciutat Vella,1,el Raval,6,1017,30,1,6
2010,1,Ciutat Vella,1,el Raval,6,1017,13,1,7
2010,1,Ciutat Vella,1,el Raval,6,1017,9,1,8
2010,1,Ciutat Vella,1,el Raval,6,1017,7,1,9
2010,1,Ciutat Vella,1,el Raval,6,1017,5,1,10
2010,1,Ciutat Vella,1,el Raval,6,1017,..,1,11
2010,1,Ciutat Vella,1,el Raval,6,1017,..,1,12
2010,1,Ciutat Vella,1,el Raval,6,1017,..,1,13
2010,1,Ciutat Vella,1,el Raval,6,1017,13,2,0
2010,1,Ciutat Vella,1,el Raval,6,1017,7,2,1
2010,1,Ciutat Vella,1,el Raval,6,1017,9,2,2
2010,1,Ciutat Vella,1,el Raval,6,1017,20,2,3
2010,1,Ciutat Vella,1,el Raval,6,1017,27,2,4
2010,1,Ciutat Vella,1,el Raval,6,1017,54,2,5
2010,1,Ciutat Vella,1,el Raval,6,1017,44,2,6
2010,1,Ciutat Vella,1,el Raval,6,1017,25,2,7
2010,1,Ciutat Vella,1,el Raval,6,1017,13,2,8
2010,1,Ciutat Vella,1,el Raval,6,1017,9,2,9
2010,1,Ciutat Vella,1,el Raval,6,1017,8,2,10
2010,1,Ciutat Vella,1,el Raval,6,1017,..,2,11
2010,1,Ciutat Vella,1,el Raval,6,1017,..,2,15
2010,1,Ciutat Vella,1,el Raval,7,1018,..,1,1
2010,1,Ciutat Vella,1,el Raval,7,1018,..,1,2
2010,1,Ciutat Vella,1,el Raval,7,1018,..,1,3
2010,1,Ciutat Vella,1,el Raval,7,1018,7,1,4
2010,1,Ciutat Vella,1,el Raval,7,1018,14,1,5
2010,1,Ciutat Vella,1,el Raval,7,1018,6,1,6
2010,1,Ciutat Vella,1,el Raval,7,1018,7,1,7
2010,1,Ciutat Vella,1,el Raval,7,1018,5,1,8
2010,1,Ciutat Vella,1,el Raval,7,1018,..,1,9
2010,1,Ciutat Vella,1,el Raval,7,1018,..,1,10
2010,1,Ciutat Vella,1,el Raval,7,1018,..,1,11
2010,1,Ciutat Vella,1,el Raval,7,1018,..,1,15
2010,1,Ciutat Vella,1,el Raval,7,1018,..,1,16
2010,1,Ciutat Vella,1,el Raval,7,1018,..,2,0
2010,1,Ciutat Vella,1,el Raval,7,1018,5,2,1
2010,1,Ciutat Vella,1,el Raval,7,1018,6,2,2
2010,1,Ciutat Vella,1,el Raval,7,1018,7,2,3
2010,1,Ciutat Vella,1,el Raval,7,1018,17,2,4
2010,1,Ciutat Vella,1,el Raval,7,1018,21,2,5
2010,1,Ciutat Vella,1,el Raval,7,1018,21,2,6
2010,1,Ciutat Vella,1,el Raval,7,1018,7,2,7
2010,1,Ciutat Vella,1,el Raval,7,1018,8,2,8
2010,1,Ciutat Vella,1,el Raval,7,1018,5,2,9
2010,1,Ciutat Vella,1,el Raval,7,1018,..,2,10
2010,1,Ciutat Vella,1,el Raval,7,1018,..,2,11
2010,1,Ciutat Vella,1,el Raval,7,1018,..,2,12
2010,1,Ciutat Vella,1,el Raval,7,1019,..,1,0
2010,1,Ciutat Vella,1,el Raval,7,1019,..,1,1
2010,1,Ciutat Vella,1,el Raval,7,1019,7,1,2
2010,1,Ciutat Vella,1,el Raval,7,1019,7,1,3
2010,1,Ciutat Vella,1,el Raval,7,1019,30,1,4
2010,1,Ciutat Vella,1,el Raval,7,1019,39,1,5
2010,1,Ciutat Vella,1,el Raval,7,1019,19,1,6
2010,1,Ciutat Vella,1,el Raval,7,1019,13,1,7
2010,1,Ciutat Vella,1,el Raval,7,1019,5,1,8
2010,1,Ciutat Vella,1,el Raval,7,1019,7,1,9
2010,1,Ciutat Vella,1,el Raval,7,1019,..,1,10
2010,1,Ciutat Vella,1,el Raval,7,1019,..,1,12
2010,1,Ciutat Vella,1,el Raval,7,1019,..,1,14
2010,1,Ciutat Vella,1,el Raval,7,1019,..,1,15
2010,1,Ciutat Vella,1,el Raval,7,1019,5,2,0
2010,1,Ciutat Vella,1,el Raval,7,1019,6,2,1
2010,1,Ciutat Vella,1,el Raval,7,1019,5,2,2
2010,1,Ciutat Vella,1,el Raval,7,1019,12,2,3
2010,1,Ciutat Vella,1,el Raval,7,1019,41,2,4
2010,1,Ciutat Vella,1,el Raval,7,1019,48,2,5
2010,1,Ciutat Vella,1,el Raval,7,1019,42,2,6
2010,1,Ciutat Vella,1,el Raval,7,1019,29,2,7
2010,1,Ciutat Vella,1,el Raval,7,1019,14,2,8
2010,1,Ciutat Vella,1,el Raval,7,1019,10,2,9
2010,1,Ciutat Vella,1,el Raval,7,1019,6,2,10
2010,1,Ciutat Vella,1,el Raval,7,1019,..,2,11
2010,1,Ciutat Vella,1,el Raval,7,1019,..,2,12
2010,1,Ciutat Vella,1,el Raval,7,1019,..,2,13
2010,1,Ciutat Vella,1,el Raval,7,1019,..,2,14
2010,1,Ciutat Vella,1,el Raval,7,1019,..,2,15
2010,1,Ciutat Vella,1,el Raval,7,1020,..,1,0
2010,1,Ciutat Vella,1,el Raval,7,1020,..,1,1
2010,1,Ciutat Vella,1,el Raval,7,1020,..,1,3
2010,1,Ciutat Vella,1,el Raval,7,1020,27,1,4
2010,1,Ciutat Vella,1,el Raval,7,1020,34,1,5
2010,1,Ciutat Vella,1,el Raval,7,1020,15,1,6
2010,1,Ciutat Vella,1,el Raval,7,1020,6,1,7
2010,1,Ciutat Vella,1,el Raval,7,1020,10,1,8
2010,1,Ciutat Vella,1,el Raval,7,1020,..,1,10
2010,1,Ciutat Vella,1,el Raval,7,1020,..,1,11
2010,1,Ciutat Vella,1,el Raval,7,1020,..,1,12
2010,1,Ciutat Vella,1,el Raval,7,1020,..,1,13
2010,1,Ciutat Vella,1,el Raval,7,1020,..,1,14
2010,1,Ciutat Vella,1,el Raval,7,1020,..,2,0
2010,1,Ciutat Vella,1,el Raval,7,1020,..,2,1
2010,1,Ciutat Vella,1,el Raval,7,1020,..,2,2
2010,1,Ciutat Vella,1,el Raval,7,1020,14,2,4
2010,1,Ciutat Vella,1,el Raval,7,1020,24,2,5
2010,1,Ciutat Vella,1,el Raval,7,1020,17,2,6
2010,1,Ciutat Vella,1,el Raval,7,1020,9,2,7
2010,1,Ciutat Vella,1,el Raval,7,1020,9,2,8
2010,1,Ciutat Vella,1,el Raval,7,1020,..,2,9
2010,1,Ciutat Vella,1,el Raval,7,1020,..,2,10
2010,1,Ciutat Vella,1,el Raval,7,1020,..,2,11
2010,1,Ciutat Vella,1,el Raval,7,1020,..,2,12
2010,1,Ciutat Vella,1,el Raval,8,1021,..,1,0
2010,1,Ciutat Vella,1,el Raval,8,1021,..,1,1
2010,1,Ciutat Vella,1,el Raval,8,1021,5,1,2
2010,1,Ciutat Vella,1,el Raval,8,1021,6,1,3
2010,1,Ciutat Vella,1,el Raval,8,1021,23,1,4
2010,1,Ciutat Vella,1,el Raval,8,1021,27,1,5
2010,1,Ciutat Vella,1,el Raval,8,1021,26,1,6
2010,1,Ciutat Vella,1,el Raval,8,1021,12,1,7
2010,1,Ciutat Vella,1,el Raval,8,1021,..,1,8
2010,1,Ciutat Vella,1,el Raval,8,1021,..,1,10
2010,1,Ciutat Vella,1,el Raval,8,1021,..,1,11
2010,1,Ciutat Vella,1,el Raval,8,1021,..,1,12
2010,1,Ciutat Vella,1,el Raval,8,1021,..,1,13
2010,1,Ciutat Vella,1,el Raval,8,1021,..,1,14
2010,1,Ciutat Vella,1,el Raval,8,1021,..,2,0
2010,1,Ciutat Vella,1,el Raval,8,1021,..,2,1
2010,1,Ciutat Vella,1,el Raval,8,1021,5,2,2
2010,1,Ciutat Vella,1,el Raval,8,1021,..,2,3
2010,1,Ciutat Vella,1,el Raval,8,1021,12,2,4
2010,1,Ciutat Vella,1,el Raval,8,1021,37,2,5
2010,1,Ciutat Vella,1,el Raval,8,1021,25,2,6
2010,1,Ciutat Vella,1,el Raval,8,1021,12,2,7
2010,1,Ciutat Vella,1,el Raval,8,1021,7,2,8
2010,1,Ciutat Vella,1,el Raval,8,1021,9,2,9
2010,1,Ciutat Vella,1,el Raval,8,1021,..,2,10
2010,1,Ciutat Vella,1,el Raval,8,1021,..,2,11
2010,1,Ciutat Vella,1,el Raval,8,1021,..,2,12
2010,1,Ciutat Vella,1,el Raval,8,1021,..,2,13
2010,1,Ciutat Vella,1,el Raval,8,1021,..,2,14
2010,1,Ciutat Vella,1,el Raval,8,1021,..,2,15
2010,1,Ciutat Vella,2,el Barri Gòtic,9,1022,..,1,0
2010,1,Ciutat Vella,2,el Barri Gòtic,9,1022,..,1,2
2010,1,Ciutat Vella,2,el Barri Gòtic,9,1022,..,1,3
2010,1,Ciutat Vella,2,el Barri Gòtic,9,1022,11,1,4
2010,1,Ciutat Vella,2,el Barri Gòtic,9,1022,7,1,5
2010,1,Ciutat Vella,2,el Barri Gòtic,9,1022,10,1,6
2010,1,Ciutat Vella,2,el Barri Gòtic,9,1022,8,1,7
2010,1,Ciutat Vella,2,el Barri Gòtic,9,1022,..,1,8
2010,1,Ciutat Vella,2,el Barri Gòtic,9,1022,..,1,9
2010,1,Ciutat Vella,2,el Barri Gòtic,9,1022,..,1,10
2010,1,Ciutat Vella,2,el Barri Gòtic,9,1022,..,1,12
2010,1,Ciutat Vella,2,el Barri Gòtic,9,1022,..,1,13
2010,1,Ciutat Vella,2,el Barri Gòtic,9,1022,..,2,1
2010,1,Ciutat Vella,2,el Barri Gòtic,9,1022,..,2,3
2010,1,Ciutat Vella,2,el Barri Gòtic,9,1022,12,2,4
2010,1,Ciutat Vella,2,el Barri Gòtic,9,1022,11,2,5
2010,1,Ciutat Vella,2,el Barri Gòtic,9,1022,11,2,6
2010,1,Ciutat Vella,2,el Barri Gòtic,9,1022,..,2,7
2010,1,Ciutat Vella,2,el Barri Gòtic,9,1022,..,2,8
2010,1,Ciutat Vella,2,el Barri Gòtic,9,1022,..,2,9
2010,1,Ciutat Vella,2,el Barri Gòtic,9,1022,..,2,10
2010,1,Ciutat Vella,2,el Barri Gòtic,9,1022,..,2,11
2010,1,Ciutat Vella,2,el Barri Gòtic,9,1022,..,2,12
2010,1,Ciutat Vella,2,el Barri Gòtic,9,1022,..,2,16
2010,1,Ciutat Vella,2,el Barri Gòtic,9,1023,..,1,0
2010,1,Ciutat Vella,2,el Barri Gòtic,9,1023,..,1,1
2010,1,Ciutat Vella,2,el Barri Gòtic,9,1023,..,1,2
2010,1,Ciutat Vella,2,el Barri Gòtic,9,1023,5,1,3
2010,1,Ciutat Vella,2,el Barri Gòtic,9,1023,18,1,4
2010,1,Ciutat Vella,2,el Barri Gòtic,9,1023,19,1,5
2010,1,Ciutat Vella,2,el Barri Gòtic,9,1023,14,1,6
2010,1,Ciutat Vella,2,el Barri Gòtic,9,1023,10,1,7
2010,1,Ciutat Vella,2,el Barri Gòtic,9,1023,..,1,8
2010,1,Ciutat Vella,2,el Barri Gòtic,9,1023,..,1,9
2010,1,Ciutat Vella,2,el Barri Gòtic,9,1023,..,1,10
2010,1,Ciutat Vella,2,el Barri Gòtic,9,1023,..,1,11
2010,1,Ciutat Vella,2,el Barri Gòtic,9,1023,..,1,12
2010,1,Ciutat Vella,2,el Barri Gòtic,9,1023,..,1,14
2010,1,Ciutat Vella,2,el Barri Gòtic,9,1023,..,1,15
2010,1,Ciutat Vella,2,el Barri Gòtic,9,1023,..,1,16
2010,1,Ciutat Vella,2,el Barri Gòtic,9,1023,..,2,0
2010,1,Ciutat Vella,2,el Barri Gòtic,9,1023,..,2,1
2010,1,Ciutat Vella,2,el Barri Gòtic,9,1023,..,2,2
2010,1,Ciutat Vella,2,el Barri Gòtic,9,1023,..,2,3
2010,1,Ciutat Vella,2,el Barri Gòtic,9,1023,16,2,4
2010,1,Ciutat Vella,2,el Barri Gòtic,9,1023,26,2,5
2010,1,Ciutat Vella,2,el Barri Gòtic,9,1023,21,2,6
2010,1,Ciutat Vella,2,el Barri Gòtic,9,1023,10,2,7
2010,1,Ciutat Vella,2,el Barri Gòtic,9,1023,..,2,8
2010,1,Ciutat Vella,2,el Barri Gòtic,9,1023,..,2,9
2010,1,Ciutat Vella,2,el Barri Gòtic,9,1023,..,2,10
2010,1,Ciutat Vella,2,el Barri Gòtic,9,1023,..,2,11
2010,1,Ciutat Vella,2,el Barri Gòtic,9,1023,..,2,12
2010,1,Ciutat Vella,2,el Barri Gòtic,10,1025,..,1,2
2010,1,Ciutat Vella,2,el Barri Gòtic,10,1025,..,1,3
2010,1,Ciutat Vella,2,el Barri Gòtic,10,1025,8,1,4
2010,1,Ciutat Vella,2,el Barri Gòtic,10,1025,24,1,5
2010,1,Ciutat Vella,2,el Barri Gòtic,10,1025,12,1,6
2010,1,Ciutat Vella,2,el Barri Gòtic,10,1025,..,1,7
2010,1,Ciutat Vella,2,el Barri Gòtic,10,1025,..,1,8
2010,1,Ciutat Vella,2,el Barri Gòtic,10,1025,..,1,9
2010,1,Ciutat Vella,2,el Barri Gòtic,10,1025,..,1,11
2010,1,Ciutat Vella,2,el Barri Gòtic,10,1025,..,1,12
2010,1,Ciutat Vella,2,el Barri Gòtic,10,1025,..,1,13
2010,1,Ciutat Vella,2,el Barri Gòtic,10,1025,..,2,0
2010,1,Ciutat Vella,2,el Barri Gòtic,10,1025,..,2,2
2010,1,Ciutat Vella,2,el Barri Gòtic,10,1025,7,2,4
2010,1,Ciutat Vella,2,el Barri Gòtic,10,1025,14,2,5
2010,1,Ciutat Vella,2,el Barri Gòtic,10,1025,16,2,6
2010,1,Ciutat Vella,2,el Barri Gòtic,10,1025,..,2,7
2010,1,Ciutat Vella,2,el Barri Gòtic,10,1025,..,2,8
2010,1,Ciutat Vella,2,el Barri Gòtic,10,1025,..,2,9
2010,1,Ciutat Vella,2,el Barri Gòtic,10,1025,..,2,10
2010,1,Ciutat Vella,2,el Barri Gòtic,10,1025,..,2,14
2010,1,Ciutat Vella,2,el Barri Gòtic,10,1025,..,2,16
2010,1,Ciutat Vella,2,el Barri Gòtic,10,1026,..,1,0
2010,1,Ciutat Vella,2,el Barri Gòtic,10,1026,..,1,1
2010,1,Ciutat Vella,2,el Barri Gòtic,10,1026,..,1,2
2010,1,Ciutat Vella,2,el Barri Gòtic,10,1026,5,1,3
2010,1,Ciutat Vella,2,el Barri Gòtic,10,1026,36,1,4
2010,1,Ciutat Vella,2,el Barri Gòtic,10,1026,36,1,5
2010,1,Ciutat Vella,2,el Barri Gòtic,10,1026,35,1,6
2010,1,Ciutat Vella,2,el Barri Gòtic,10,1026,23,1,7
2010,1,Ciutat Vella,2,el Barri Gòtic,10,1026,15,1,8
2010,1,Ciutat Vella,2,el Barri Gòtic,10,1026,8,1,9
2010,1,Ciutat Vella,2,el Barri Gòtic,10,1026,9,1,10
2010,1,Ciutat Vella,2,el Barri Gòtic,10,1026,..,1,11
2010,1,Ciutat Vella,2,el Barri Gòtic,10,1026,..,1,12
2010,1,Ciutat Vella,2,el Barri Gòtic,10,1026,..,1,13
2010,1,Ciutat Vella,2,el Barri Gòtic,10,1026,5,2,0
2010,1,Ciutat Vella,2,el Barri Gòtic,10,1026,..,2,1
2010,1,Ciutat Vella,2,el Barri Gòtic,10,1026,..,2,2
2010,1,Ciutat Vella,2,el Barri Gòtic,10,1026,18,2,3
2010,1,Ciutat Vella,2,el Barri Gòtic,10,1026,104,2,4
2010,1,Ciutat Vella,2,el Barri Gòtic,10,1026,142,2,5
2010,1,Ciutat Vella,2,el Barri Gòtic,10,1026,93,2,6
2010,1,Ciutat Vella,2,el Barri Gòtic,10,1026,67,2,7
2010,1,Ciutat Vella,2,el Barri Gòtic,10,1026,35,2,8
2010,1,Ciutat Vella,2,el Barri Gòtic,10,1026,25,2,9
2010,1,Ciutat Vella,2,el Barri Gòtic,10,1026,13,2,10
2010,1,Ciutat Vella,2,el Barri Gòtic,10,1026,9,2,11
2010,1,Ciutat Vella,2,el Barri Gòtic,10,1026,..,2,12
2010,1,Ciutat Vella,2,el Barri Gòtic,10,1026,..,2,13
2010,1,Ciutat Vella,2,el Barri Gòtic,10,1026,..,2,15
2010,1,Ciutat Vella,2,el Barri Gòtic,10,1027,..,1,0
2010,1,Ciutat Vella,2,el Barri Gòtic,10,1027,..,1,1
2010,1,Ciutat Vella,2,el Barri Gòtic,10,1027,..,1,2
2010,1,Ciutat Vella,2,el Barri Gòtic,10,1027,..,1,3
2010,1,Ciutat Vella,2,el Barri Gòtic,10,1027,14,1,4
2010,1,Ciutat Vella,2,el Barri Gòtic,10,1027,19,1,5
2010,1,Ciutat Vella,2,el Barri Gòtic,10,1027,9,1,6
2010,1,Ciutat Vella,2,el Barri Gòtic,10,1027,7,1,7
2010,1,Ciutat Vella,2,el Barri Gòtic,10,1027,..,1,8
2010,1,Ciutat Vella,2,el Barri Gòtic,10,1027,..,1,9
2010,1,Ciutat Vella,2,el Barri Gòtic,10,1027,..,1,10
2010,1,Ciutat Vella,2,el Barri Gòtic,10,1027,..,1,11
2010,1,Ciutat Vella,2,el Barri Gòtic,10,1027,..,1,12
2010,1,Ciutat Vella,2,el Barri Gòtic,10,1027,..,1,13
2010,1,Ciutat Vella,2,el Barri Gòtic,10,1027,6,2,0
2010,1,Ciutat Vella,2,el Barri Gòtic,10,1027,..,2,1
2010,1,Ciutat Vella,2,el Barri Gòtic,10,1027,..,2,2
2010,1,Ciutat Vella,2,el Barri Gòtic,10,1027,..,2,3
2010,1,Ciutat Vella,2,el Barri Gòtic,10,1027,17,2,4
2010,1,Ciutat Vella,2,el Barri Gòtic,10,1027,33,2,5
2010,1,Ciutat Vella,2,el Barri Gòtic,10,1027,18,2,6
2010,1,Ciutat Vella,2,el Barri Gòtic,10,1027,13,2,7
2010,1,Ciutat Vella,2,el Barri Gòtic,10,1027,..,2,8
2010,1,Ciutat Vella,2,el Barri Gòtic,10,1027,..,2,9
2010,1,Ciutat Vella,2,el Barri Gòtic,10,1027,..,2,10
2010,1,Ciutat Vella,2,el Barri Gòtic,10,1027,..,2,12
2010,1,Ciutat Vella,2,el Barri Gòtic,10,1027,..,2,15
2010,1,Ciutat Vella,2,el Barri Gòtic,11,1028,..,1,0
2010,1,Ciutat Vella,2,el Barri Gòtic,11,1028,..,1,1
2010,1,Ciutat Vella,2,el Barri Gòtic,11,1028,..,1,2
2010,1,Ciutat Vella,2,el Barri Gòtic,11,1028,..,1,3
2010,1,Ciutat Vella,2,el Barri Gòtic,11,1028,18,1,4
2010,1,Ciutat Vella,2,el Barri Gòtic,11,1028,29,1,5
2010,1,Ciutat Vella,2,el Barri Gòtic,11,1028,12,1,6
2010,1,Ciutat Vella,2,el Barri Gòtic,11,1028,9,1,7
2010,1,Ciutat Vella,2,el Barri Gòtic,11,1028,..,1,8
2010,1,Ciutat Vella,2,el Barri Gòtic,11,1028,..,1,9
2010,1,Ciutat Vella,2,el Barri Gòtic,11,1028,..,1,10
2010,1,Ciutat Vella,2,el Barri Gòtic,11,1028,..,1,11
2010,1,Ciutat Vella,2,el Barri Gòtic,11,1028,..,1,13
2010,1,Ciutat Vella,2,el Barri Gòtic,11,1028,..,1,14
2010,1,Ciutat Vella,2,el Barri Gòtic,11,1028,..,1,16
2010,1,Ciutat Vella,2,el Barri Gòtic,11,1028,..,2,2
2010,1,Ciutat Vella,2,el Barri Gòtic,11,1028,15,2,4
2010,1,Ciutat Vella,2,el Barri Gòtic,11,1028,40,2,5
2010,1,Ciutat Vella,2,el Barri Gòtic,11,1028,26,2,6
2010,1,Ciutat Vella,2,el Barri Gòtic,11,1028,17,2,7
2010,1,Ciutat Vella,2,el Barri Gòtic,11,1028,9,2,8
2010,1,Ciutat Vella,2,el Barri Gòtic,11,1028,..,2,9
2010,1,Ciutat Vella,2,el Barri Gòtic,11,1028,..,2,10
2010,1,Ciutat Vella,2,el Barri Gòtic,11,1028,..,2,11
2010,1,Ciutat Vella,2,el Barri Gòtic,11,1028,..,2,12
2010,1,Ciutat Vella,2,el Barri Gòtic,11,1029,5,1,0
2010,1,Ciutat Vella,2,el Barri Gòtic,11,1029,..,1,1
2010,1,Ciutat Vella,2,el Barri Gòtic,11,1029,..,1,3
2010,1,Ciutat Vella,2,el Barri Gòtic,11,1029,18,1,4
2010,1,Ciutat Vella,2,el Barri Gòtic,11,1029,33,1,5
2010,1,Ciutat Vella,2,el Barri Gòtic,11,1029,13,1,6
2010,1,Ciutat Vella,2,el Barri Gòtic,11,1029,10,1,7
2010,1,Ciutat Vella,2,el Barri Gòtic,11,1029,6,1,8
2010,1,Ciutat Vella,2,el Barri Gòtic,11,1029,..,1,9
2010,1,Ciutat Vella,2,el Barri Gòtic,11,1029,..,1,11
2010,1,Ciutat Vella,2,el Barri Gòtic,11,1029,..,1,13
2010,1,Ciutat Vella,2,el Barri Gòtic,11,1029,..,1,15
2010,1,Ciutat Vella,2,el Barri Gòtic,11,1029,..,1,16
2010,1,Ciutat Vella,2,el Barri Gòtic,11,1029,..,2,0
2010,1,Ciutat Vella,2,el Barri Gòtic,11,1029,..,2,1
2010,1,Ciutat Vella,2,el Barri Gòtic,11,1029,..,2,2
2010,1,Ciutat Vella,2,el Barri Gòtic,11,1029,8,2,3
2010,1,Ciutat Vella,2,el Barri Gòtic,11,1029,17,2,4
2010,1,Ciutat Vella,2,el Barri Gòtic,11,1029,23,2,5
2010,1,Ciutat Vella,2,el Barri Gòtic,11,1029,22,2,6
2010,1,Ciutat Vella,2,el Barri Gòtic,11,1029,13,2,7
2010,1,Ciutat Vella,2,el Barri Gòtic,11,1029,9,2,8
2010,1,Ciutat Vella,2,el Barri Gòtic,11,1029,..,2,9
2010,1,Ciutat Vella,2,el Barri Gòtic,11,1029,..,2,10
2010,1,Ciutat Vella,2,el Barri Gòtic,11,1029,..,2,11
2010,1,Ciutat Vella,2,el Barri Gòtic,11,1029,..,2,12
2010,1,Ciutat Vella,2,el Barri Gòtic,11,1029,..,2,14
2010,1,Ciutat Vella,2,el Barri Gòtic,12,1030,..,1,0
2010,1,Ciutat Vella,2,el Barri Gòtic,12,1030,..,1,1
2010,1,Ciutat Vella,2,el Barri Gòtic,12,1030,5,1,2
2010,1,Ciutat Vella,2,el Barri Gòtic,12,1030,5,1,3
2010,1,Ciutat Vella,2,el Barri Gòtic,12,1030,27,1,4
2010,1,Ciutat Vella,2,el Barri Gòtic,12,1030,32,1,5
2010,1,Ciutat Vella,2,el Barri Gòtic,12,1030,17,1,6
2010,1,Ciutat Vella,2,el Barri Gòtic,12,1030,9,1,7
2010,1,Ciutat Vella,2,el Barri Gòtic,12,1030,..,1,8
2010,1,Ciutat Vella,2,el Barri Gòtic,12,1030,..,1,9
2010,1,Ciutat Vella,2,el Barri Gòtic,12,1030,..,1,10
2010,1,Ciutat Vella,2,el Barri Gòtic,12,1030,..,1,12
2010,1,Ciutat Vella,2,el Barri Gòtic,12,1030,..,1,15
2010,1,Ciutat Vella,2,el Barri Gòtic,12,1030,..,1,16
2010,1,Ciutat Vella,2,el Barri Gòtic,12,1030,..,1,17
2010,1,Ciutat Vella,2,el Barri Gòtic,12,1030,6,2,0
2010,1,Ciutat Vella,2,el Barri Gòtic,12,1030,..,2,1
2010,1,Ciutat Vella,2,el Barri Gòtic,12,1030,..,2,2
2010,1,Ciutat Vella,2,el Barri Gòtic,12,1030,7,2,3
2010,1,Ciutat Vella,2,el Barri Gòtic,12,1030,22,2,4
2010,1,Ciutat Vella,2,el Barri Gòtic,12,1030,45,2,5
2010,1,Ciutat Vella,2,el Barri Gòtic,12,1030,31,2,6
2010,1,Ciutat Vella,2,el Barri Gòtic,12,1030,15,2,7
2010,1,Ciutat Vella,2,el Barri Gòtic,12,1030,11,2,8
2010,1,Ciutat Vella,2,el Barri Gòtic,12,1030,5,2,9
2010,1,Ciutat Vella,2,el Barri Gòtic,12,1030,5,2,10
2010,1,Ciutat Vella,2,el Barri Gòtic,12,1030,5,2,11
2010,1,Ciutat Vella,2,el Barri Gòtic,12,1030,..,2,13
2010,1,Ciutat Vella,2,el Barri Gòtic,12,1031,..,1,0
2010,1,Ciutat Vella,2,el Barri Gòtic,12,1031,..,1,2
2010,1,Ciutat Vella,2,el Barri Gòtic,12,1031,..,1,3
2010,1,Ciutat Vella,2,el Barri Gòtic,12,1031,25,1,4
2010,1,Ciutat Vella,2,el Barri Gòtic,12,1031,42,1,5
2010,1,Ciutat Vella,2,el Barri Gòtic,12,1031,16,1,6
2010,1,Ciutat Vella,2,el Barri Gòtic,12,1031,6,1,7
2010,1,Ciutat Vella,2,el Barri Gòtic,12,1031,..,1,8
2010,1,Ciutat Vella,2,el Barri Gòtic,12,1031,6,1,9
2010,1,Ciutat Vella,2,el Barri Gòtic,12,1031,..,1,10
2010,1,Ciutat Vella,2,el Barri Gòtic,12,1031,..,1,11
2010,1,Ciutat Vella,2,el Barri Gòtic,12,1031,..,1,12
2010,1,Ciutat Vella,2,el Barri Gòtic,12,1031,..,1,16
2010,1,Ciutat Vella,2,el Barri Gòtic,12,1031,..,2,0
2010,1,Ciutat Vella,2,el Barri Gòtic,12,1031,..,2,1
2010,1,Ciutat Vella,2,el Barri Gòtic,12,1031,..,2,2
2010,1,Ciutat Vella,2,el Barri Gòtic,12,1031,7,2,3
2010,1,Ciutat Vella,2,el Barri Gòtic,12,1031,23,2,4
2010,1,Ciutat Vella,2,el Barri Gòtic,12,1031,46,2,5
2010,1,Ciutat Vella,2,el Barri Gòtic,12,1031,20,2,6
2010,1,Ciutat Vella,2,el Barri Gòtic,12,1031,19,2,7
2010,1,Ciutat Vella,2,el Barri Gòtic,12,1031,9,2,8
2010,1,Ciutat Vella,2,el Barri Gòtic,12,1031,6,2,9
2010,1,Ciutat Vella,2,el Barri Gòtic,12,1031,..,2,10
2010,1,Ciutat Vella,2,el Barri Gòtic,12,1031,..,2,11
2010,1,Ciutat Vella,2,el Barri Gòtic,12,1031,..,2,12
2010,1,Ciutat Vella,3,la Barceloneta,13,1032,..,1,0
2010,1,Ciutat Vella,3,la Barceloneta,13,1032,..,1,1
2010,1,Ciutat Vella,3,la Barceloneta,13,1032,6,1,2
2010,1,Ciutat Vella,3,la Barceloneta,13,1032,..,1,3
2010,1,Ciutat Vella,3,la Barceloneta,13,1032,14,1,4
2010,1,Ciutat Vella,3,la Barceloneta,13,1032,20,1,5
2010,1,Ciutat Vella,3,la Barceloneta,13,1032,22,1,6
2010,1,Ciutat Vella,3,la Barceloneta,13,1032,5,1,7
2010,1,Ciutat Vella,3,la Barceloneta,13,1032,6,1,8
2010,1,Ciutat Vella,3,la Barceloneta,13,1032,..,1,10
2010,1,Ciutat Vella,3,la Barceloneta,13,1032,..,1,11
2010,1,Ciutat Vella,3,la Barceloneta,13,1032,..,1,12
2010,1,Ciutat Vella,3,la Barceloneta,13,1032,..,1,13
2010,1,Ciutat Vella,3,la Barceloneta,13,1032,5,2,0
2010,1,Ciutat Vella,3,la Barceloneta,13,1032,..,2,1
2010,1,Ciutat Vella,3,la Barceloneta,13,1032,..,2,2
2010,1,Ciutat Vella,3,la Barceloneta,13,1032,6,2,3
2010,1,Ciutat Vella,3,la Barceloneta,13,1032,16,2,4
2010,1,Ciutat Vella,3,la Barceloneta,13,1032,30,2,5
2010,1,Ciutat Vella,3,la Barceloneta,13,1032,18,2,6
2010,1,Ciutat Vella,3,la Barceloneta,13,1032,13,2,7
2010,1,Ciutat Vella,3,la Barceloneta,13,1032,9,2,8
2010,1,Ciutat Vella,3,la Barceloneta,13,1032,..,2,9
2010,1,Ciutat Vella,3,la Barceloneta,13,1032,..,2,10
2010,1,Ciutat Vella,3,la Barceloneta,13,1032,..,2,11
2010,1,Ciutat Vella,3,la Barceloneta,13,1032,..,2,12
2010,1,Ciutat Vella,3,la Barceloneta,13,1032,..,2,13
2010,1,Ciutat Vella,3,la Barceloneta,13,1033,5,1,0
2010,1,Ciutat Vella,3,la Barceloneta,13,1033,..,1,1
2010,1,Ciutat Vella,3,la Barceloneta,13,1033,..,1,3
2010,1,Ciutat Vella,3,la Barceloneta,13,1033,7,1,4
2010,1,Ciutat Vella,3,la Barceloneta,13,1033,13,1,5
2010,1,Ciutat Vella,3,la Barceloneta,13,1033,10,1,6
2010,1,Ciutat Vella,3,la Barceloneta,13,1033,..,1,7
2010,1,Ciutat Vella,3,la Barceloneta,13,1033,..,1,10
2010,1,Ciutat Vella,3,la Barceloneta,13,1033,..,1,11
2010,1,Ciutat Vella,3,la Barceloneta,13,1033,..,1,12
2010,1,Ciutat Vella,3,la Barceloneta,13,1033,..,1,13
2010,1,Ciutat Vella,3,la Barceloneta,13,1033,..,1,16
2010,1,Ciutat Vella,3,la Barceloneta,13,1033,5,2,0
2010,1,Ciutat Vella,3,la Barceloneta,13,1033,..,2,1
2010,1,Ciutat Vella,3,la Barceloneta,13,1033,..,2,3
2010,1,Ciutat Vella,3,la Barceloneta,13,1033,6,2,4
2010,1,Ciutat Vella,3,la Barceloneta,13,1033,17,2,5
2010,1,Ciutat Vella,3,la Barceloneta,13,1033,10,2,6
2010,1,Ciutat Vella,3,la Barceloneta,13,1033,7,2,7
2010,1,Ciutat Vella,3,la Barceloneta,13,1033,..,2,9
2010,1,Ciutat Vella,3,la Barceloneta,13,1033,..,2,10
2010,1,Ciutat Vella,3,la Barceloneta,13,1033,..,2,11
2010,1,Ciutat Vella,3,la Barceloneta,13,1033,..,2,13
2010,1,Ciutat Vella,3,la Barceloneta,13,1034,..,1,1
2010,1,Ciutat Vella,3,la Barceloneta,13,1034,..,1,3
2010,1,Ciutat Vella,3,la Barceloneta,13,1034,..,1,4
2010,1,Ciutat Vella,3,la Barceloneta,13,1034,11,1,5
2010,1,Ciutat Vella,3,la Barceloneta,13,1034,14,1,6
2010,1,Ciutat Vella,3,la Barceloneta,13,1034,5,1,7
2010,1,Ciutat Vella,3,la Barceloneta,13,1034,..,1,8
2010,1,Ciutat Vella,3,la Barceloneta,13,1034,..,1,9
2010,1,Ciutat Vella,3,la Barceloneta,13,1034,..,1,10
2010,1,Ciutat Vella,3,la Barceloneta,13,1034,..,1,11
2010,1,Ciutat Vella,3,la Barceloneta,13,1034,..,1,12
2010,1,Ciutat Vella,3,la Barceloneta,13,1034,..,1,13
2010,1,Ciutat Vella,3,la Barceloneta,13,1034,..,1,15
2010,1,Ciutat Vella,3,la Barceloneta,13,1034,..,2,0
2010,1,Ciutat Vella,3,la Barceloneta,13,1034,..,2,3
2010,1,Ciutat Vella,3,la Barceloneta,13,1034,7,2,4
2010,1,Ciutat Vella,3,la Barceloneta,13,1034,9,2,5
2010,1,Ciutat Vella,3,la Barceloneta,13,1034,8,2,6
2010,1,Ciutat Vella,3,la Barceloneta,13,1034,5,2,7
2010,1,Ciutat Vella,3,la Barceloneta,13,1034,..,2,8
2010,1,Ciutat Vella,3,la Barceloneta,13,1034,..,2,9
2010,1,Ciutat Vella,3,la Barceloneta,13,1034,..,2,10
2010,1,Ciutat Vella,3,la Barceloneta,13,1034,..,2,12
2010,1,Ciutat Vella,3,la Barceloneta,13,1034,..,2,13
2010,1,Ciutat Vella,3,la Barceloneta,14,1035,..,1,0
2010,1,Ciutat Vella,3,la Barceloneta,14,1035,..,1,1
2010,1,Ciutat Vella,3,la Barceloneta,14,1035,..,1,2
2010,1,Ciutat Vella,3,la Barceloneta,14,1035,..,1,3
2010,1,Ciutat Vella,3,la Barceloneta,14,1035,8,1,4
2010,1,Ciutat Vella,3,la Barceloneta,14,1035,20,1,5
2010,1,Ciutat Vella,3,la Barceloneta,14,1035,7,1,6
2010,1,Ciutat Vella,3,la Barceloneta,14,1035,6,1,7
2010,1,Ciutat Vella,3,la Barceloneta,14,1035,..,1,8
2010,1,Ciutat Vella,3,la Barceloneta,14,1035,..,1,9
2010,1,Ciutat Vella,3,la Barceloneta,14,1035,..,1,11
2010,1,Ciutat Vella,3,la Barceloneta,14,1035,..,1,12
2010,1,Ciutat Vella,3,la Barceloneta,14,1035,..,1,13
2010,1,Ciutat Vella,3,la Barceloneta,14,1035,..,1,14
2010,1,Ciutat Vella,3,la Barceloneta,14,1035,..,2,0
2010,1,Ciutat Vella,3,la Barceloneta,14,1035,..,2,2
2010,1,Ciutat Vella,3,la Barceloneta,14,1035,..,2,3
2010,1,Ciutat Vella,3,la Barceloneta,14,1035,9,2,4
2010,1,Ciutat Vella,3,la Barceloneta,14,1035,15,2,5
2010,1,Ciutat Vella,3,la Barceloneta,14,1035,17,2,6
2010,1,Ciutat Vella,3,la Barceloneta,14,1035,11,2,7
2010,1,Ciutat Vella,3,la Barceloneta,14,1035,..,2,8
2010,1,Ciutat Vella,3,la Barceloneta,14,1035,..,2,9
2010,1,Ciutat Vella,3,la Barceloneta,14,1035,..,2,10
2010,1,Ciutat Vella,3,la Barceloneta,14,1035,..,2,11
2010,1,Ciutat Vella,3,la Barceloneta,14,1035,..,2,12
2010,1,Ciutat Vella,3,la Barceloneta,14,1035,..,2,15
2010,1,Ciutat Vella,3,la Barceloneta,14,1036,..,1,0
2010,1,Ciutat Vella,3,la Barceloneta,14,1036,..,1,2
2010,1,Ciutat Vella,3,la Barceloneta,14,1036,..,1,3
2010,1,Ciutat Vella,3,la Barceloneta,14,1036,9,1,4
2010,1,Ciutat Vella,3,la Barceloneta,14,1036,9,1,5
2010,1,Ciutat Vella,3,la Barceloneta,14,1036,5,1,6
2010,1,Ciutat Vella,3,la Barceloneta,14,1036,..,1,7
2010,1,Ciutat Vella,3,la Barceloneta,14,1036,..,1,8
2010,1,Ciutat Vella,3,la Barceloneta,14,1036,..,1,9
2010,1,Ciutat Vella,3,la Barceloneta,14,1036,..,1,10
2010,1,Ciutat Vella,3,la Barceloneta,14,1036,..,1,11
2010,1,Ciutat Vella,3,la Barceloneta,14,1036,..,1,12
2010,1,Ciutat Vella,3,la Barceloneta,14,1036,..,1,16
2010,1,Ciutat Vella,3,la Barceloneta,14,1036,..,2,0
2010,1,Ciutat Vella,3,la Barceloneta,14,1036,..,2,1
2010,1,Ciutat Vella,3,la Barceloneta,14,1036,11,2,4
2010,1,Ciutat Vella,3,la Barceloneta,14,1036,8,2,5
2010,1,Ciutat Vella,3,la Barceloneta,14,1036,9,2,6
2010,1,Ciutat Vella,3,la Barceloneta,14,1036,5,2,7
2010,1,Ciutat Vella,3,la Barceloneta,14,1036,..,2,8
2010,1,Ciutat Vella,3,la Barceloneta,14,1036,..,2,9
2010,1,Ciutat Vella,3,la Barceloneta,14,1036,..,2,10
2010,1,Ciutat Vella,3,la Barceloneta,14,1036,..,2,12
2010,1,Ciutat Vella,3,la Barceloneta,14,1036,..,2,15
2010,1,Ciutat Vella,3,la Barceloneta,15,1037,..,1,0
2010,1,Ciutat Vella,3,la Barceloneta,15,1037,..,1,3
2010,1,Ciutat Vella,3,la Barceloneta,15,1037,5,1,4
2010,1,Ciutat Vella,3,la Barceloneta,15,1037,15,1,5
2010,1,Ciutat Vella,3,la Barceloneta,15,1037,..,1,6
2010,1,Ciutat Vella,3,la Barceloneta,15,1037,..,1,7
2010,1,Ciutat Vella,3,la Barceloneta,15,1037,..,1,8
2010,1,Ciutat Vella,3,la Barceloneta,15,1037,..,1,9
2010,1,Ciutat Vella,3,la Barceloneta,15,1037,..,1,10
2010,1,Ciutat Vella,3,la Barceloneta,15,1037,..,1,11
2010,1,Ciutat Vella,3,la Barceloneta,15,1037,..,2,0
2010,1,Ciutat Vella,3,la Barceloneta,15,1037,..,2,3
2010,1,Ciutat Vella,3,la Barceloneta,15,1037,..,2,4
2010,1,Ciutat Vella,3,la Barceloneta,15,1037,5,2,5
2010,1,Ciutat Vella,3,la Barceloneta,15,1037,7,2,6
2010,1,Ciutat Vella,3,la Barceloneta,15,1037,..,2,7
2010,1,Ciutat Vella,3,la Barceloneta,15,1037,..,2,8
2010,1,Ciutat Vella,3,la Barceloneta,15,1037,..,2,9
2010,1,Ciutat Vella,3,la Barceloneta,15,1037,..,2,10
2010,1,Ciutat Vella,3,la Barceloneta,15,1037,..,2,12
2010,1,Ciutat Vella,3,la Barceloneta,15,1037,..,2,13
2010,1,Ciutat Vella,3,la Barceloneta,15,1038,5,1,0
2010,1,Ciutat Vella,3,la Barceloneta,15,1038,..,1,1
2010,1,Ciutat Vella,3,la Barceloneta,15,1038,..,1,2
2010,1,Ciutat Vella,3,la Barceloneta,15,1038,..,1,3
2010,1,Ciutat Vella,3,la Barceloneta,15,1038,16,1,4
2010,1,Ciutat Vella,3,la Barceloneta,15,1038,23,1,5
2010,1,Ciutat Vella,3,la Barceloneta,15,1038,13,1,6
2010,1,Ciutat Vella,3,la Barceloneta,15,1038,..,1,7
2010,1,Ciutat Vella,3,la Barceloneta,15,1038,6,1,8
2010,1,Ciutat Vella,3,la Barceloneta,15,1038,..,1,9
2010,1,Ciutat Vella,3,la Barceloneta,15,1038,..,1,10
2010,1,Ciutat Vella,3,la Barceloneta,15,1038,..,1,12
2010,1,Ciutat Vella,3,la Barceloneta,15,1038,..,1,16
2010,1,Ciutat Vella,3,la Barceloneta,15,1038,..,2,0
2010,1,Ciutat Vella,3,la Barceloneta,15,1038,..,2,1
2010,1,Ciutat Vella,3,la Barceloneta,15,1038,..,2,2
2010,1,Ciutat Vella,3,la Barceloneta,15,1038,..,2,3
2010,1,Ciutat Vella,3,la Barceloneta,15,1038,14,2,4
2010,1,Ciutat Vella,3,la Barceloneta,15,1038,17,2,5
2010,1,Ciutat Vella,3,la Barceloneta,15,1038,26,2,6
2010,1,Ciutat Vella,3,la Barceloneta,15,1038,14,2,7
2010,1,Ciutat Vella,3,la Barceloneta,15,1038,7,2,8
2010,1,Ciutat Vella,3,la Barceloneta,15,1038,7,2,9
2010,1,Ciutat Vella,3,la Barceloneta,15,1038,..,2,10
2010,1,Ciutat Vella,3,la Barceloneta,15,1038,..,2,12
2010,1,Ciutat Vella,3,la Barceloneta,15,1038,..,2,13
2010,1,Ciutat Vella,3,la Barceloneta,15,1039,..,1,0
2010,1,Ciutat Vella,3,la Barceloneta,15,1039,..,1,2
2010,1,Ciutat Vella,3,la Barceloneta,15,1039,8,1,4
2010,1,Ciutat Vella,3,la Barceloneta,15,1039,13,1,5
2010,1,Ciutat Vella,3,la Barceloneta,15,1039,9,1,6
2010,1,Ciutat Vella,3,la Barceloneta,15,1039,..,1,7
2010,1,Ciutat Vella,3,la Barceloneta,15,1039,..,1,8
2010,1,Ciutat Vella,3,la Barceloneta,15,1039,..,1,9
2010,1,Ciutat Vella,3,la Barceloneta,15,1039,..,1,11
2010,1,Ciutat Vella,3,la Barceloneta,15,1039,..,1,12
2010,1,Ciutat Vella,3,la Barceloneta,15,1039,..,1,16
2010,1,Ciutat Vella,3,la Barceloneta,15,1039,..,2,0
2010,1,Ciutat Vella,3,la Barceloneta,15,1039,..,2,1
2010,1,Ciutat Vella,3,la Barceloneta,15,1039,..,2,2
2010,1,Ciutat Vella,3,la Barceloneta,15,1039,5,2,4
2010,1,Ciutat Vella,3,la Barceloneta,15,1039,15,2,5
2010,1,Ciutat Vella,3,la Barceloneta,15,1039,12,2,6
2010,1,Ciutat Vella,3,la Barceloneta,15,1039,8,2,7
2010,1,Ciutat Vella,3,la Barceloneta,15,1039,7,2,8
2010,1,Ciutat Vella,3,la Barceloneta,15,1039,..,2,9
2010,1,Ciutat Vella,3,la Barceloneta,15,1039,..,2,11
2010,1,Ciutat Vella,3,la Barceloneta,15,1040,..,1,1
2010,1,Ciutat Vella,3,la Barceloneta,15,1040,..,1,3
2010,1,Ciutat Vella,3,la Barceloneta,15,1040,9,1,4
2010,1,Ciutat Vella,3,la Barceloneta,15,1040,6,1,5
2010,1,Ciutat Vella,3,la Barceloneta,15,1040,7,1,6
2010,1,Ciutat Vella,3,la Barceloneta,15,1040,..,1,7
2010,1,Ciutat Vella,3,la Barceloneta,15,1040,..,1,9
2010,1,Ciutat Vella,3,la Barceloneta,15,1040,..,1,10
2010,1,Ciutat Vella,3,la Barceloneta,15,1040,..,1,12
2010,1,Ciutat Vella,3,la Barceloneta,15,1040,..,2,2
2010,1,Ciutat Vella,3,la Barceloneta,15,1040,5,2,4
2010,1,Ciutat Vella,3,la Barceloneta,15,1040,17,2,5
2010,1,Ciutat Vella,3,la Barceloneta,15,1040,13,2,6
2010,1,Ciutat Vella,3,la Barceloneta,15,1040,..,2,7
2010,1,Ciutat Vella,3,la Barceloneta,15,1040,..,2,8
2010,1,Ciutat Vella,3,la Barceloneta,15,1040,..,2,9
2010,1,Ciutat Vella,3,la Barceloneta,15,1040,..,2,10
2010,1,Ciutat Vella,3,la Barceloneta,15,1040,..,2,11
2010,1,Ciutat Vella,3,la Barceloneta,15,1040,..,2,12
2010,1,Ciutat Vella,3,la Barceloneta,15,1040,..,2,13
2010,1,Ciutat Vella,3,la Barceloneta,15,1040,..,2,14
2010,1,Ciutat Vella,3,la Barceloneta,15,1041,6,1,0
2010,1,Ciutat Vella,3,la Barceloneta,15,1041,..,1,1
2010,1,Ciutat Vella,3,la Barceloneta,15,1041,..,1,3
2010,1,Ciutat Vella,3,la Barceloneta,15,1041,11,1,4
2010,1,Ciutat Vella,3,la Barceloneta,15,1041,34,1,5
2010,1,Ciutat Vella,3,la Barceloneta,15,1041,15,1,6
2010,1,Ciutat Vella,3,la Barceloneta,15,1041,7,1,7
2010,1,Ciutat Vella,3,la Barceloneta,15,1041,..,1,8
2010,1,Ciutat Vella,3,la Barceloneta,15,1041,..,1,9
2010,1,Ciutat Vella,3,la Barceloneta,15,1041,..,1,10
2010,1,Ciutat Vella,3,la Barceloneta,15,1041,..,1,11
2010,1,Ciutat Vella,3,la Barceloneta,15,1041,..,1,12
2010,1,Ciutat Vella,3,la Barceloneta,15,1041,..,1,15
2010,1,Ciutat Vella,3,la Barceloneta,15,1041,..,1,16
2010,1,Ciutat Vella,3,la Barceloneta,15,1041,..,1,17
2010,1,Ciutat Vella,3,la Barceloneta,15,1041,..,2,0
2010,1,Ciutat Vella,3,la Barceloneta,15,1041,..,2,1
2010,1,Ciutat Vella,3,la Barceloneta,15,1041,..,2,2
2010,1,Ciutat Vella,3,la Barceloneta,15,1041,7,2,3
2010,1,Ciutat Vella,3,la Barceloneta,15,1041,15,2,4
2010,1,Ciutat Vella,3,la Barceloneta,15,1041,20,2,5
2010,1,Ciutat Vella,3,la Barceloneta,15,1041,15,2,6
2010,1,Ciutat Vella,3,la Barceloneta,15,1041,16,2,7
2010,1,Ciutat Vella,3,la Barceloneta,15,1041,..,2,8
2010,1,Ciutat Vella,3,la Barceloneta,15,1041,5,2,9
2010,1,Ciutat Vella,3,la Barceloneta,15,1041,..,2,10
2010,1,Ciutat Vella,3,la Barceloneta,15,1041,..,2,12
2010,1,Ciutat Vella,3,la Barceloneta,15,1041,..,2,13
2010,1,Ciutat Vella,3,la Barceloneta,15,1042,..,1,0
2010,1,Ciutat Vella,3,la Barceloneta,15,1042,..,1,1
2010,1,Ciutat Vella,3,la Barceloneta,15,1042,..,1,3
2010,1,Ciutat Vella,3,la Barceloneta,15,1042,5,1,4
2010,1,Ciutat Vella,3,la Barceloneta,15,1042,7,1,5
2010,1,Ciutat Vella,3,la Barceloneta,15,1042,..,1,6
2010,1,Ciutat Vella,3,la Barceloneta,15,1042,..,1,7
2010,1,Ciutat Vella,3,la Barceloneta,15,1042,5,1,9
2010,1,Ciutat Vella,3,la Barceloneta,15,1042,..,1,10
2010,1,Ciutat Vella,3,la Barceloneta,15,1042,..,1,11
2010,1,Ciutat Vella,3,la Barceloneta,15,1042,..,1,12
2010,1,Ciutat Vella,3,la Barceloneta,15,1042,..,1,15
2010,1,Ciutat Vella,3,la Barceloneta,15,1042,..,2,0
2010,1,Ciutat Vella,3,la Barceloneta,15,1042,..,2,3
2010,1,Ciutat Vella,3,la Barceloneta,15,1042,6,2,4
2010,1,Ciutat Vella,3,la Barceloneta,15,1042,8,2,5
2010,1,Ciutat Vella,3,la Barceloneta,15,1042,11,2,6
2010,1,Ciutat Vella,3,la Barceloneta,15,1042,7,2,7
2010,1,Ciutat Vella,3,la Barceloneta,15,1042,9,2,8
2010,1,Ciutat Vella,3,la Barceloneta,15,1042,..,2,9
2010,1,Ciutat Vella,3,la Barceloneta,15,1042,..,2,11
2010,1,Ciutat Vella,3,la Barceloneta,15,1042,..,2,14
2010,1,Ciutat Vella,3,la Barceloneta,15,1042,..,2,15
2010,1,Ciutat Vella,4,"Sant Pere, Santa Caterina i la Ribera",16,1043,..,1,1
2010,1,Ciutat Vella,4,"Sant Pere, Santa Caterina i la Ribera",16,1043,..,1,2
2010,1,Ciutat Vella,4,"Sant Pere, Santa Caterina i la Ribera",16,1043,..,1,4
2010,1,Ciutat Vella,4,"Sant Pere, Santa Caterina i la Ribera",16,1043,7,1,5
2010,1,Ciutat Vella,4,"Sant Pere, Santa Caterina i la Ribera",16,1043,12,1,6
2010,1,Ciutat Vella,4,"Sant Pere, Santa Caterina i la Ribera",16,1043,9,1,7
2010,1,Ciutat Vella,4,"Sant Pere, Santa Caterina i la Ribera",16,1043,..,1,8
2010,1,Ciutat Vella,4,"Sant Pere, Santa Caterina i la Ribera",16,1043,..,1,10
2010,1,Ciutat Vella,4,"Sant Pere, Santa Caterina i la Ribera",16,1043,..,1,12
2010,1,Ciutat Vella,4,"Sant Pere, Santa Caterina i la Ribera",16,1043,..,1,14
2010,1,Ciutat Vella,4,"Sant Pere, Santa Caterina i la Ribera",16,1043,..,2,0
2010,1,Ciutat Vella,4,"Sant Pere, Santa Caterina i la Ribera",16,1043,..,2,2
2010,1,Ciutat Vella,4,"Sant Pere, Santa Caterina i la Ribera",16,1043,..,2,3
2010,1,Ciutat Vella,4,"Sant Pere, Santa Caterina i la Ribera",16,1043,6,2,4
2010,1,Ciutat Vella,4,"Sant Pere, Santa Caterina i la Ribera",16,1043,7,2,5
2010,1,Ciutat Vella,4,"Sant Pere, Santa Caterina i la Ribera",16,1043,10,2,6
2010,1,Ciutat Vella,4,"Sant Pere, Santa Caterina i la Ribera",16,1043,9,2,7
2010,1,Ciutat Vella,4,"Sant Pere, Santa Caterina i la Ribera",16,1043,..,2,8
2010,1,Ciutat Vella,4,"Sant Pere, Santa Caterina i la Ribera",16,1043,..,2,9
2010,1,Ciutat Vella,4,"Sant Pere, Santa Caterina i la Ribera",16,1043,..,2,11
2010,1,Ciutat Vella,4,"Sant Pere, Santa Caterina i la Ribera",16,1043,..,2,12
2010,1,Ciutat Vella,4,"Sant Pere, Santa Caterina i la Ribera",16,1043,..,2,17
2010,1,Ciutat Vella,4,"Sant Pere, Santa Caterina i la Ribera",16,1044,..,1,0
2010,1,Ciutat Vella,4,"Sant Pere, Santa Caterina i la Ribera",16,1044,..,1,3
2010,1,Ciutat Vella,4,"Sant Pere, Santa Caterina i la Ribera",16,1044,7,1,4
2010,1,Ciutat Vella,4,"Sant Pere, Santa Caterina i la Ribera",16,1044,24,1,5
2010,1,Ciutat Vella,4,"Sant Pere, Santa Caterina i la Ribera",16,1044,15,1,6
2010,1,Ciutat Vella,4,"Sant Pere, Santa Caterina i la Ribera",16,1044,..,1,7
2010,1,Ciutat Vella,4,"Sant Pere, Santa Caterina i la Ribera",16,1044,..,1,8
2010,1,Ciutat Vella,4,"Sant Pere, Santa Caterina i la Ribera",16,1044,..,1,10
2010,1,Ciutat Vella,4,"Sant Pere, Santa Caterina i la Ribera",16,1044,..,1,11
2010,1,Ciutat Vella,4,"Sant Pere, Santa Caterina i la Ribera",16,1044,..,1,15
2010,1,Ciutat Vella,4,"Sant Pere, Santa Caterina i la Ribera",16,1044,..,1,16
2010,1,Ciutat Vella,4,"Sant Pere, Santa Caterina i la Ribera",16,1044,5,2,0
2010,1,Ciutat Vella,4,"Sant Pere, Santa Caterina i la Ribera",16,1044,10,2,4
2010,1,Ciutat Vella,4,"Sant Pere, Santa Caterina i la Ribera",16,1044,15,2,5
2010,1,Ciutat Vella,4,"Sant Pere, Santa Caterina i la Ribera",16,1044,13,2,6
2010,1,Ciutat Vella,4,"Sant Pere, Santa Caterina i la Ribera",16,1044,9,2,7
2010,1,Ciutat Vella,4,"Sant Pere, Santa Caterina i la Ribera",16,1044,..,2,8
2010,1,Ciutat Vella,4,"Sant Pere, Santa Caterina i la Ribera",16,1044,..,2,9
2010,1,Ciutat Vella,4,"Sant Pere, Santa Caterina i la Ribera",16,1044,..,2,10
2010,1,Ciutat Vella,4,"Sant Pere, Santa Caterina i la Ribera",16,1044,..,2,11
2010,1,Ciutat Vella,4,"Sant Pere, Santa Caterina i la Ribera",16,1044,..,2,12
2010,1,Ciutat Vella,4,"Sant Pere, Santa Caterina i la Ribera",16,1044,..,2,13
2010,1,Ciutat Vella,4,"Sant Pere, Santa Caterina i la Ribera",16,1044,..,2,16
2010,1,Ciutat Vella,4,"Sant Pere, Santa Caterina i la Ribera",16,1045,..,1,0
2010,1,Ciutat Vella,4,"Sant Pere, Santa Caterina i la Ribera",16,1045,..,1,2
2010,1,Ciutat Vella,4,"Sant Pere, Santa Caterina i la Ribera",16,1045,..,1,3
2010,1,Ciutat Vella,4,"Sant Pere, Santa Caterina i la Ribera",16,1045,16,1,4
2010,1,Ciutat Vella,4,"Sant Pere, Santa Caterina i la Ribera",16,1045,33,1,5
2010,1,Ciutat Vella,4,"Sant Pere, Santa Caterina i la Ribera",16,1045,18,1,6
2010,1,Ciutat Vella,4,"Sant Pere, Santa Caterina i la Ribera",16,1045,7,1,7
2010,1,Ciutat Vella,4,"Sant Pere, Santa Caterina i la Ribera",16,1045,6,1,8
2010,1,Ciutat Vella,4,"Sant Pere, Santa Caterina i la Ribera",16,1045,..,1,9
2010,1,Ciutat Vella,4,"Sant Pere, Santa Caterina i la Ribera",16,1045,..,1,11
2010,1,Ciutat Vella,4,"Sant Pere, Santa Caterina i la Ribera",16,1045,..,1,15
2010,1,Ciutat Vella,4,"Sant Pere, Santa Caterina i la Ribera",16,1045,..,2,0
2010,1,Ciutat Vella,4,"Sant Pere, Santa Caterina i la Ribera",16,1045,..,2,1
2010,1,Ciutat Vella,4,"Sant Pere, Santa Caterina i la Ribera",16,1045,..,2,2
2010,1,Ciutat Vella,4,"Sant Pere, Santa Caterina i la Ribera",16,1045,..,2,3
2010,1,Ciutat Vella,4,"Sant Pere, Santa Caterina i la Ribera",16,1045,21,2,4
2010,1,Ciutat Vella,4,"Sant Pere, Santa Caterina i la Ribera",16,1045,28,2,5
2010,1,Ciutat Vella,4,"Sant Pere, Santa Caterina i la Ribera",16,1045,19,2,6
2010,1,Ciutat Vella,4,"Sant Pere, Santa Caterina i la Ribera",16,1045,12,2,7
2010,1,Ciutat Vella,4,"Sant Pere, Santa Caterina i la Ribera",16,1045,6,2,8
2010,1,Ciutat Vella,4,"Sant Pere, Santa Caterina i la Ribera",16,1045,..,2,9
2010,1,Ciutat Vella,4,"Sant Pere, Santa Caterina i la Ribera",16,1045,6,2,10
2010,1,Ciutat Vella,4,"Sant Pere, Santa Caterina i la Ribera",16,1045,..,2,14
2010,1,Ciutat Vella,4,"Sant Pere, Santa Caterina i la Ribera",16,1046,..,1,0
2010,1,Ciutat Vella,4,"Sant Pere, Santa Caterina i la Ribera",16,1046,..,1,1
2010,1,Ciutat Vella,4,"Sant Pere, Santa Caterina i la Ribera",16,1046,..,1,2
2010,1,Ciutat Vella,4,"Sant Pere, Santa Caterina i la Ribera",16,1046,..,1,3
2010,1,Ciutat Vella,4,"Sant Pere, Santa Caterina i la Ribera",16,1046,19,1,4
2010,1,Ciutat Vella,4,"Sant Pere, Santa Caterina i la Ribera",16,1046,28,1,5
2010,1,Ciutat Vella,4,"Sant Pere, Santa Caterina i la Ribera",16,1046,19,1,6
2010,1,Ciutat Vella,4,"Sant Pere, Santa Caterina i la Ribera",16,1046,8,1,7
2010,1,Ciutat Vella,4,"Sant Pere, Santa Caterina i la Ribera",16,1046,..,1,8
2010,1,Ciutat Vella,4,"Sant Pere, Santa Caterina i la Ribera",16,1046,..,1,9
2010,1,Ciutat Vella,4,"Sant Pere, Santa Caterina i la Ribera",16,1046,..,1,10
2010,1,Ciutat Vella,4,"Sant Pere, Santa Caterina i la Ribera",16,1046,..,1,11
2010,1,Ciutat Vella,4,"Sant Pere, Santa Caterina i la Ribera",16,1046,..,1,12
2010,1,Ciutat Vella,4,"Sant Pere, Santa Caterina i la Ribera",16,1046,..,1,13
2010,1,Ciutat Vella,4,"Sant Pere, Santa Caterina i la Ribera",16,1046,..,1,14
2010,1,Ciutat Vella,4,"Sant Pere, Santa Caterina i la Ribera",16,1046,..,2,0
2010,1,Ciutat Vella,4,"Sant Pere, Santa Caterina i la Ribera",16,1046,..,2,2
2010,1,Ciutat Vella,4,"Sant Pere, Santa Caterina i la Ribera",16,1046,..,2,3
2010,1,Ciutat Vella,4,"Sant Pere, Santa Caterina i la Ribera",16,1046,15,2,4
2010,1,Ciutat Vella,4,"Sant Pere, Santa Caterina i la Ribera",16,1046,26,2,5
2010,1,Ciutat Vella,4,"Sant Pere, Santa Caterina i la Ribera",16,1046,20,2,6
2010,1,Ciutat Vella,4,"Sant Pere, Santa Caterina i la Ribera",16,1046,8,2,7
2010,1,Ciutat Vella,4,"Sant Pere, Santa Caterina i la Ribera",16,1046,8,2,8
2010,1,Ciutat Vella,4,"Sant Pere, Santa Caterina i la Ribera",16,1046,..,2,9
2010,1,Ciutat Vella,4,"Sant Pere, Santa Caterina i la Ribera",16,1046,..,2,10
2010,1,Ciutat Vella,4,"Sant Pere, Santa Caterina i la Ribera",16,1046,..,2,11
2010,1,Ciutat Vella,4,"Sant Pere, Santa Caterina i la Ribera",16,1046,..,2,12
2010,1,Ciutat Vella,4,"Sant Pere, Santa Caterina i la Ribera",17,1047,..,1,0
2010,1,Ciutat Vella,4,"Sant Pere, Santa Caterina i la Ribera",17,1047,..,1,2
2010,1,Ciutat Vella,4,"Sant Pere, Santa Caterina i la Ribera",17,1047,5,1,3
2010,1,Ciutat Vella,4,"Sant Pere, Santa Caterina i la Ribera",17,1047,19,1,4
2010,1,Ciutat Vella,4,"Sant Pere, Santa Caterina i la Ribera",17,1047,17,1,5
2010,1,Ciutat Vella,4,"Sant Pere, Santa Caterina i la Ribera",17,1047,21,1,6
2010,1,Ciutat Vella,4,"Sant Pere, Santa Caterina i la Ribera",17,1047,7,1,7
2010,1,Ciutat Vella,4,"Sant Pere, Santa Caterina i la Ribera",17,1047,6,1,8
2010,1,Ciutat Vella,4,"Sant Pere, Santa Caterina i la Ribera",17,1047,..,1,9
2010,1,Ciutat Vella,4,"Sant Pere, Santa Caterina i la Ribera",17,1047,..,1,10
2010,1,Ciutat Vella,4,"Sant Pere, Santa Caterina i la Ribera",17,1047,..,1,11
2010,1,Ciutat Vella,4,"Sant Pere, Santa Caterina i la Ribera",17,1047,..,1,12
2010,1,Ciutat Vella,4,"Sant Pere, Santa Caterina i la Ribera",17,1047,..,1,14
2010,1,Ciutat Vella,4,"Sant Pere, Santa Caterina i la Ribera",17,1047,5,2,0
2010,1,Ciutat Vella,4,"Sant Pere, Santa Caterina i la Ribera",17,1047,..,2,1
2010,1,Ciutat Vella,4,"Sant Pere, Santa Caterina i la Ribera",17,1047,..,2,2
2010,1,Ciutat Vella,4,"Sant Pere, Santa Caterina i la Ribera",17,1047,6,2,3
2010,1,Ciutat Vella,4,"Sant Pere, Santa Caterina i la Ribera",17,1047,5,2,4
2010,1,Ciutat Vella,4,"Sant Pere, Santa Caterina i la Ribera",17,1047,23,2,5
2010,1,Ciutat Vella,4,"Sant Pere, Santa Caterina i la Ribera",17,1047,17,2,6
2010,1,Ciutat Vella,4,"Sant Pere, Santa Caterina i la Ribera",17,1047,8,2,7
2010,1,Ciutat Vella,4,"Sant Pere, Santa Caterina i la Ribera",17,1047,..,2,8
2010,1,Ciutat Vella,4,"Sant Pere, Santa Caterina i la Ribera",17,1047,..,2,9
2010,1,Ciutat Vella,4,"Sant Pere, Santa Caterina i la Ribera",17,1047,..,2,10
2010,1,Ciutat Vella,4,"Sant Pere, Santa Caterina i la Ribera",17,1048,..,1,0
2010,1,Ciutat Vella,4,"Sant Pere, Santa Caterina i la Ribera",17,1048,..,1,2
2010,1,Ciutat Vella,4,"Sant Pere, Santa Caterina i la Ribera",17,1048,7,1,3
2010,1,Ciutat Vella,4,"Sant Pere, Santa Caterina i la Ribera",17,1048,24,1,4
2010,1,Ciutat Vella,4,"Sant Pere, Santa Caterina i la Ribera",17,1048,32,1,5
2010,1,Ciutat Vella,4,"Sant Pere, Santa Caterina i la Ribera",17,1048,18,1,6
2010,1,Ciutat Vella,4,"Sant Pere, Santa Caterina i la Ribera",17,1048,13,1,7
2010,1,Ciutat Vella,4,"Sant Pere, Santa Caterina i la Ribera",17,1048,..,1,8
2010,1,Ciutat Vella,4,"Sant Pere, Santa Caterina i la Ribera",17,1048,5,1,9
2010,1,Ciutat Vella,4,"Sant Pere, Santa Caterina i la Ribera",17,1048,5,1,10
2010,1,Ciutat Vella,4,"Sant Pere, Santa Caterina i la Ribera",17,1048,..,1,11
2010,1,Ciutat Vella,4,"Sant Pere, Santa Caterina i la Ribera",17,1048,..,1,12
2010,1,Ciutat Vella,4,"Sant Pere, Santa Caterina i la Ribera",17,1048,..,1,15
2010,1,Ciutat Vella,4,"Sant Pere, Santa Caterina i la Ribera",17,1048,8,2,0
2010,1,Ciutat Vella,4,"Sant Pere, Santa Caterina i la Ribera",17,1048,..,2,2
2010,1,Ciutat Vella,4,"Sant Pere, Santa Caterina i la Ribera",17,1048,..,2,3
2010,1,Ciutat Vella,4,"Sant Pere, Santa Caterina i la Ribera",17,1048,16,2,4
2010,1,Ciutat Vella,4,"Sant Pere, Santa Caterina i la Ribera",17,1048,27,2,5
2010,1,Ciutat Vella,4,"Sant Pere, Santa Caterina i la Ribera",17,1048,26,2,6
2010,1,Ciutat Vella,4,"Sant Pere, Santa Caterina i la Ribera",17,1048,9,2,7
2010,1,Ciutat Vella,4,"Sant Pere, Santa Caterina i la Ribera",17,1048,..,2,8
2010,1,Ciutat Vella,4,"Sant Pere, Santa Caterina i la Ribera",17,1048,..,2,9
2010,1,Ciutat Vella,4,"Sant Pere, Santa Caterina i la Ribera",17,1048,..,2,10
2010,1,Ciutat Vella,4,"Sant Pere, Santa Caterina i la Ribera",17,1048,..,2,11
2010,1,Ciutat Vella,4,"Sant Pere, Santa Caterina i la Ribera",17,1048,..,2,12
2010,1,Ciutat Vella,4,"Sant Pere, Santa Caterina i la Ribera",17,1049,..,1,0
2010,1,Ciutat Vella,4,"Sant Pere, Santa Caterina i la Ribera",17,1049,..,1,3
2010,1,Ciutat Vella,4,"Sant Pere, Santa Caterina i la Ribera",17,1049,11,1,4
2010,1,Ciutat Vella,4,"Sant Pere, Santa Caterina i la Ribera",17,1049,13,1,5
2010,1,Ciutat Vella,4,"Sant Pere, Santa Caterina i la Ribera",17,1049,5,1,6
2010,1,Ciutat Vella,4,"Sant Pere, Santa Caterina i la Ribera",17,1049,..,1,7
2010,1,Ciutat Vella,4,"Sant Pere, Santa Caterina i la Ribera",17,1049,..,1,8
2010,1,Ciutat Vella,4,"Sant Pere, Santa Caterina i la Ribera",17,1049,..,1,9
2010,1,Ciutat Vella,4,"Sant Pere, Santa Caterina i la Ribera",17,1049,..,1,10
2010,1,Ciutat Vella,4,"Sant Pere, Santa Caterina i la Ribera",17,1049,..,1,12
2010,1,Ciutat Vella,4,"Sant Pere, Santa Caterina i la Ribera",17,1049,..,1,13
2010,1,Ciutat Vella,4,"Sant Pere, Santa Caterina i la Ribera",17,1049,..,2,0
2010,1,Ciutat Vella,4,"Sant Pere, Santa Caterina i la Ribera",17,1049,..,2,1
2010,1,Ciutat Vella,4,"Sant Pere, Santa Caterina i la Ribera",17,1049,..,2,2
2010,1,Ciutat Vella,4,"Sant Pere, Santa Caterina i la Ribera",17,1049,..,2,3
2010,1,Ciutat Vella,4,"Sant Pere, Santa Caterina i la Ribera",17,1049,5,2,4
2010,1,Ciutat Vella,4,"Sant Pere, Santa Caterina i la Ribera",17,1049,15,2,5
2010,1,Ciutat Vella,4,"Sant Pere, Santa Caterina i la Ribera",17,1049,6,2,6
2010,1,Ciutat Vella,4,"Sant Pere, Santa Caterina i la Ribera",17,1049,6,2,7
2010,1,Ciutat Vella,4,"Sant Pere, Santa Caterina i la Ribera",17,1049,..,2,8
2010,1,Ciutat Vella,4,"Sant Pere, Santa Caterina i la Ribera",17,1049,..,2,10
2010,1,Ciutat Vella,4,"Sant Pere, Santa Caterina i la Ribera",17,1049,..,2,13
2010,1,Ciutat Vella,4,"Sant Pere, Santa Caterina i la Ribera",18,1050,..,1,0
2010,1,Ciutat Vella,4,"Sant Pere, Santa Caterina i la Ribera",18,1050,..,1,2
2010,1,Ciutat Vella,4,"Sant Pere, Santa Caterina i la Ribera",18,1050,..,1,3
2010,1,Ciutat Vella,4,"Sant Pere, Santa Caterina i la Ribera",18,1050,11,1,4
2010,1,Ciutat Vella,4,"Sant Pere, Santa Caterina i la Ribera",18,1050,24,1,5
2010,1,Ciutat Vella,4,"Sant Pere, Santa Caterina i la Ribera",18,1050,20,1,6
2010,1,Ciutat Vella,4,"Sant Pere, Santa Caterina i la Ribera",18,1050,..,1,7
2010,1,Ciutat Vella,4,"Sant Pere, Santa Caterina i la Ribera",18,1050,6,1,8
2010,1,Ciutat Vella,4,"Sant Pere, Santa Caterina i la Ribera",18,1050,..,1,9
2010,1,Ciutat Vella,4,"Sant Pere, Santa Caterina i la Ribera",18,1050,..,1,11
2010,1,Ciutat Vella,4,"Sant Pere, Santa Caterina i la Ribera",18,1050,..,1,18
2010,1,Ciutat Vella,4,"Sant Pere, Santa Caterina i la Ribera",18,1050,..,2,0
2010,1,Ciutat Vella,4,"Sant Pere, Santa Caterina i la Ribera",18,1050,..,2,1
2010,1,Ciutat Vella,4,"Sant Pere, Santa Caterina i la Ribera",18,1050,..,2,2
2010,1,Ciutat Vella,4,"Sant Pere, Santa Caterina i la Ribera",18,1050,..,2,3
2010,1,Ciutat Vella,4,"Sant Pere, Santa Caterina i la Ribera",18,1050,21,2,4
2010,1,Ciutat Vella,4,"Sant Pere, Santa Caterina i la Ribera",18,1050,32,2,5
2010,1,Ciutat Vella,4,"Sant Pere, Santa Caterina i la Ribera",18,1050,15,2,6
2010,1,Ciutat Vella,4,"Sant Pere, Santa Caterina i la Ribera",18,1050,14,2,7
2010,1,Ciutat Vella,4,"Sant Pere, Santa Caterina i la Ribera",18,1050,5,2,8
2010,1,Ciutat Vella,4,"Sant Pere, Santa Caterina i la Ribera",18,1050,..,2,9
2010,1,Ciutat Vella,4,"Sant Pere, Santa Caterina i la Ribera",18,1050,5,2,10
2010,1,Ciutat Vella,4,"Sant Pere, Santa Caterina i la Ribera",18,1050,..,2,12
2010,1,Ciutat Vella,4,"Sant Pere, Santa Caterina i la Ribera",18,1050,..,2,14
2010,1,Ciutat Vella,4,"Sant Pere, Santa Caterina i la Ribera",18,1051,7,1,0
2010,1,Ciutat Vella,4,"Sant Pere, Santa Caterina i la Ribera",18,1051,..,1,1
2010,1,Ciutat Vella,4,"Sant Pere, Santa Caterina i la Ribera",18,1051,..,1,2
2010,1,Ciutat Vella,4,"Sant Pere, Santa Caterina i la Ribera",18,1051,6,1,3
2010,1,Ciutat Vella,4,"Sant Pere, Santa Caterina i la Ribera",18,1051,22,1,4
2010,1,Ciutat Vella,4,"Sant Pere, Santa Caterina i la Ribera",18,1051,28,1,5
2010,1,Ciutat Vella,4,"Sant Pere, Santa Caterina i la Ribera",18,1051,15,1,6
2010,1,Ciutat Vella,4,"Sant Pere, Santa Caterina i la Ribera",18,1051,5,1,7
2010,1,Ciutat Vella,4,"Sant Pere, Santa Caterina i la Ribera",18,1051,..,1,8
2010,1,Ciutat Vella,4,"Sant Pere, Santa Caterina i la Ribera",18,1051,..,1,9
2010,1,Ciutat Vella,4,"Sant Pere, Santa Caterina i la Ribera",18,1051,..,1,10
2010,1,Ciutat Vella,4,"Sant Pere, Santa Caterina i la Ribera",18,1051,..,1,12
2010,1,Ciutat Vella,4,"Sant Pere, Santa Caterina i la Ribera",18,1051,..,2,0
2010,1,Ciutat Vella,4,"Sant Pere, Santa Caterina i la Ribera",18,1051,..,2,1
2010,1,Ciutat Vella,4,"Sant Pere, Santa Caterina i la Ribera",18,1051,..,2,2
2010,1,Ciutat Vella,4,"Sant Pere, Santa Caterina i la Ribera",18,1051,5,2,3
2010,1,Ciutat Vella,4,"Sant Pere, Santa Caterina i la Ribera",18,1051,12,2,4
2010,1,Ciutat Vella,4,"Sant Pere, Santa Caterina i la Ribera",18,1051,29,2,5
2010,1,Ciutat Vella,4,"Sant Pere, Santa Caterina i la Ribera",18,1051,22,2,6
2010,1,Ciutat Vella,4,"Sant Pere, Santa Caterina i la Ribera",18,1051,8,2,7
2010,1,Ciutat Vella,4,"Sant Pere, Santa Caterina i la Ribera",18,1051,5,2,8
2010,1,Ciutat Vella,4,"Sant Pere, Santa Caterina i la Ribera",18,1051,5,2,9
2010,1,Ciutat Vella,4,"Sant Pere, Santa Caterina i la Ribera",18,1051,..,2,10
2010,1,Ciutat Vella,4,"Sant Pere, Santa Caterina i la Ribera",18,1051,..,2,11
2010,1,Ciutat Vella,4,"Sant Pere, Santa Caterina i la Ribera",18,1051,..,2,13
2010,1,Ciutat Vella,4,"Sant Pere, Santa Caterina i la Ribera",18,1052,..,1,0
2010,1,Ciutat Vella,4,"Sant Pere, Santa Caterina i la Ribera",18,1052,..,1,1
2010,1,Ciutat Vella,4,"Sant Pere, Santa Caterina i la Ribera",18,1052,..,1,2
2010,1,Ciutat Vella,4,"Sant Pere, Santa Caterina i la Ribera",18,1052,5,1,3
2010,1,Ciutat Vella,4,"Sant Pere, Santa Caterina i la Ribera",18,1052,19,1,4
2010,1,Ciutat Vella,4,"Sant Pere, Santa Caterina i la Ribera",18,1052,32,1,5
2010,1,Ciutat Vella,4,"Sant Pere, Santa Caterina i la Ribera",18,1052,9,1,6
2010,1,Ciutat Vella,4,"Sant Pere, Santa Caterina i la Ribera",18,1052,9,1,7
2010,1,Ciutat Vella,4,"Sant Pere, Santa Caterina i la Ribera",18,1052,5,1,8
2010,1,Ciutat Vella,4,"Sant Pere, Santa Caterina i la Ribera",18,1052,..,1,9
2010,1,Ciutat Vella,4,"Sant Pere, Santa Caterina i la Ribera",18,1052,..,1,10
2010,1,Ciutat Vella,4,"Sant Pere, Santa Caterina i la Ribera",18,1052,5,1,11
2010,1,Ciutat Vella,4,"Sant Pere, Santa Caterina i la Ribera",18,1052,..,1,12
2010,1,Ciutat Vella,4,"Sant Pere, Santa Caterina i la Ribera",18,1052,..,1,14
2010,1,Ciutat Vella,4,"Sant Pere, Santa Caterina i la Ribera",18,1052,..,2,0
2010,1,Ciutat Vella,4,"Sant Pere, Santa Caterina i la Ribera",18,1052,10,2,2
2010,1,Ciutat Vella,4,"Sant Pere, Santa Caterina i la Ribera",18,1052,92,2,3
2010,1,Ciutat Vella,4,"Sant Pere, Santa Caterina i la Ribera",18,1052,10,2,4
2010,1,Ciutat Vella,4,"Sant Pere, Santa Caterina i la Ribera",18,1052,24,2,5
2010,1,Ciutat Vella,4,"Sant Pere, Santa Caterina i la Ribera",18,1052,24,2,6
2010,1,Ciutat Vella,4,"Sant Pere, Santa Caterina i la Ribera",18,1052,12,2,7
2010,1,Ciutat Vella,4,"Sant Pere, Santa Caterina i la Ribera",18,1052,5,2,8
2010,1,Ciutat Vella,4,"Sant Pere, Santa Caterina i la Ribera",18,1052,6,2,9
2010,1,Ciutat Vella,4,"Sant Pere, Santa Caterina i la Ribera",18,1052,..,2,11
2010,1,Ciutat Vella,4,"Sant Pere, Santa Caterina i la Ribera",18,1052,..,2,12
2010,1,Ciutat Vella,4,"Sant Pere, Santa Caterina i la Ribera",18,1052,..,2,13
2010,1,Ciutat Vella,4,"Sant Pere, Santa Caterina i la Ribera",18,1052,..,2,14
2010,1,Ciutat Vella,4,"Sant Pere, Santa Caterina i la Ribera",19,1053,..,1,0
2010,1,Ciutat Vella,4,"Sant Pere, Santa Caterina i la Ribera",19,1053,..,1,1
2010,1,Ciutat Vella,4,"Sant Pere, Santa Caterina i la Ribera",19,1053,..,1,2
2010,1,Ciutat Vella,4,"Sant Pere, Santa Caterina i la Ribera",19,1053,..,1,3
2010,1,Ciutat Vella,4,"Sant Pere, Santa Caterina i la Ribera",19,1053,15,1,4
2010,1,Ciutat Vella,4,"Sant Pere, Santa Caterina i la Ribera",19,1053,23,1,5
2010,1,Ciutat Vella,4,"Sant Pere, Santa Caterina i la Ribera",19,1053,13,1,6
2010,1,Ciutat Vella,4,"Sant Pere, Santa Caterina i la Ribera",19,1053,6,1,7
2010,1,Ciutat Vella,4,"Sant Pere, Santa Caterina i la Ribera",19,1053,7,1,8
2010,1,Ciutat Vella,4,"Sant Pere, Santa Caterina i la Ribera",19,1053,..,1,9
2010,1,Ciutat Vella,4,"Sant Pere, Santa Caterina i la Ribera",19,1053,..,1,11
2010,1,Ciutat Vella,4,"Sant Pere, Santa Caterina i la Ribera",19,1053,..,1,12
2010,1,Ciutat Vella,4,"Sant Pere, Santa Caterina i la Ribera",19,1053,..,1,14
2010,1,Ciutat Vella,4,"Sant Pere, Santa Caterina i la Ribera",19,1053,..,1,15
2010,1,Ciutat Vella,4,"Sant Pere, Santa Caterina i la Ribera",19,1053,7,2,0
2010,1,Ciutat Vella,4,"Sant Pere, Santa Caterina i la Ribera",19,1053,..,2,1
2010,1,Ciutat Vella,4,"Sant Pere, Santa Caterina i la Ribera",19,1053,..,2,2
2010,1,Ciutat Vella,4,"Sant Pere, Santa Caterina i la Ribera",19,1053,18,2,3
2010,1,Ciutat Vella,4,"Sant Pere, Santa Caterina i la Ribera",19,1053,9,2,4
2010,1,Ciutat Vella,4,"Sant Pere, Santa Caterina i la Ribera",19,1053,35,2,5
2010,1,Ciutat Vella,4,"Sant Pere, Santa Caterina i la Ribera",19,1053,26,2,6
2010,1,Ciutat Vella,4,"Sant Pere, Santa Caterina i la Ribera",19,1053,18,2,7
2010,1,Ciutat Vella,4,"Sant Pere, Santa Caterina i la Ribera",19,1053,15,2,8
2010,1,Ciutat Vella,4,"Sant Pere, Santa Caterina i la Ribera",19,1053,5,2,9
2010,1,Ciutat Vella,4,"Sant Pere, Santa Caterina i la Ribera",19,1053,..,2,11
2010,1,Ciutat Vella,4,"Sant Pere, Santa Caterina i la Ribera",19,1053,..,2,12
2010,1,Ciutat Vella,4,"Sant Pere, Santa Caterina i la Ribera",19,1053,..,2,13
2010,1,Ciutat Vella,4,"Sant Pere, Santa Caterina i la Ribera",19,1053,..,2,14
2010,1,Ciutat Vella,4,"Sant Pere, Santa Caterina i la Ribera",19,1054,..,1,0
2010,1,Ciutat Vella,4,"Sant Pere, Santa Caterina i la Ribera",19,1054,..,1,3
2010,1,Ciutat Vella,4,"Sant Pere, Santa Caterina i la Ribera",19,1054,10,1,4
2010,1,Ciutat Vella,4,"Sant Pere, Santa Caterina i la Ribera",19,1054,21,1,5
2010,1,Ciutat Vella,4,"Sant Pere, Santa Caterina i la Ribera",19,1054,15,1,6
2010,1,Ciutat Vella,4,"Sant Pere, Santa Caterina i la Ribera",19,1054,..,1,7
2010,1,Ciutat Vella,4,"Sant Pere, Santa Caterina i la Ribera",19,1054,..,1,8
2010,1,Ciutat Vella,4,"Sant Pere, Santa Caterina i la Ribera",19,1054,..,1,9
2010,1,Ciutat Vella,4,"Sant Pere, Santa Caterina i la Ribera",19,1054,..,1,13
2010,1,Ciutat Vella,4,"Sant Pere, Santa Caterina i la Ribera",19,1054,..,1,16
2010,1,Ciutat Vella,4,"Sant Pere, Santa Caterina i la Ribera",19,1054,..,2,0
2010,1,Ciutat Vella,4,"Sant Pere, Santa Caterina i la Ribera",19,1054,..,2,1
2010,1,Ciutat Vella,4,"Sant Pere, Santa Caterina i la Ribera",19,1054,..,2,3
2010,1,Ciutat Vella,4,"Sant Pere, Santa Caterina i la Ribera",19,1054,6,2,4
2010,1,Ciutat Vella,4,"Sant Pere, Santa Caterina i la Ribera",19,1054,16,2,5
2010,1,Ciutat Vella,4,"Sant Pere, Santa Caterina i la Ribera",19,1054,19,2,6
2010,1,Ciutat Vella,4,"Sant Pere, Santa Caterina i la Ribera",19,1054,9,2,7
2010,1,Ciutat Vella,4,"Sant Pere, Santa Caterina i la Ribera",19,1054,5,2,8
2010,1,Ciutat Vella,4,"Sant Pere, Santa Caterina i la Ribera",19,1054,..,2,9
2010,1,Ciutat Vella,4,"Sant Pere, Santa Caterina i la Ribera",19,1054,..,2,10
2010,1,Ciutat Vella,4,"Sant Pere, Santa Caterina i la Ribera",19,1054,..,2,11
2010,1,Ciutat Vella,4,"Sant Pere, Santa Caterina i la Ribera",19,1055,..,1,0
2010,1,Ciutat Vella,4,"Sant Pere, Santa Caterina i la Ribera",19,1055,..,1,1
2010,1,Ciutat Vella,4,"Sant Pere, Santa Caterina i la Ribera",19,1055,..,1,2
2010,1,Ciutat Vella,4,"Sant Pere, Santa Caterina i la Ribera",19,1055,7,1,4
2010,1,Ciutat Vella,4,"Sant Pere, Santa Caterina i la Ribera",19,1055,9,1,5
2010,1,Ciutat Vella,4,"Sant Pere, Santa Caterina i la Ribera",19,1055,6,1,6
2010,1,Ciutat Vella,4,"Sant Pere, Santa Caterina i la Ribera",19,1055,..,1,7
2010,1,Ciutat Vella,4,"Sant Pere, Santa Caterina i la Ribera",19,1055,..,1,8
2010,1,Ciutat Vella,4,"Sant Pere, Santa Caterina i la Ribera",19,1055,..,1,9
2010,1,Ciutat Vella,4,"Sant Pere, Santa Caterina i la Ribera",19,1055,..,1,10
2010,1,Ciutat Vella,4,"Sant Pere, Santa Caterina i la Ribera",19,1055,..,1,11
2010,1,Ciutat Vella,4,"Sant Pere, Santa Caterina i la Ribera",19,1055,..,1,12
2010,1,Ciutat Vella,4,"Sant Pere, Santa Caterina i la Ribera",19,1055,..,2,0
2010,1,Ciutat Vella,4,"Sant Pere, Santa Caterina i la Ribera",19,1055,5,2,4
2010,1,Ciutat Vella,4,"Sant Pere, Santa Caterina i la Ribera",19,1055,5,2,5
2010,1,Ciutat Vella,4,"Sant Pere, Santa Caterina i la Ribera",19,1055,5,2,6
2010,1,Ciutat Vella,4,"Sant Pere, Santa Caterina i la Ribera",19,1055,8,2,7
2010,1,Ciutat Vella,4,"Sant Pere, Santa Caterina i la Ribera",19,1055,..,2,8
2010,1,Ciutat Vella,4,"Sant Pere, Santa Caterina i la Ribera",19,1055,..,2,10
2010,1,Ciutat Vella,4,"Sant Pere, Santa Caterina i la Ribera",19,1055,..,2,11
2010,1,Ciutat Vella,4,"Sant Pere, Santa Caterina i la Ribera",19,1055,..,2,12
2010,1,Ciutat Vella,4,"Sant Pere, Santa Caterina i la Ribera",19,1055,..,2,13
2010,1,Ciutat Vella,4,"Sant Pere, Santa Caterina i la Ribera",19,1055,..,2,14
2010,2,Eixample,5,el Fort Pienc,20,2001,..,1,0
2010,2,Eixample,5,el Fort Pienc,20,2001,..,1,4
2010,2,Eixample,5,el Fort Pienc,20,2001,5,1,5
2010,2,Eixample,5,el Fort Pienc,20,2001,6,1,6
2010,2,Eixample,5,el Fort Pienc,20,2001,..,1,7
2010,2,Eixample,5,el Fort Pienc,20,2001,..,1,8
2010,2,Eixample,5,el Fort Pienc,20,2001,..,1,9
2010,2,Eixample,5,el Fort Pienc,20,2001,..,1,12
2010,2,Eixample,5,el Fort Pienc,20,2001,..,1,14
2010,2,Eixample,5,el Fort Pienc,20,2001,..,2,0
2010,2,Eixample,5,el Fort Pienc,20,2001,5,2,4
2010,2,Eixample,5,el Fort Pienc,20,2001,6,2,5
2010,2,Eixample,5,el Fort Pienc,20,2001,9,2,6
2010,2,Eixample,5,el Fort Pienc,20,2001,8,2,7
2010,2,Eixample,5,el Fort Pienc,20,2001,..,2,8
2010,2,Eixample,5,el Fort Pienc,20,2001,..,2,9
2010,2,Eixample,5,el Fort Pienc,20,2001,..,2,10
2010,2,Eixample,5,el Fort Pienc,20,2001,..,2,11
2010,2,Eixample,5,el Fort Pienc,20,2001,..,2,12
2010,2,Eixample,5,el Fort Pienc,20,2001,..,2,15
2010,2,Eixample,5,el Fort Pienc,20,2002,11,1,0
2010,2,Eixample,5,el Fort Pienc,20,2002,5,1,1
2010,2,Eixample,5,el Fort Pienc,20,2002,..,1,2
2010,2,Eixample,5,el Fort Pienc,20,2002,6,1,3
2010,2,Eixample,5,el Fort Pienc,20,2002,23,1,4
2010,2,Eixample,5,el Fort Pienc,20,2002,39,1,5
2010,2,Eixample,5,el Fort Pienc,20,2002,35,1,6
2010,2,Eixample,5,el Fort Pienc,20,2002,21,1,7
2010,2,Eixample,5,el Fort Pienc,20,2002,17,1,8
2010,2,Eixample,5,el Fort Pienc,20,2002,12,1,9
2010,2,Eixample,5,el Fort Pienc,20,2002,12,1,10
2010,2,Eixample,5,el Fort Pienc,20,2002,5,1,11
2010,2,Eixample,5,el Fort Pienc,20,2002,..,1,12
2010,2,Eixample,5,el Fort Pienc,20,2002,..,1,13
2010,2,Eixample,5,el Fort Pienc,20,2002,..,1,15
2010,2,Eixample,5,el Fort Pienc,20,2002,..,1,16
2010,2,Eixample,5,el Fort Pienc,20,2002,8,2,0
2010,2,Eixample,5,el Fort Pienc,20,2002,..,2,1
2010,2,Eixample,5,el Fort Pienc,20,2002,13,2,3
2010,2,Eixample,5,el Fort Pienc,20,2002,105,2,4
2010,2,Eixample,5,el Fort Pienc,20,2002,147,2,5
2010,2,Eixample,5,el Fort Pienc,20,2002,109,2,6
2010,2,Eixample,5,el Fort Pienc,20,2002,56,2,7
2010,2,Eixample,5,el Fort Pienc,20,2002,44,2,8
2010,2,Eixample,5,el Fort Pienc,20,2002,28,2,9
2010,2,Eixample,5,el Fort Pienc,20,2002,10,2,10
2010,2,Eixample,5,el Fort Pienc,20,2002,8,2,11
2010,2,Eixample,5,el Fort Pienc,20,2002,5,2,12
2010,2,Eixample,5,el Fort Pienc,20,2002,..,2,13
2010,2,Eixample,5,el Fort Pienc,20,2002,..,2,14
2010,2,Eixample,5,el Fort Pienc,20,2003,13,1,4
2010,2,Eixample,5,el Fort Pienc,20,2003,5,1,5
2010,2,Eixample,5,el Fort Pienc,20,2003,..,1,6
2010,2,Eixample,5,el Fort Pienc,20,2003,..,1,7
2010,2,Eixample,5,el Fort Pienc,20,2003,..,1,12
2010,2,Eixample,5,el Fort Pienc,20,2003,..,1,14
2010,2,Eixample,5,el Fort Pienc,20,2003,..,1,16
2010,2,Eixample,5,el Fort Pienc,20,2003,..,1,17
2010,2,Eixample,5,el Fort Pienc,20,2003,..,2,0
2010,2,Eixample,5,el Fort Pienc,20,2003,..,2,2
2010,2,Eixample,5,el Fort Pienc,20,2003,..,2,3
2010,2,Eixample,5,el Fort Pienc,20,2003,..,2,4
2010,2,Eixample,5,el Fort Pienc,20,2003,5,2,5
2010,2,Eixample,5,el Fort Pienc,20,2003,..,2,6
2010,2,Eixample,5,el Fort Pienc,20,2003,..,2,7
2010,2,Eixample,5,el Fort Pienc,20,2003,..,2,8
2010,2,Eixample,5,el Fort Pienc,20,2003,..,2,9
2010,2,Eixample,5,el Fort Pienc,20,2004,..,1,0
2010,2,Eixample,5,el Fort Pienc,20,2004,..,1,1
2010,2,Eixample,5,el Fort Pienc,20,2004,..,1,2
2010,2,Eixample,5,el Fort Pienc,20,2004,..,1,3
2010,2,Eixample,5,el Fort Pienc,20,2004,17,1,4
2010,2,Eixample,5,el Fort Pienc,20,2004,16,1,5
2010,2,Eixample,5,el Fort Pienc,20,2004,7,1,6
2010,2,Eixample,5,el Fort Pienc,20,2004,7,1,7
2010,2,Eixample,5,el Fort Pienc,20,2004,5,1,8
2010,2,Eixample,5,el Fort Pienc,20,2004,..,1,9
2010,2,Eixample,5,el Fort Pienc,20,2004,..,1,10
2010,2,Eixample,5,el Fort Pienc,20,2004,..,1,11
2010,2,Eixample,5,el Fort Pienc,20,2004,..,1,12
2010,2,Eixample,5,el Fort Pienc,20,2004,..,1,13
2010,2,Eixample,5,el Fort Pienc,20,2004,..,1,16
2010,2,Eixample,5,el Fort Pienc,20,2004,..,1,18
2010,2,Eixample,5,el Fort Pienc,20,2004,..,2,0
2010,2,Eixample,5,el Fort Pienc,20,2004,6,2,1
2010,2,Eixample,5,el Fort Pienc,20,2004,..,2,2
2010,2,Eixample,5,el Fort Pienc,20,2004,6,2,4
2010,2,Eixample,5,el Fort Pienc,20,2004,16,2,5
2010,2,Eixample,5,el Fort Pienc,20,2004,9,2,6
2010,2,Eixample,5,el Fort Pienc,20,2004,..,2,7
2010,2,Eixample,5,el Fort Pienc,20,2004,6,2,8
2010,2,Eixample,5,el Fort Pienc,20,2004,..,2,9
2010,2,Eixample,5,el Fort Pienc,20,2004,..,2,10
2010,2,Eixample,5,el Fort Pienc,20,2004,..,2,11
2010,2,Eixample,5,el Fort Pienc,20,2005,..,1,0
2010,2,Eixample,5,el Fort Pienc,20,2005,..,1,1
2010,2,Eixample,5,el Fort Pienc,20,2005,..,1,2
2010,2,Eixample,5,el Fort Pienc,20,2005,..,1,3
2010,2,Eixample,5,el Fort Pienc,20,2005,12,1,4
2010,2,Eixample,5,el Fort Pienc,20,2005,9,1,5
2010,2,Eixample,5,el Fort Pienc,20,2005,6,1,6
2010,2,Eixample,5,el Fort Pienc,20,2005,5,1,7
2010,2,Eixample,5,el Fort Pienc,20,2005,..,1,8
2010,2,Eixample,5,el Fort Pienc,20,2005,..,1,9
2010,2,Eixample,5,el Fort Pienc,20,2005,..,1,10
2010,2,Eixample,5,el Fort Pienc,20,2005,..,1,15
2010,2,Eixample,5,el Fort Pienc,20,2005,..,1,18
2010,2,Eixample,5,el Fort Pienc,20,2005,..,2,1
2010,2,Eixample,5,el Fort Pienc,20,2005,7,2,4
2010,2,Eixample,5,el Fort Pienc,20,2005,9,2,5
2010,2,Eixample,5,el Fort Pienc,20,2005,..,2,6
2010,2,Eixample,5,el Fort Pienc,20,2005,9,2,7
2010,2,Eixample,5,el Fort Pienc,20,2005,..,2,8
2010,2,Eixample,5,el Fort Pienc,20,2005,..,2,9
2010,2,Eixample,5,el Fort Pienc,20,2005,..,2,11
2010,2,Eixample,5,el Fort Pienc,20,2005,..,2,12
2010,2,Eixample,5,el Fort Pienc,20,2006,..,1,0
2010,2,Eixample,5,el Fort Pienc,20,2006,..,1,1
2010,2,Eixample,5,el Fort Pienc,20,2006,..,1,3
2010,2,Eixample,5,el Fort Pienc,20,2006,10,1,4
2010,2,Eixample,5,el Fort Pienc,20,2006,11,1,5
2010,2,Eixample,5,el Fort Pienc,20,2006,8,1,6
2010,2,Eixample,5,el Fort Pienc,20,2006,..,1,7
2010,2,Eixample,5,el Fort Pienc,20,2006,..,1,8
2010,2,Eixample,5,el Fort Pienc,20,2006,..,1,9
2010,2,Eixample,5,el Fort Pienc,20,2006,..,1,11
2010,2,Eixample,5,el Fort Pienc,20,2006,..,1,12
2010,2,Eixample,5,el Fort Pienc,20,2006,..,1,14
2010,2,Eixample,5,el Fort Pienc,20,2006,..,1,15
2010,2,Eixample,5,el Fort Pienc,20,2006,..,2,0
2010,2,Eixample,5,el Fort Pienc,20,2006,..,2,1
2010,2,Eixample,5,el Fort Pienc,20,2006,..,2,3
2010,2,Eixample,5,el Fort Pienc,20,2006,6,2,4
2010,2,Eixample,5,el Fort Pienc,20,2006,9,2,5
2010,2,Eixample,5,el Fort Pienc,20,2006,8,2,6
2010,2,Eixample,5,el Fort Pienc,20,2006,..,2,7
2010,2,Eixample,5,el Fort Pienc,20,2006,..,2,8
2010,2,Eixample,5,el Fort Pienc,20,2006,..,2,9
2010,2,Eixample,5,el Fort Pienc,20,2006,..,2,10
2010,2,Eixample,5,el Fort Pienc,20,2006,..,2,12
2010,2,Eixample,5,el Fort Pienc,20,2006,..,2,15
2010,2,Eixample,5,el Fort Pienc,20,2007,..,1,0
2010,2,Eixample,5,el Fort Pienc,20,2007,..,1,3
2010,2,Eixample,5,el Fort Pienc,20,2007,..,1,4
2010,2,Eixample,5,el Fort Pienc,20,2007,8,1,5
2010,2,Eixample,5,el Fort Pienc,20,2007,..,1,6
2010,2,Eixample,5,el Fort Pienc,20,2007,..,1,7
2010,2,Eixample,5,el Fort Pienc,20,2007,..,1,8
2010,2,Eixample,5,el Fort Pienc,20,2007,..,1,9
2010,2,Eixample,5,el Fort Pienc,20,2007,..,1,11
2010,2,Eixample,5,el Fort Pienc,20,2007,..,1,12
2010,2,Eixample,5,el Fort Pienc,20,2007,..,1,13
2010,2,Eixample,5,el Fort Pienc,20,2007,..,1,15
2010,2,Eixample,5,el Fort Pienc,20,2007,..,1,16
2010,2,Eixample,5,el Fort Pienc,20,2007,..,1,17
2010,2,Eixample,5,el Fort Pienc,20,2007,..,1,18
2010,2,Eixample,5,el Fort Pienc,20,2007,..,2,3
2010,2,Eixample,5,el Fort Pienc,20,2007,..,2,4
2010,2,Eixample,5,el Fort Pienc,20,2007,12,2,5
2010,2,Eixample,5,el Fort Pienc,20,2007,..,2,6
2010,2,Eixample,5,el Fort Pienc,20,2007,..,2,7
2010,2,Eixample,5,el Fort Pienc,20,2007,..,2,8
2010,2,Eixample,5,el Fort Pienc,20,2007,..,2,9
2010,2,Eixample,5,el Fort Pienc,20,2007,..,2,11
2010,2,Eixample,5,el Fort Pienc,20,2007,..,2,12
2010,2,Eixample,5,el Fort Pienc,20,2007,..,2,13
2010,2,Eixample,5,el Fort Pienc,20,2007,..,2,15
2010,2,Eixample,5,el Fort Pienc,20,2008,..,1,0
2010,2,Eixample,5,el Fort Pienc,20,2008,..,1,1
2010,2,Eixample,5,el Fort Pienc,20,2008,..,1,2
2010,2,Eixample,5,el Fort Pienc,20,2008,..,1,3
2010,2,Eixample,5,el Fort Pienc,20,2008,11,1,4
2010,2,Eixample,5,el Fort Pienc,20,2008,12,1,5
2010,2,Eixample,5,el Fort Pienc,20,2008,10,1,6
2010,2,Eixample,5,el Fort Pienc,20,2008,..,1,7
2010,2,Eixample,5,el Fort Pienc,20,2008,..,1,9
2010,2,Eixample,5,el Fort Pienc,20,2008,..,1,10
2010,2,Eixample,5,el Fort Pienc,20,2008,..,1,11
2010,2,Eixample,5,el Fort Pienc,20,2008,..,1,14
2010,2,Eixample,5,el Fort Pienc,20,2008,..,1,16
2010,2,Eixample,5,el Fort Pienc,20,2008,..,2,0
2010,2,Eixample,5,el Fort Pienc,20,2008,..,2,3
2010,2,Eixample,5,el Fort Pienc,20,2008,..,2,4
2010,2,Eixample,5,el Fort Pienc,20,2008,9,2,5
2010,2,Eixample,5,el Fort Pienc,20,2008,11,2,6
2010,2,Eixample,5,el Fort Pienc,20,2008,..,2,7
2010,2,Eixample,5,el Fort Pienc,20,2008,..,2,8
2010,2,Eixample,5,el Fort Pienc,20,2008,..,2,9
2010,2,Eixample,5,el Fort Pienc,20,2008,..,2,10
2010,2,Eixample,5,el Fort Pienc,20,2008,..,2,11
2010,2,Eixample,5,el Fort Pienc,20,2008,..,2,14
2010,2,Eixample,5,el Fort Pienc,20,2009,..,1,0
2010,2,Eixample,5,el Fort Pienc,20,2009,..,1,1
2010,2,Eixample,5,el Fort Pienc,20,2009,..,1,3
2010,2,Eixample,5,el Fort Pienc,20,2009,6,1,4
2010,2,Eixample,5,el Fort Pienc,20,2009,7,1,5
2010,2,Eixample,5,el Fort Pienc,20,2009,5,1,6
2010,2,Eixample,5,el Fort Pienc,20,2009,6,1,7
2010,2,Eixample,5,el Fort Pienc,20,2009,..,1,8
2010,2,Eixample,5,el Fort Pienc,20,2009,..,1,9
2010,2,Eixample,5,el Fort Pienc,20,2009,..,1,10
2010,2,Eixample,5,el Fort Pienc,20,2009,..,1,12
2010,2,Eixample,5,el Fort Pienc,20,2009,..,1,14
2010,2,Eixample,5,el Fort Pienc,20,2009,..,1,15
2010,2,Eixample,5,el Fort Pienc,20,2009,..,2,0
2010,2,Eixample,5,el Fort Pienc,20,2009,..,2,1
2010,2,Eixample,5,el Fort Pienc,20,2009,..,2,2
2010,2,Eixample,5,el Fort Pienc,20,2009,..,2,3
2010,2,Eixample,5,el Fort Pienc,20,2009,..,2,4
2010,2,Eixample,5,el Fort Pienc,20,2009,11,2,5
2010,2,Eixample,5,el Fort Pienc,20,2009,..,2,6
2010,2,Eixample,5,el Fort Pienc,20,2009,6,2,7
2010,2,Eixample,5,el Fort Pienc,20,2009,..,2,8
2010,2,Eixample,5,el Fort Pienc,20,2009,..,2,10
2010,2,Eixample,5,el Fort Pienc,20,2009,..,2,11
2010,2,Eixample,5,el Fort Pienc,20,2009,..,2,12
2010,2,Eixample,5,el Fort Pienc,20,2009,..,2,15
2010,2,Eixample,5,el Fort Pienc,21,2010,..,1,0
2010,2,Eixample,5,el Fort Pienc,21,2010,..,1,1
2010,2,Eixample,5,el Fort Pienc,21,2010,5,1,4
2010,2,Eixample,5,el Fort Pienc,21,2010,5,1,5
2010,2,Eixample,5,el Fort Pienc,21,2010,7,1,6
2010,2,Eixample,5,el Fort Pienc,21,2010,..,1,7
2010,2,Eixample,5,el Fort Pienc,21,2010,..,1,8
2010,2,Eixample,5,el Fort Pienc,21,2010,..,1,9
2010,2,Eixample,5,el Fort Pienc,21,2010,..,1,12
2010,2,Eixample,5,el Fort Pienc,21,2010,..,1,13
2010,2,Eixample,5,el Fort Pienc,21,2010,..,1,15
2010,2,Eixample,5,el Fort Pienc,21,2010,..,1,17
2010,2,Eixample,5,el Fort Pienc,21,2010,..,2,0
2010,2,Eixample,5,el Fort Pienc,21,2010,..,2,2
2010,2,Eixample,5,el Fort Pienc,21,2010,..,2,3
2010,2,Eixample,5,el Fort Pienc,21,2010,..,2,4
2010,2,Eixample,5,el Fort Pienc,21,2010,..,2,5
2010,2,Eixample,5,el Fort Pienc,21,2010,..,2,6
2010,2,Eixample,5,el Fort Pienc,21,2010,..,2,7
2010,2,Eixample,5,el Fort Pienc,21,2010,5,2,8
2010,2,Eixample,5,el Fort Pienc,21,2010,..,2,9
2010,2,Eixample,5,el Fort Pienc,21,2010,..,2,17
2010,2,Eixample,5,el Fort Pienc,21,2011,..,1,0
2010,2,Eixample,5,el Fort Pienc,21,2011,..,1,3
2010,2,Eixample,5,el Fort Pienc,21,2011,..,1,4
2010,2,Eixample,5,el Fort Pienc,21,2011,5,1,5
2010,2,Eixample,5,el Fort Pienc,21,2011,..,1,6
2010,2,Eixample,5,el Fort Pienc,21,2011,..,1,7
2010,2,Eixample,5,el Fort Pienc,21,2011,..,1,8
2010,2,Eixample,5,el Fort Pienc,21,2011,..,1,9
2010,2,Eixample,5,el Fort Pienc,21,2011,..,1,10
2010,2,Eixample,5,el Fort Pienc,21,2011,..,1,11
2010,2,Eixample,5,el Fort Pienc,21,2011,..,1,12
2010,2,Eixample,5,el Fort Pienc,21,2011,..,1,13
2010,2,Eixample,5,el Fort Pienc,21,2011,..,2,1
2010,2,Eixample,5,el Fort Pienc,21,2011,..,2,4
2010,2,Eixample,5,el Fort Pienc,21,2011,..,2,5
2010,2,Eixample,5,el Fort Pienc,21,2011,5,2,6
2010,2,Eixample,5,el Fort Pienc,21,2011,..,2,7
2010,2,Eixample,5,el Fort Pienc,21,2011,..,2,8
2010,2,Eixample,5,el Fort Pienc,21,2011,..,2,9
2010,2,Eixample,5,el Fort Pienc,21,2012,..,1,0
2010,2,Eixample,5,el Fort Pienc,21,2012,..,1,2
2010,2,Eixample,5,el Fort Pienc,21,2012,..,1,3
2010,2,Eixample,5,el Fort Pienc,21,2012,15,1,4
2010,2,Eixample,5,el Fort Pienc,21,2012,17,1,5
2010,2,Eixample,5,el Fort Pienc,21,2012,6,1,6
2010,2,Eixample,5,el Fort Pienc,21,2012,..,1,7
2010,2,Eixample,5,el Fort Pienc,21,2012,..,1,8
2010,2,Eixample,5,el Fort Pienc,21,2012,..,1,10
2010,2,Eixample,5,el Fort Pienc,21,2012,..,1,11
2010,2,Eixample,5,el Fort Pienc,21,2012,..,1,13
2010,2,Eixample,5,el Fort Pienc,21,2012,..,1,15
2010,2,Eixample,5,el Fort Pienc,21,2012,..,2,1
2010,2,Eixample,5,el Fort Pienc,21,2012,..,2,2
2010,2,Eixample,5,el Fort Pienc,21,2012,..,2,3
2010,2,Eixample,5,el Fort Pienc,21,2012,6,2,4
2010,2,Eixample,5,el Fort Pienc,21,2012,10,2,5
2010,2,Eixample,5,el Fort Pienc,21,2012,12,2,6
2010,2,Eixample,5,el Fort Pienc,21,2012,5,2,7
2010,2,Eixample,5,el Fort Pienc,21,2012,..,2,8
2010,2,Eixample,5,el Fort Pienc,21,2012,..,2,9
2010,2,Eixample,5,el Fort Pienc,21,2012,..,2,10
2010,2,Eixample,5,el Fort Pienc,21,2012,..,2,11
2010,2,Eixample,5,el Fort Pienc,21,2012,..,2,12
2010,2,Eixample,5,el Fort Pienc,21,2012,..,2,13
2010,2,Eixample,5,el Fort Pienc,21,2012,..,2,15
2010,2,Eixample,5,el Fort Pienc,21,2012,..,2,16
2010,2,Eixample,5,el Fort Pienc,21,2013,..,1,0
2010,2,Eixample,5,el Fort Pienc,21,2013,..,1,1
2010,2,Eixample,5,el Fort Pienc,21,2013,..,1,3
2010,2,Eixample,5,el Fort Pienc,21,2013,6,1,4
2010,2,Eixample,5,el Fort Pienc,21,2013,8,1,5
2010,2,Eixample,5,el Fort Pienc,21,2013,6,1,6
2010,2,Eixample,5,el Fort Pienc,21,2013,..,1,7
2010,2,Eixample,5,el Fort Pienc,21,2013,..,1,8
2010,2,Eixample,5,el Fort Pienc,21,2013,..,1,9
2010,2,Eixample,5,el Fort Pienc,21,2013,..,1,11
2010,2,Eixample,5,el Fort Pienc,21,2013,..,1,12
2010,2,Eixample,5,el Fort Pienc,21,2013,..,2,0
2010,2,Eixample,5,el Fort Pienc,21,2013,..,2,1
2010,2,Eixample,5,el Fort Pienc,21,2013,..,2,2
2010,2,Eixample,5,el Fort Pienc,21,2013,..,2,3
2010,2,Eixample,5,el Fort Pienc,21,2013,..,2,4
2010,2,Eixample,5,el Fort Pienc,21,2013,15,2,5
2010,2,Eixample,5,el Fort Pienc,21,2013,7,2,6
2010,2,Eixample,5,el Fort Pienc,21,2013,..,2,7
2010,2,Eixample,5,el Fort Pienc,21,2013,..,2,8
2010,2,Eixample,5,el Fort Pienc,21,2013,..,2,9
2010,2,Eixample,5,el Fort Pienc,21,2013,..,2,10
2010,2,Eixample,5,el Fort Pienc,21,2013,..,2,14
2010,2,Eixample,5,el Fort Pienc,22,2014,..,1,2
2010,2,Eixample,5,el Fort Pienc,22,2014,..,1,3
2010,2,Eixample,5,el Fort Pienc,22,2014,8,1,4
2010,2,Eixample,5,el Fort Pienc,22,2014,18,1,5
2010,2,Eixample,5,el Fort Pienc,22,2014,8,1,6
2010,2,Eixample,5,el Fort Pienc,22,2014,7,1,7
2010,2,Eixample,5,el Fort Pienc,22,2014,..,1,8
2010,2,Eixample,5,el Fort Pienc,22,2014,..,1,9
2010,2,Eixample,5,el Fort Pienc,22,2014,..,1,10
2010,2,Eixample,5,el Fort Pienc,22,2014,..,1,11
2010,2,Eixample,5,el Fort Pienc,22,2014,..,1,12
2010,2,Eixample,5,el Fort Pienc,22,2014,..,1,13
2010,2,Eixample,5,el Fort Pienc,22,2014,..,2,0
2010,2,Eixample,5,el Fort Pienc,22,2014,..,2,2
2010,2,Eixample,5,el Fort Pienc,22,2014,..,2,3
2010,2,Eixample,5,el Fort Pienc,22,2014,7,2,4
2010,2,Eixample,5,el Fort Pienc,22,2014,19,2,5
2010,2,Eixample,5,el Fort Pienc,22,2014,16,2,6
2010,2,Eixample,5,el Fort Pienc,22,2014,..,2,7
2010,2,Eixample,5,el Fort Pienc,22,2014,..,2,8
2010,2,Eixample,5,el Fort Pienc,22,2014,..,2,9
2010,2,Eixample,5,el Fort Pienc,22,2014,..,2,10
2010,2,Eixample,5,el Fort Pienc,22,2014,..,2,11
2010,2,Eixample,5,el Fort Pienc,22,2014,..,2,13
2010,2,Eixample,5,el Fort Pienc,22,2015,..,1,0
2010,2,Eixample,5,el Fort Pienc,22,2015,..,1,1
2010,2,Eixample,5,el Fort Pienc,22,2015,..,1,2
2010,2,Eixample,5,el Fort Pienc,22,2015,9,1,4
2010,2,Eixample,5,el Fort Pienc,22,2015,10,1,5
2010,2,Eixample,5,el Fort Pienc,22,2015,8,1,6
2010,2,Eixample,5,el Fort Pienc,22,2015,7,1,7
2010,2,Eixample,5,el Fort Pienc,22,2015,..,1,8
2010,2,Eixample,5,el Fort Pienc,22,2015,..,1,9
2010,2,Eixample,5,el Fort Pienc,22,2015,..,1,10
2010,2,Eixample,5,el Fort Pienc,22,2015,..,1,11
2010,2,Eixample,5,el Fort Pienc,22,2015,..,1,12
2010,2,Eixample,5,el Fort Pienc,22,2015,..,1,13
2010,2,Eixample,5,el Fort Pienc,22,2015,..,2,2
2010,2,Eixample,5,el Fort Pienc,22,2015,..,2,3
2010,2,Eixample,5,el Fort Pienc,22,2015,5,2,4
2010,2,Eixample,5,el Fort Pienc,22,2015,19,2,5
2010,2,Eixample,5,el Fort Pienc,22,2015,10,2,6
2010,2,Eixample,5,el Fort Pienc,22,2015,8,2,7
2010,2,Eixample,5,el Fort Pienc,22,2015,..,2,8
2010,2,Eixample,5,el Fort Pienc,22,2015,..,2,9
2010,2,Eixample,5,el Fort Pienc,22,2015,..,2,11
2010,2,Eixample,5,el Fort Pienc,22,2015,..,2,15
2010,2,Eixample,5,el Fort Pienc,22,2016,..,1,0
2010,2,Eixample,5,el Fort Pienc,22,2016,..,1,2
2010,2,Eixample,5,el Fort Pienc,22,2016,7,1,4
2010,2,Eixample,5,el Fort Pienc,22,2016,16,1,5
2010,2,Eixample,5,el Fort Pienc,22,2016,6,1,6
2010,2,Eixample,5,el Fort Pienc,22,2016,6,1,7
2010,2,Eixample,5,el Fort Pienc,22,2016,..,1,8
2010,2,Eixample,5,el Fort Pienc,22,2016,..,1,9
2010,2,Eixample,5,el Fort Pienc,22,2016,..,1,10
2010,2,Eixample,5,el Fort Pienc,22,2016,..,1,11
2010,2,Eixample,5,el Fort Pienc,22,2016,..,1,12
2010,2,Eixample,5,el Fort Pienc,22,2016,..,1,13
2010,2,Eixample,5,el Fort Pienc,22,2016,..,1,16
2010,2,Eixample,5,el Fort Pienc,22,2016,..,2,1
2010,2,Eixample,5,el Fort Pienc,22,2016,8,2,4
2010,2,Eixample,5,el Fort Pienc,22,2016,15,2,5
2010,2,Eixample,5,el Fort Pienc,22,2016,13,2,6
2010,2,Eixample,5,el Fort Pienc,22,2016,5,2,7
2010,2,Eixample,5,el Fort Pienc,22,2016,..,2,8
2010,2,Eixample,5,el Fort Pienc,22,2016,..,2,11
2010,2,Eixample,5,el Fort Pienc,22,2016,..,2,17
2010,2,Eixample,5,el Fort Pienc,22,2017,..,1,2
2010,2,Eixample,5,el Fort Pienc,22,2017,..,1,3
2010,2,Eixample,5,el Fort Pienc,22,2017,15,1,4
2010,2,Eixample,5,el Fort Pienc,22,2017,12,1,5
2010,2,Eixample,5,el Fort Pienc,22,2017,5,1,6
2010,2,Eixample,5,el Fort Pienc,22,2017,..,1,7
2010,2,Eixample,5,el Fort Pienc,22,2017,..,1,8
2010,2,Eixample,5,el Fort Pienc,22,2017,..,1,9
2010,2,Eixample,5,el Fort Pienc,22,2017,..,1,10
2010,2,Eixample,5,el Fort Pienc,22,2017,..,1,11
2010,2,Eixample,5,el Fort Pienc,22,2017,..,1,12
2010,2,Eixample,5,el Fort Pienc,22,2017,..,1,13
2010,2,Eixample,5,el Fort Pienc,22,2017,..,1,18
2010,2,Eixample,5,el Fort Pienc,22,2017,..,2,0
2010,2,Eixample,5,el Fort Pienc,22,2017,..,2,1
2010,2,Eixample,5,el Fort Pienc,22,2017,..,2,3
2010,2,Eixample,5,el Fort Pienc,22,2017,9,2,4
2010,2,Eixample,5,el Fort Pienc,22,2017,12,2,5
2010,2,Eixample,5,el Fort Pienc,22,2017,7,2,6
2010,2,Eixample,5,el Fort Pienc,22,2017,6,2,7
2010,2,Eixample,5,el Fort Pienc,22,2017,5,2,8
2010,2,Eixample,5,el Fort Pienc,22,2017,..,2,9
2010,2,Eixample,5,el Fort Pienc,22,2017,..,2,10
2010,2,Eixample,5,el Fort Pienc,22,2017,..,2,11
2010,2,Eixample,5,el Fort Pienc,22,2017,..,2,13
2010,2,Eixample,5,el Fort Pienc,22,2017,..,2,15
2010,2,Eixample,5,el Fort Pienc,22,2018,..,1,1
2010,2,Eixample,5,el Fort Pienc,22,2018,..,1,2
2010,2,Eixample,5,el Fort Pienc,22,2018,7,1,4
2010,2,Eixample,5,el Fort Pienc,22,2018,12,1,5
2010,2,Eixample,5,el Fort Pienc,22,2018,7,1,6
2010,2,Eixample,5,el Fort Pienc,22,2018,..,1,7
2010,2,Eixample,5,el Fort Pienc,22,2018,..,1,8
2010,2,Eixample,5,el Fort Pienc,22,2018,..,1,9
2010,2,Eixample,5,el Fort Pienc,22,2018,..,1,10
2010,2,Eixample,5,el Fort Pienc,22,2018,..,1,11
2010,2,Eixample,5,el Fort Pienc,22,2018,..,1,12
2010,2,Eixample,5,el Fort Pienc,22,2018,..,1,14
2010,2,Eixample,5,el Fort Pienc,22,2018,..,1,16
2010,2,Eixample,5,el Fort Pienc,22,2018,..,2,0
2010,2,Eixample,5,el Fort Pienc,22,2018,..,2,3
2010,2,Eixample,5,el Fort Pienc,22,2018,..,2,4
2010,2,Eixample,5,el Fort Pienc,22,2018,7,2,5
2010,2,Eixample,5,el Fort Pienc,22,2018,..,2,6
2010,2,Eixample,5,el Fort Pienc,22,2018,..,2,7
2010,2,Eixample,5,el Fort Pienc,22,2018,6,2,8
2010,2,Eixample,5,el Fort Pienc,22,2018,..,2,10
2010,2,Eixample,5,el Fort Pienc,22,2018,..,2,12
2010,2,Eixample,5,el Fort Pienc,22,2018,..,2,13
2010,2,Eixample,5,el Fort Pienc,22,2018,..,2,14
2010,2,Eixample,5,el Fort Pienc,22,2018,..,2,15
2010,2,Eixample,5,el Fort Pienc,22,2019,..,1,0
2010,2,Eixample,5,el Fort Pienc,22,2019,..,1,1
2010,2,Eixample,5,el Fort Pienc,22,2019,..,1,2
2010,2,Eixample,5,el Fort Pienc,22,2019,..,1,3
2010,2,Eixample,5,el Fort Pienc,22,2019,8,1,4
2010,2,Eixample,5,el Fort Pienc,22,2019,7,1,5
2010,2,Eixample,5,el Fort Pienc,22,2019,8,1,6
2010,2,Eixample,5,el Fort Pienc,22,2019,..,1,7
2010,2,Eixample,5,el Fort Pienc,22,2019,..,1,8
2010,2,Eixample,5,el Fort Pienc,22,2019,..,1,9
2010,2,Eixample,5,el Fort Pienc,22,2019,..,1,10
2010,2,Eixample,5,el Fort Pienc,22,2019,..,1,12
2010,2,Eixample,5,el Fort Pienc,22,2019,..,1,14
2010,2,Eixample,5,el Fort Pienc,22,2019,..,1,15
2010,2,Eixample,5,el Fort Pienc,22,2019,..,2,0
2010,2,Eixample,5,el Fort Pienc,22,2019,..,2,1
2010,2,Eixample,5,el Fort Pienc,22,2019,..,2,2
2010,2,Eixample,5,el Fort Pienc,22,2019,..,2,3
2010,2,Eixample,5,el Fort Pienc,22,2019,..,2,4
2010,2,Eixample,5,el Fort Pienc,22,2019,7,2,5
2010,2,Eixample,5,el Fort Pienc,22,2019,8,2,6
2010,2,Eixample,5,el Fort Pienc,22,2019,8,2,7
2010,2,Eixample,5,el Fort Pienc,22,2019,..,2,8
2010,2,Eixample,5,el Fort Pienc,22,2019,..,2,9
2010,2,Eixample,5,el Fort Pienc,22,2019,..,2,10
2010,2,Eixample,5,el Fort Pienc,22,2019,..,2,11
2010,2,Eixample,5,el Fort Pienc,22,2020,..,1,0
2010,2,Eixample,5,el Fort Pienc,22,2020,..,1,1
2010,2,Eixample,5,el Fort Pienc,22,2020,..,1,2
2010,2,Eixample,5,el Fort Pienc,22,2020,..,1,3
2010,2,Eixample,5,el Fort Pienc,22,2020,8,1,4
2010,2,Eixample,5,el Fort Pienc,22,2020,15,1,5
2010,2,Eixample,5,el Fort Pienc,22,2020,6,1,6
2010,2,Eixample,5,el Fort Pienc,22,2020,6,1,7
2010,2,Eixample,5,el Fort Pienc,22,2020,..,1,8
2010,2,Eixample,5,el Fort Pienc,22,2020,..,1,10
2010,2,Eixample,5,el Fort Pienc,22,2020,..,1,11
2010,2,Eixample,5,el Fort Pienc,22,2020,..,1,12
2010,2,Eixample,5,el Fort Pienc,22,2020,..,1,16
2010,2,Eixample,5,el Fort Pienc,22,2020,..,1,18
2010,2,Eixample,5,el Fort Pienc,22,2020,..,2,1
2010,2,Eixample,5,el Fort Pienc,22,2020,..,2,3
2010,2,Eixample,5,el Fort Pienc,22,2020,6,2,4
2010,2,Eixample,5,el Fort Pienc,22,2020,11,2,5
2010,2,Eixample,5,el Fort Pienc,22,2020,6,2,6
2010,2,Eixample,5,el Fort Pienc,22,2020,7,2,7
2010,2,Eixample,5,el Fort Pienc,22,2020,..,2,8
2010,2,Eixample,5,el Fort Pienc,22,2020,..,2,9
2010,2,Eixample,5,el Fort Pienc,22,2020,..,2,10
2010,2,Eixample,5,el Fort Pienc,22,2020,..,2,11
2010,2,Eixample,5,el Fort Pienc,22,2020,..,2,12
2010,2,Eixample,5,el Fort Pienc,22,2020,..,2,13
2010,2,Eixample,6,la Sagrada Família,23,2021,..,1,1
2010,2,Eixample,6,la Sagrada Família,23,2021,..,1,2
2010,2,Eixample,6,la Sagrada Família,23,2021,..,1,3
2010,2,Eixample,6,la Sagrada Família,23,2021,..,1,4
2010,2,Eixample,6,la Sagrada Família,23,2021,11,1,5
2010,2,Eixample,6,la Sagrada Família,23,2021,5,1,6
2010,2,Eixample,6,la Sagrada Família,23,2021,6,1,7
2010,2,Eixample,6,la Sagrada Família,23,2021,..,1,9
2010,2,Eixample,6,la Sagrada Família,23,2021,5,1,10
2010,2,Eixample,6,la Sagrada Família,23,2021,..,1,11
2010,2,Eixample,6,la Sagrada Família,23,2021,..,1,13
2010,2,Eixample,6,la Sagrada Família,23,2021,..,2,2
2010,2,Eixample,6,la Sagrada Família,23,2021,..,2,3
2010,2,Eixample,6,la Sagrada Família,23,2021,5,2,4
2010,2,Eixample,6,la Sagrada Família,23,2021,12,2,5
2010,2,Eixample,6,la Sagrada Família,23,2021,6,2,6
2010,2,Eixample,6,la Sagrada Família,23,2021,..,2,7
2010,2,Eixample,6,la Sagrada Família,23,2021,..,2,8
2010,2,Eixample,6,la Sagrada Família,23,2021,..,2,9
2010,2,Eixample,6,la Sagrada Família,23,2021,..,2,11
2010,2,Eixample,6,la Sagrada Família,23,2021,..,2,16
2010,2,Eixample,6,la Sagrada Família,23,2022,..,1,0
2010,2,Eixample,6,la Sagrada Família,23,2022,..,1,2
2010,2,Eixample,6,la Sagrada Família,23,2022,..,1,3
2010,2,Eixample,6,la Sagrada Família,23,2022,7,1,4
2010,2,Eixample,6,la Sagrada Família,23,2022,8,1,5
2010,2,Eixample,6,la Sagrada Família,23,2022,6,1,6
2010,2,Eixample,6,la Sagrada Família,23,2022,6,1,7
2010,2,Eixample,6,la Sagrada Família,23,2022,..,1,8
2010,2,Eixample,6,la Sagrada Família,23,2022,..,1,9
2010,2,Eixample,6,la Sagrada Família,23,2022,..,1,15
2010,2,Eixample,6,la Sagrada Família,23,2022,..,2,0
2010,2,Eixample,6,la Sagrada Família,23,2022,..,2,3
2010,2,Eixample,6,la Sagrada Família,23,2022,..,2,4
2010,2,Eixample,6,la Sagrada Família,23,2022,10,2,5
2010,2,Eixample,6,la Sagrada Família,23,2022,5,2,6
2010,2,Eixample,6,la Sagrada Família,23,2022,..,2,7
2010,2,Eixample,6,la Sagrada Família,23,2022,..,2,8
2010,2,Eixample,6,la Sagrada Família,23,2022,..,2,9
2010,2,Eixample,6,la Sagrada Família,23,2022,..,2,10
2010,2,Eixample,6,la Sagrada Família,23,2022,..,2,11
2010,2,Eixample,6,la Sagrada Família,23,2022,..,2,12
2010,2,Eixample,6,la Sagrada Família,23,2023,..,1,0
2010,2,Eixample,6,la Sagrada Família,23,2023,..,1,1
2010,2,Eixample,6,la Sagrada Família,23,2023,5,1,4
2010,2,Eixample,6,la Sagrada Família,23,2023,6,1,5
2010,2,Eixample,6,la Sagrada Família,23,2023,..,1,6
2010,2,Eixample,6,la Sagrada Família,23,2023,..,1,7
2010,2,Eixample,6,la Sagrada Família,23,2023,..,1,8
2010,2,Eixample,6,la Sagrada Família,23,2023,..,1,9
2010,2,Eixample,6,la Sagrada Família,23,2023,..,1,12
2010,2,Eixample,6,la Sagrada Família,23,2023,..,1,13
2010,2,Eixample,6,la Sagrada Família,23,2023,..,1,16
2010,2,Eixample,6,la Sagrada Família,23,2023,..,2,0
2010,2,Eixample,6,la Sagrada Família,23,2023,..,2,2
2010,2,Eixample,6,la Sagrada Família,23,2023,..,2,4
2010,2,Eixample,6,la Sagrada Família,23,2023,7,2,5
2010,2,Eixample,6,la Sagrada Família,23,2023,..,2,6
2010,2,Eixample,6,la Sagrada Família,23,2023,..,2,10
2010,2,Eixample,6,la Sagrada Família,23,2023,..,2,11
2010,2,Eixample,6,la Sagrada Família,23,2023,..,2,13
2010,2,Eixample,6,la Sagrada Família,23,2024,..,1,0
2010,2,Eixample,6,la Sagrada Família,23,2024,..,1,3
2010,2,Eixample,6,la Sagrada Família,23,2024,5,1,4
2010,2,Eixample,6,la Sagrada Família,23,2024,10,1,5
2010,2,Eixample,6,la Sagrada Família,23,2024,6,1,6
2010,2,Eixample,6,la Sagrada Família,23,2024,..,1,7
2010,2,Eixample,6,la Sagrada Família,23,2024,..,1,8
2010,2,Eixample,6,la Sagrada Família,23,2024,..,1,10
2010,2,Eixample,6,la Sagrada Família,23,2024,..,1,16
2010,2,Eixample,6,la Sagrada Família,23,2024,..,2,0
2010,2,Eixample,6,la Sagrada Família,23,2024,..,2,1
2010,2,Eixample,6,la Sagrada Família,23,2024,..,2,2
2010,2,Eixample,6,la Sagrada Família,23,2024,..,2,3
2010,2,Eixample,6,la Sagrada Família,23,2024,8,2,4
2010,2,Eixample,6,la Sagrada Família,23,2024,11,2,5
2010,2,Eixample,6,la Sagrada Família,23,2024,5,2,6
2010,2,Eixample,6,la Sagrada Família,23,2024,..,2,7
2010,2,Eixample,6,la Sagrada Família,23,2024,..,2,8
2010,2,Eixample,6,la Sagrada Família,23,2024,..,2,9
2010,2,Eixample,6,la Sagrada Família,23,2024,..,2,10
2010,2,Eixample,6,la Sagrada Família,23,2024,..,2,11
2010,2,Eixample,6,la Sagrada Família,23,2024,..,2,17
2010,2,Eixample,6,la Sagrada Família,24,2025,..,1,0
2010,2,Eixample,6,la Sagrada Família,24,2025,..,1,1
2010,2,Eixample,6,la Sagrada Família,24,2025,10,1,4
2010,2,Eixample,6,la Sagrada Família,24,2025,12,1,5
2010,2,Eixample,6,la Sagrada Família,24,2025,..,1,6
2010,2,Eixample,6,la Sagrada Família,24,2025,..,1,7
2010,2,Eixample,6,la Sagrada Família,24,2025,..,1,8
2010,2,Eixample,6,la Sagrada Família,24,2025,..,1,9
2010,2,Eixample,6,la Sagrada Família,24,2025,..,1,10
2010,2,Eixample,6,la Sagrada Família,24,2025,..,1,11
2010,2,Eixample,6,la Sagrada Família,24,2025,..,1,12
2010,2,Eixample,6,la Sagrada Família,24,2025,..,1,14
2010,2,Eixample,6,la Sagrada Família,24,2025,..,2,0
2010,2,Eixample,6,la Sagrada Família,24,2025,..,2,3
2010,2,Eixample,6,la Sagrada Família,24,2025,6,2,4
2010,2,Eixample,6,la Sagrada Família,24,2025,14,2,5
2010,2,Eixample,6,la Sagrada Família,24,2025,7,2,6
2010,2,Eixample,6,la Sagrada Família,24,2025,..,2,7
2010,2,Eixample,6,la Sagrada Família,24,2025,..,2,8
2010,2,Eixample,6,la Sagrada Família,24,2025,..,2,10
2010,2,Eixample,6,la Sagrada Família,24,2025,..,2,12
2010,2,Eixample,6,la Sagrada Família,24,2025,..,2,13
2010,2,Eixample,6,la Sagrada Família,24,2026,..,1,0
2010,2,Eixample,6,la Sagrada Família,24,2026,..,1,1
2010,2,Eixample,6,la Sagrada Família,24,2026,..,1,2
2010,2,Eixample,6,la Sagrada Família,24,2026,5,1,3
2010,2,Eixample,6,la Sagrada Família,24,2026,14,1,4
2010,2,Eixample,6,la Sagrada Família,24,2026,9,1,5
2010,2,Eixample,6,la Sagrada Família,24,2026,7,1,6
2010,2,Eixample,6,la Sagrada Família,24,2026,7,1,7
2010,2,Eixample,6,la Sagrada Família,24,2026,..,1,8
2010,2,Eixample,6,la Sagrada Família,24,2026,..,1,9
2010,2,Eixample,6,la Sagrada Família,24,2026,..,1,10
2010,2,Eixample,6,la Sagrada Família,24,2026,..,1,11
2010,2,Eixample,6,la Sagrada Família,24,2026,..,1,12
2010,2,Eixample,6,la Sagrada Família,24,2026,..,2,0
2010,2,Eixample,6,la Sagrada Família,24,2026,..,2,1
2010,2,Eixample,6,la Sagrada Família,24,2026,..,2,2
2010,2,Eixample,6,la Sagrada Família,24,2026,12,2,4
2010,2,Eixample,6,la Sagrada Família,24,2026,13,2,5
2010,2,Eixample,6,la Sagrada Família,24,2026,6,2,6
2010,2,Eixample,6,la Sagrada Família,24,2026,7,2,7
2010,2,Eixample,6,la Sagrada Família,24,2026,..,2,8
2010,2,Eixample,6,la Sagrada Família,24,2026,..,2,9
2010,2,Eixample,6,la Sagrada Família,24,2026,..,2,10
2010,2,Eixample,6,la Sagrada Família,24,2026,..,2,11
2010,2,Eixample,6,la Sagrada Família,24,2026,..,2,12
2010,2,Eixample,6,la Sagrada Família,24,2026,..,2,13
2010,2,Eixample,6,la Sagrada Família,24,2026,..,2,15
2010,2,Eixample,6,la Sagrada Família,24,2027,..,1,0
2010,2,Eixample,6,la Sagrada Família,24,2027,..,1,1
2010,2,Eixample,6,la Sagrada Família,24,2027,..,1,2
2010,2,Eixample,6,la Sagrada Família,24,2027,..,1,4
2010,2,Eixample,6,la Sagrada Família,24,2027,10,1,5
2010,2,Eixample,6,la Sagrada Família,24,2027,8,1,6
2010,2,Eixample,6,la Sagrada Família,24,2027,..,1,7
2010,2,Eixample,6,la Sagrada Família,24,2027,5,1,8
2010,2,Eixample,6,la Sagrada Família,24,2027,..,1,9
2010,2,Eixample,6,la Sagrada Família,24,2027,..,1,10
2010,2,Eixample,6,la Sagrada Família,24,2027,..,1,11
2010,2,Eixample,6,la Sagrada Família,24,2027,..,1,12
2010,2,Eixample,6,la Sagrada Família,24,2027,..,1,13
2010,2,Eixample,6,la Sagrada Família,24,2027,..,1,14
2010,2,Eixample,6,la Sagrada Família,24,2027,..,1,15
2010,2,Eixample,6,la Sagrada Família,24,2027,..,1,16
2010,2,Eixample,6,la Sagrada Família,24,2027,..,2,1
2010,2,Eixample,6,la Sagrada Família,24,2027,..,2,2
2010,2,Eixample,6,la Sagrada Família,24,2027,5,2,3
2010,2,Eixample,6,la Sagrada Família,24,2027,..,2,4
2010,2,Eixample,6,la Sagrada Família,24,2027,17,2,5
2010,2,Eixample,6,la Sagrada Família,24,2027,5,2,6
2010,2,Eixample,6,la Sagrada Família,24,2027,6,2,7
2010,2,Eixample,6,la Sagrada Família,24,2027,..,2,8
2010,2,Eixample,6,la Sagrada Família,24,2027,..,2,9
2010,2,Eixample,6,la Sagrada Família,24,2027,..,2,10
2010,2,Eixample,6,la Sagrada Família,24,2027,..,2,11
2010,2,Eixample,6,la Sagrada Família,24,2027,..,2,13
2010,2,Eixample,6,la Sagrada Família,24,2027,..,2,15
2010,2,Eixample,6,la Sagrada Família,24,2027,..,2,16
2010,2,Eixample,6,la Sagrada Família,24,2028,..,1,1
2010,2,Eixample,6,la Sagrada Família,24,2028,6,1,4
2010,2,Eixample,6,la Sagrada Família,24,2028,19,1,5
2010,2,Eixample,6,la Sagrada Família,24,2028,7,1,6
2010,2,Eixample,6,la Sagrada Família,24,2028,..,1,7
2010,2,Eixample,6,la Sagrada Família,24,2028,..,1,8
2010,2,Eixample,6,la Sagrada Família,24,2028,..,1,9
2010,2,Eixample,6,la Sagrada Família,24,2028,..,1,10
2010,2,Eixample,6,la Sagrada Família,24,2028,..,1,12
2010,2,Eixample,6,la Sagrada Família,24,2028,..,1,13
2010,2,Eixample,6,la Sagrada Família,24,2028,..,1,15
2010,2,Eixample,6,la Sagrada Família,24,2028,..,1,17
2010,2,Eixample,6,la Sagrada Família,24,2028,..,2,1
2010,2,Eixample,6,la Sagrada Família,24,2028,11,2,4
2010,2,Eixample,6,la Sagrada Família,24,2028,20,2,5
2010,2,Eixample,6,la Sagrada Família,24,2028,12,2,6
2010,2,Eixample,6,la Sagrada Família,24,2028,6,2,7
2010,2,Eixample,6,la Sagrada Família,24,2028,..,2,8
2010,2,Eixample,6,la Sagrada Família,24,2028,..,2,9
2010,2,Eixample,6,la Sagrada Família,24,2028,..,2,16
2010,2,Eixample,6,la Sagrada Família,24,2029,..,1,0
2010,2,Eixample,6,la Sagrada Família,24,2029,..,1,2
2010,2,Eixample,6,la Sagrada Família,24,2029,..,1,4
2010,2,Eixample,6,la Sagrada Família,24,2029,5,1,5
2010,2,Eixample,6,la Sagrada Família,24,2029,6,1,6
2010,2,Eixample,6,la Sagrada Família,24,2029,..,1,8
2010,2,Eixample,6,la Sagrada Família,24,2029,..,1,9
2010,2,Eixample,6,la Sagrada Família,24,2029,..,1,10
2010,2,Eixample,6,la Sagrada Família,24,2029,..,1,11
2010,2,Eixample,6,la Sagrada Família,24,2029,..,1,12
2010,2,Eixample,6,la Sagrada Família,24,2029,..,1,15
2010,2,Eixample,6,la Sagrada Família,24,2029,..,2,3
2010,2,Eixample,6,la Sagrada Família,24,2029,..,2,4
2010,2,Eixample,6,la Sagrada Família,24,2029,..,2,5
2010,2,Eixample,6,la Sagrada Família,24,2029,..,2,6
2010,2,Eixample,6,la Sagrada Família,24,2029,..,2,7
2010,2,Eixample,6,la Sagrada Família,24,2029,..,2,8
2010,2,Eixample,6,la Sagrada Família,24,2029,..,2,9
2010,2,Eixample,6,la Sagrada Família,24,2030,..,1,0
2010,2,Eixample,6,la Sagrada Família,24,2030,..,1,3
2010,2,Eixample,6,la Sagrada Família,24,2030,10,1,4
2010,2,Eixample,6,la Sagrada Família,24,2030,12,1,5
2010,2,Eixample,6,la Sagrada Família,24,2030,..,1,6
2010,2,Eixample,6,la Sagrada Família,24,2030,..,1,7
2010,2,Eixample,6,la Sagrada Família,24,2030,..,1,8
2010,2,Eixample,6,la Sagrada Família,24,2030,..,1,9
2010,2,Eixample,6,la Sagrada Família,24,2030,..,1,10
2010,2,Eixample,6,la Sagrada Família,24,2030,..,1,12
2010,2,Eixample,6,la Sagrada Família,24,2030,..,1,13
2010,2,Eixample,6,la Sagrada Família,24,2030,..,1,15
2010,2,Eixample,6,la Sagrada Família,24,2030,..,2,0
2010,2,Eixample,6,la Sagrada Família,24,2030,..,2,1
2010,2,Eixample,6,la Sagrada Família,24,2030,..,2,3
2010,2,Eixample,6,la Sagrada Família,24,2030,8,2,4
2010,2,Eixample,6,la Sagrada Família,24,2030,10,2,5
2010,2,Eixample,6,la Sagrada Família,24,2030,5,2,6
2010,2,Eixample,6,la Sagrada Família,24,2030,6,2,7
2010,2,Eixample,6,la Sagrada Família,24,2030,..,2,8
2010,2,Eixample,6,la Sagrada Família,24,2030,..,2,9
2010,2,Eixample,6,la Sagrada Família,24,2030,..,2,10
2010,2,Eixample,6,la Sagrada Família,24,2030,..,2,11
2010,2,Eixample,6,la Sagrada Família,24,2030,..,2,15
2010,2,Eixample,6,la Sagrada Família,24,2030,..,2,16
2010,2,Eixample,6,la Sagrada Família,24,2031,..,1,0
2010,2,Eixample,6,la Sagrada Família,24,2031,..,1,2
2010,2,Eixample,6,la Sagrada Família,24,2031,..,1,3
2010,2,Eixample,6,la Sagrada Família,24,2031,..,1,4
2010,2,Eixample,6,la Sagrada Família,24,2031,..,1,5
2010,2,Eixample,6,la Sagrada Família,24,2031,..,1,6
2010,2,Eixample,6,la Sagrada Família,24,2031,..,1,7
2010,2,Eixample,6,la Sagrada Família,24,2031,..,1,9
2010,2,Eixample,6,la Sagrada Família,24,2031,..,1,10
2010,2,Eixample,6,la Sagrada Família,24,2031,..,1,14
2010,2,Eixample,6,la Sagrada Família,24,2031,..,2,4
2010,2,Eixample,6,la Sagrada Família,24,2031,..,2,5
2010,2,Eixample,6,la Sagrada Família,24,2031,..,2,6
2010,2,Eixample,6,la Sagrada Família,24,2031,..,2,7
2010,2,Eixample,6,la Sagrada Família,24,2031,..,2,8
2010,2,Eixample,6,la Sagrada Família,24,2031,..,2,10
2010,2,Eixample,6,la Sagrada Família,24,2031,..,2,11
2010,2,Eixample,6,la Sagrada Família,24,2031,..,2,13
2010,2,Eixample,6,la Sagrada Família,24,2032,..,1,0
2010,2,Eixample,6,la Sagrada Família,24,2032,..,1,1
2010,2,Eixample,6,la Sagrada Família,24,2032,..,1,2
2010,2,Eixample,6,la Sagrada Família,24,2032,..,1,3
2010,2,Eixample,6,la Sagrada Família,24,2032,6,1,4
2010,2,Eixample,6,la Sagrada Família,24,2032,5,1,5
2010,2,Eixample,6,la Sagrada Família,24,2032,..,1,6
2010,2,Eixample,6,la Sagrada Família,24,2032,..,1,7
2010,2,Eixample,6,la Sagrada Família,24,2032,..,1,8
2010,2,Eixample,6,la Sagrada Família,24,2032,..,1,10
2010,2,Eixample,6,la Sagrada Família,24,2032,..,1,12
2010,2,Eixample,6,la Sagrada Família,24,2032,..,1,15
2010,2,Eixample,6,la Sagrada Família,24,2032,..,1,16
2010,2,Eixample,6,la Sagrada Família,24,2032,..,1,17
2010,2,Eixample,6,la Sagrada Família,24,2032,..,1,18
2010,2,Eixample,6,la Sagrada Família,24,2032,..,2,0
2010,2,Eixample,6,la Sagrada Família,24,2032,..,2,1
2010,2,Eixample,6,la Sagrada Família,24,2032,..,2,4
2010,2,Eixample,6,la Sagrada Família,24,2032,6,2,5
2010,2,Eixample,6,la Sagrada Família,24,2032,6,2,6
2010,2,Eixample,6,la Sagrada Família,24,2032,..,2,7
2010,2,Eixample,6,la Sagrada Família,24,2032,..,2,8
2010,2,Eixample,6,la Sagrada Família,24,2032,..,2,9
2010,2,Eixample,6,la Sagrada Família,24,2032,..,2,16
2010,2,Eixample,6,la Sagrada Família,24,2032,..,2,17
2010,2,Eixample,6,la Sagrada Família,25,2033,..,1,0
2010,2,Eixample,6,la Sagrada Família,25,2033,..,1,2
2010,2,Eixample,6,la Sagrada Família,25,2033,..,1,4
2010,2,Eixample,6,la Sagrada Família,25,2033,9,1,5
2010,2,Eixample,6,la Sagrada Família,25,2033,14,1,6
2010,2,Eixample,6,la Sagrada Família,25,2033,..,1,7
2010,2,Eixample,6,la Sagrada Família,25,2033,5,1,8
2010,2,Eixample,6,la Sagrada Família,25,2033,..,1,9
2010,2,Eixample,6,la Sagrada Família,25,2033,..,1,10
2010,2,Eixample,6,la Sagrada Família,25,2033,..,1,11
2010,2,Eixample,6,la Sagrada Família,25,2033,..,1,12
2010,2,Eixample,6,la Sagrada Família,25,2033,..,1,13
2010,2,Eixample,6,la Sagrada Família,25,2033,..,1,14
2010,2,Eixample,6,la Sagrada Família,25,2033,..,2,2
2010,2,Eixample,6,la Sagrada Família,25,2033,..,2,3
2010,2,Eixample,6,la Sagrada Família,25,2033,5,2,4
2010,2,Eixample,6,la Sagrada Família,25,2033,12,2,5
2010,2,Eixample,6,la Sagrada Família,25,2033,6,2,6
2010,2,Eixample,6,la Sagrada Família,25,2033,7,2,7
2010,2,Eixample,6,la Sagrada Família,25,2033,..,2,8
2010,2,Eixample,6,la Sagrada Família,25,2033,..,2,9
2010,2,Eixample,6,la Sagrada Família,25,2033,..,2,10
2010,2,Eixample,6,la Sagrada Família,25,2033,..,2,11
2010,2,Eixample,6,la Sagrada Família,25,2033,..,2,12
2010,2,Eixample,6,la Sagrada Família,25,2033,..,2,15
2010,2,Eixample,6,la Sagrada Família,25,2034,..,1,0
2010,2,Eixample,6,la Sagrada Família,25,2034,..,1,1
2010,2,Eixample,6,la Sagrada Família,25,2034,..,1,2
2010,2,Eixample,6,la Sagrada Família,25,2034,5,1,3
2010,2,Eixample,6,la Sagrada Família,25,2034,10,1,4
2010,2,Eixample,6,la Sagrada Família,25,2034,8,1,5
2010,2,Eixample,6,la Sagrada Família,25,2034,8,1,6
2010,2,Eixample,6,la Sagrada Família,25,2034,..,1,7
2010,2,Eixample,6,la Sagrada Família,25,2034,..,1,8
2010,2,Eixample,6,la Sagrada Família,25,2034,..,1,9
2010,2,Eixample,6,la Sagrada Família,25,2034,..,1,12
2010,2,Eixample,6,la Sagrada Família,25,2034,..,1,15
2010,2,Eixample,6,la Sagrada Família,25,2034,..,2,0
2010,2,Eixample,6,la Sagrada Família,25,2034,..,2,3
2010,2,Eixample,6,la Sagrada Família,25,2034,..,2,4
2010,2,Eixample,6,la Sagrada Família,25,2034,13,2,5
2010,2,Eixample,6,la Sagrada Família,25,2034,12,2,6
2010,2,Eixample,6,la Sagrada Família,25,2034,7,2,7
2010,2,Eixample,6,la Sagrada Família,25,2034,..,2,8
2010,2,Eixample,6,la Sagrada Família,25,2034,..,2,9
2010,2,Eixample,6,la Sagrada Família,25,2034,..,2,10
2010,2,Eixample,6,la Sagrada Família,25,2034,..,2,13
2010,2,Eixample,6,la Sagrada Família,25,2034,..,2,15
2010,2,Eixample,6,la Sagrada Família,25,2035,..,1,0
2010,2,Eixample,6,la Sagrada Família,25,2035,..,1,1
2010,2,Eixample,6,la Sagrada Família,25,2035,..,1,4
2010,2,Eixample,6,la Sagrada Família,25,2035,6,1,5
2010,2,Eixample,6,la Sagrada Família,25,2035,5,1,6
2010,2,Eixample,6,la Sagrada Família,25,2035,6,1,7
2010,2,Eixample,6,la Sagrada Família,25,2035,..,1,8
2010,2,Eixample,6,la Sagrada Família,25,2035,..,1,9
2010,2,Eixample,6,la Sagrada Família,25,2035,..,1,10
2010,2,Eixample,6,la Sagrada Família,25,2035,..,1,11
2010,2,Eixample,6,la Sagrada Família,25,2035,..,1,12
2010,2,Eixample,6,la Sagrada Família,25,2035,..,1,13
2010,2,Eixample,6,la Sagrada Família,25,2035,..,1,16
2010,2,Eixample,6,la Sagrada Família,25,2035,..,2,0
2010,2,Eixample,6,la Sagrada Família,25,2035,..,2,2
2010,2,Eixample,6,la Sagrada Família,25,2035,..,2,4
2010,2,Eixample,6,la Sagrada Família,25,2035,..,2,5
2010,2,Eixample,6,la Sagrada Família,25,2035,..,2,6
2010,2,Eixample,6,la Sagrada Família,25,2035,..,2,8
2010,2,Eixample,6,la Sagrada Família,25,2035,..,2,9
2010,2,Eixample,6,la Sagrada Família,25,2035,..,2,10
2010,2,Eixample,6,la Sagrada Família,25,2035,..,2,13
2010,2,Eixample,6,la Sagrada Família,25,2036,..,1,0
2010,2,Eixample,6,la Sagrada Família,25,2036,..,1,1
2010,2,Eixample,6,la Sagrada Família,25,2036,..,1,3
2010,2,Eixample,6,la Sagrada Família,25,2036,5,1,4
2010,2,Eixample,6,la Sagrada Família,25,2036,11,1,5
2010,2,Eixample,6,la Sagrada Família,25,2036,7,1,6
2010,2,Eixample,6,la Sagrada Família,25,2036,..,1,7
2010,2,Eixample,6,la Sagrada Família,25,2036,..,1,8
2010,2,Eixample,6,la Sagrada Família,25,2036,..,1,9
2010,2,Eixample,6,la Sagrada Família,25,2036,..,1,10
2010,2,Eixample,6,la Sagrada Família,25,2036,..,1,11
2010,2,Eixample,6,la Sagrada Família,25,2036,..,1,13
2010,2,Eixample,6,la Sagrada Família,25,2036,..,2,0
2010,2,Eixample,6,la Sagrada Família,25,2036,..,2,4
2010,2,Eixample,6,la Sagrada Família,25,2036,12,2,5
2010,2,Eixample,6,la Sagrada Família,25,2036,9,2,6
2010,2,Eixample,6,la Sagrada Família,25,2036,..,2,7
2010,2,Eixample,6,la Sagrada Família,25,2036,..,2,8
2010,2,Eixample,6,la Sagrada Família,25,2036,..,2,10
2010,2,Eixample,6,la Sagrada Família,25,2036,..,2,12
2010,2,Eixample,6,la Sagrada Família,25,2036,..,2,13
2010,2,Eixample,6,la Sagrada Família,25,2037,..,1,0
2010,2,Eixample,6,la Sagrada Família,25,2037,..,1,2
2010,2,Eixample,6,la Sagrada Família,25,2037,6,1,4
2010,2,Eixample,6,la Sagrada Família,25,2037,..,1,5
2010,2,Eixample,6,la Sagrada Família,25,2037,..,1,6
2010,2,Eixample,6,la Sagrada Família,25,2037,..,1,7
2010,2,Eixample,6,la Sagrada Família,25,2037,..,1,10
2010,2,Eixample,6,la Sagrada Família,25,2037,..,1,11
2010,2,Eixample,6,la Sagrada Família,25,2037,..,1,12
2010,2,Eixample,6,la Sagrada Família,25,2037,..,2,0
2010,2,Eixample,6,la Sagrada Família,25,2037,..,2,1
2010,2,Eixample,6,la Sagrada Família,25,2037,..,2,4
2010,2,Eixample,6,la Sagrada Família,25,2037,13,2,5
2010,2,Eixample,6,la Sagrada Família,25,2037,..,2,6
2010,2,Eixample,6,la Sagrada Família,25,2037,5,2,7
2010,2,Eixample,6,la Sagrada Família,25,2037,..,2,8
2010,2,Eixample,6,la Sagrada Família,25,2037,..,2,9
2010,2,Eixample,6,la Sagrada Família,25,2037,..,2,12
2010,2,Eixample,6,la Sagrada Família,25,2038,..,1,0
2010,2,Eixample,6,la Sagrada Família,25,2038,..,1,3
2010,2,Eixample,6,la Sagrada Família,25,2038,..,1,4
2010,2,Eixample,6,la Sagrada Família,25,2038,12,1,5
2010,2,Eixample,6,la Sagrada Família,25,2038,..,1,6
2010,2,Eixample,6,la Sagrada Família,25,2038,..,1,7
2010,2,Eixample,6,la Sagrada Família,25,2038,..,1,8
2010,2,Eixample,6,la Sagrada Família,25,2038,..,1,10
2010,2,Eixample,6,la Sagrada Família,25,2038,..,1,15
2010,2,Eixample,6,la Sagrada Família,25,2038,..,1,17
2010,2,Eixample,6,la Sagrada Família,25,2038,..,2,0
2010,2,Eixample,6,la Sagrada Família,25,2038,..,2,4
2010,2,Eixample,6,la Sagrada Família,25,2038,8,2,5
2010,2,Eixample,6,la Sagrada Família,25,2038,..,2,6
2010,2,Eixample,6,la Sagrada Família,25,2038,7,2,7
2010,2,Eixample,6,la Sagrada Família,25,2038,..,2,8
2010,2,Eixample,6,la Sagrada Família,25,2038,..,2,10
2010,2,Eixample,6,la Sagrada Família,25,2038,..,2,14
2010,2,Eixample,6,la Sagrada Família,25,2039,..,1,0
2010,2,Eixample,6,la Sagrada Família,25,2039,..,1,1
2010,2,Eixample,6,la Sagrada Família,25,2039,..,1,2
2010,2,Eixample,6,la Sagrada Família,25,2039,..,1,3
2010,2,Eixample,6,la Sagrada Família,25,2039,..,1,4
2010,2,Eixample,6,la Sagrada Família,25,2039,16,1,5
2010,2,Eixample,6,la Sagrada Família,25,2039,14,1,6
2010,2,Eixample,6,la Sagrada Família,25,2039,5,1,7
2010,2,Eixample,6,la Sagrada Família,25,2039,5,1,8
2010,2,Eixample,6,la Sagrada Família,25,2039,..,1,9
2010,2,Eixample,6,la Sagrada Família,25,2039,..,1,10
2010,2,Eixample,6,la Sagrada Família,25,2039,..,1,11
2010,2,Eixample,6,la Sagrada Família,25,2039,..,1,12
2010,2,Eixample,6,la Sagrada Família,25,2039,..,1,14
2010,2,Eixample,6,la Sagrada Família,25,2039,..,1,17
2010,2,Eixample,6,la Sagrada Família,25,2039,..,2,0
2010,2,Eixample,6,la Sagrada Família,25,2039,..,2,1
2010,2,Eixample,6,la Sagrada Família,25,2039,..,2,3
2010,2,Eixample,6,la Sagrada Família,25,2039,5,2,4
2010,2,Eixample,6,la Sagrada Família,25,2039,14,2,5
2010,2,Eixample,6,la Sagrada Família,25,2039,5,2,6
2010,2,Eixample,6,la Sagrada Família,25,2039,..,2,7
2010,2,Eixample,6,la Sagrada Família,25,2039,..,2,8
2010,2,Eixample,6,la Sagrada Família,25,2039,..,2,9
2010,2,Eixample,6,la Sagrada Família,25,2039,..,2,10
2010,2,Eixample,6,la Sagrada Família,25,2039,..,2,11
2010,2,Eixample,6,la Sagrada Família,25,2039,..,2,12
2010,2,Eixample,6,la Sagrada Família,25,2039,..,2,15
2010,2,Eixample,6,la Sagrada Família,25,2039,..,2,16
2010,2,Eixample,6,la Sagrada Família,25,2040,..,1,0
2010,2,Eixample,6,la Sagrada Família,25,2040,..,1,1
2010,2,Eixample,6,la Sagrada Família,25,2040,..,1,2
2010,2,Eixample,6,la Sagrada Família,25,2040,..,1,3
2010,2,Eixample,6,la Sagrada Família,25,2040,13,1,4
2010,2,Eixample,6,la Sagrada Família,25,2040,18,1,5
2010,2,Eixample,6,la Sagrada Família,25,2040,11,1,6
2010,2,Eixample,6,la Sagrada Família,25,2040,5,1,7
2010,2,Eixample,6,la Sagrada Família,25,2040,7,1,8
2010,2,Eixample,6,la Sagrada Família,25,2040,..,1,9
2010,2,Eixample,6,la Sagrada Família,25,2040,..,1,10
2010,2,Eixample,6,la Sagrada Família,25,2040,..,1,11
2010,2,Eixample,6,la Sagrada Família,25,2040,..,1,12
2010,2,Eixample,6,la Sagrada Família,25,2040,..,1,13
2010,2,Eixample,6,la Sagrada Família,25,2040,..,1,15
2010,2,Eixample,6,la Sagrada Família,25,2040,5,2,0
2010,2,Eixample,6,la Sagrada Família,25,2040,..,2,2
2010,2,Eixample,6,la Sagrada Família,25,2040,..,2,3
2010,2,Eixample,6,la Sagrada Família,25,2040,8,2,4
2010,2,Eixample,6,la Sagrada Família,25,2040,21,2,5
2010,2,Eixample,6,la Sagrada Família,25,2040,12,2,6
2010,2,Eixample,6,la Sagrada Família,25,2040,..,2,7
2010,2,Eixample,6,la Sagrada Família,25,2040,5,2,8
2010,2,Eixample,6,la Sagrada Família,25,2040,..,2,10
2010,2,Eixample,6,la Sagrada Família,25,2040,..,2,11
2010,2,Eixample,6,la Sagrada Família,25,2040,..,2,12
2010,2,Eixample,6,la Sagrada Família,25,2040,..,2,15
2010,2,Eixample,6,la Sagrada Família,26,2041,..,1,0
2010,2,Eixample,6,la Sagrada Família,26,2041,..,1,2
2010,2,Eixample,6,la Sagrada Família,26,2041,..,1,3
2010,2,Eixample,6,la Sagrada Família,26,2041,8,1,4
2010,2,Eixample,6,la Sagrada Família,26,2041,10,1,5
2010,2,Eixample,6,la Sagrada Família,26,2041,7,1,6
2010,2,Eixample,6,la Sagrada Família,26,2041,..,1,7
2010,2,Eixample,6,la Sagrada Família,26,2041,5,1,8
2010,2,Eixample,6,la Sagrada Família,26,2041,..,1,9
2010,2,Eixample,6,la Sagrada Família,26,2041,..,1,10
2010,2,Eixample,6,la Sagrada Família,26,2041,..,1,13
2010,2,Eixample,6,la Sagrada Família,26,2041,..,1,16
2010,2,Eixample,6,la Sagrada Família,26,2041,..,1,17
2010,2,Eixample,6,la Sagrada Família,26,2041,..,2,0
2010,2,Eixample,6,la Sagrada Família,26,2041,..,2,1
2010,2,Eixample,6,la Sagrada Família,26,2041,..,2,2
2010,2,Eixample,6,la Sagrada Família,26,2041,..,2,3
2010,2,Eixample,6,la Sagrada Família,26,2041,..,2,4
2010,2,Eixample,6,la Sagrada Família,26,2041,..,2,5
2010,2,Eixample,6,la Sagrada Família,26,2041,11,2,6
2010,2,Eixample,6,la Sagrada Família,26,2041,6,2,7
2010,2,Eixample,6,la Sagrada Família,26,2041,..,2,8
2010,2,Eixample,6,la Sagrada Família,26,2041,..,2,9
2010,2,Eixample,6,la Sagrada Família,26,2041,..,2,11
2010,2,Eixample,6,la Sagrada Família,26,2041,..,2,12
2010,2,Eixample,6,la Sagrada Família,26,2041,..,2,14
2010,2,Eixample,6,la Sagrada Família,26,2041,..,2,15
2010,2,Eixample,6,la Sagrada Família,26,2042,..,1,0
2010,2,Eixample,6,la Sagrada Família,26,2042,..,1,1
2010,2,Eixample,6,la Sagrada Família,26,2042,..,1,3
2010,2,Eixample,6,la Sagrada Família,26,2042,..,1,4
2010,2,Eixample,6,la Sagrada Família,26,2042,13,1,5
2010,2,Eixample,6,la Sagrada Família,26,2042,6,1,6
2010,2,Eixample,6,la Sagrada Família,26,2042,..,1,7
2010,2,Eixample,6,la Sagrada Família,26,2042,..,1,8
2010,2,Eixample,6,la Sagrada Família,26,2042,..,1,10
2010,2,Eixample,6,la Sagrada Família,26,2042,..,1,11
2010,2,Eixample,6,la Sagrada Família,26,2042,..,1,17
2010,2,Eixample,6,la Sagrada Família,26,2042,..,1,18
2010,2,Eixample,6,la Sagrada Família,26,2042,..,2,0
2010,2,Eixample,6,la Sagrada Família,26,2042,..,2,1
2010,2,Eixample,6,la Sagrada Família,26,2042,..,2,2
2010,2,Eixample,6,la Sagrada Família,26,2042,..,2,3
2010,2,Eixample,6,la Sagrada Família,26,2042,..,2,4
2010,2,Eixample,6,la Sagrada Família,26,2042,5,2,5
2010,2,Eixample,6,la Sagrada Família,26,2042,6,2,6
2010,2,Eixample,6,la Sagrada Família,26,2042,..,2,7
2010,2,Eixample,6,la Sagrada Família,26,2042,..,2,8
2010,2,Eixample,6,la Sagrada Família,26,2042,..,2,10
2010,2,Eixample,6,la Sagrada Família,26,2042,..,2,11
2010,2,Eixample,6,la Sagrada Família,26,2043,6,1,4
2010,2,Eixample,6,la Sagrada Família,26,2043,9,1,5
2010,2,Eixample,6,la Sagrada Família,26,2043,7,1,6
2010,2,Eixample,6,la Sagrada Família,26,2043,..,1,7
2010,2,Eixample,6,la Sagrada Família,26,2043,..,1,8
2010,2,Eixample,6,la Sagrada Família,26,2043,..,1,9
2010,2,Eixample,6,la Sagrada Família,26,2043,..,1,10
2010,2,Eixample,6,la Sagrada Família,26,2043,..,1,11
2010,2,Eixample,6,la Sagrada Família,26,2043,..,1,12
2010,2,Eixample,6,la Sagrada Família,26,2043,..,1,13
2010,2,Eixample,6,la Sagrada Família,26,2043,..,2,0
2010,2,Eixample,6,la Sagrada Família,26,2043,..,2,2
2010,2,Eixample,6,la Sagrada Família,26,2043,..,2,4
2010,2,Eixample,6,la Sagrada Família,26,2043,..,2,5
2010,2,Eixample,6,la Sagrada Família,26,2043,..,2,6
2010,2,Eixample,6,la Sagrada Família,26,2043,..,2,7
2010,2,Eixample,6,la Sagrada Família,26,2043,..,2,8
2010,2,Eixample,6,la Sagrada Família,26,2043,..,2,9
2010,2,Eixample,6,la Sagrada Família,26,2043,..,2,10
2010,2,Eixample,6,la Sagrada Família,26,2043,..,2,11
2010,2,Eixample,6,la Sagrada Família,26,2043,..,2,14
2010,2,Eixample,6,la Sagrada Família,26,2044,..,1,0
2010,2,Eixample,6,la Sagrada Família,26,2044,..,1,1
2010,2,Eixample,6,la Sagrada Família,26,2044,..,1,3
2010,2,Eixample,6,la Sagrada Família,26,2044,8,1,4
2010,2,Eixample,6,la Sagrada Família,26,2044,10,1,5
2010,2,Eixample,6,la Sagrada Família,26,2044,5,1,6
2010,2,Eixample,6,la Sagrada Família,26,2044,..,1,8
2010,2,Eixample,6,la Sagrada Família,26,2044,..,1,9
2010,2,Eixample,6,la Sagrada Família,26,2044,..,1,11
2010,2,Eixample,6,la Sagrada Família,26,2044,..,1,12
2010,2,Eixample,6,la Sagrada Família,26,2044,..,1,13
2010,2,Eixample,6,la Sagrada Família,26,2044,..,1,14
2010,2,Eixample,6,la Sagrada Família,26,2044,..,1,15
2010,2,Eixample,6,la Sagrada Família,26,2044,..,1,16
2010,2,Eixample,6,la Sagrada Família,26,2044,..,2,0
2010,2,Eixample,6,la Sagrada Família,26,2044,..,2,1
2010,2,Eixample,6,la Sagrada Família,26,2044,..,2,2
2010,2,Eixample,6,la Sagrada Família,26,2044,..,2,4
2010,2,Eixample,6,la Sagrada Família,26,2044,9,2,5
2010,2,Eixample,6,la Sagrada Família,26,2044,5,2,6
2010,2,Eixample,6,la Sagrada Família,26,2044,..,2,8
2010,2,Eixample,6,la Sagrada Família,26,2044,..,2,9
2010,2,Eixample,6,la Sagrada Família,26,2044,..,2,10
2010,2,Eixample,6,la Sagrada Família,26,2044,..,2,11
2010,2,Eixample,6,la Sagrada Família,26,2044,..,2,12
2010,2,Eixample,6,la Sagrada Família,26,2045,7,1,4
2010,2,Eixample,6,la Sagrada Família,26,2045,5,1,5
2010,2,Eixample,6,la Sagrada Família,26,2045,..,1,6
2010,2,Eixample,6,la Sagrada Família,26,2045,6,1,7
2010,2,Eixample,6,la Sagrada Família,26,2045,..,2,1
2010,2,Eixample,6,la Sagrada Família,26,2045,5,2,4
2010,2,Eixample,6,la Sagrada Família,26,2045,5,2,5
2010,2,Eixample,6,la Sagrada Família,26,2045,5,2,6
2010,2,Eixample,6,la Sagrada Família,26,2045,..,2,7
2010,2,Eixample,6,la Sagrada Família,26,2045,..,2,8
2010,2,Eixample,6,la Sagrada Família,26,2045,..,2,13
2010,2,Eixample,6,la Sagrada Família,26,2046,..,1,1
2010,2,Eixample,6,la Sagrada Família,26,2046,..,1,3
2010,2,Eixample,6,la Sagrada Família,26,2046,13,1,4
2010,2,Eixample,6,la Sagrada Família,26,2046,22,1,5
2010,2,Eixample,6,la Sagrada Família,26,2046,5,1,6
2010,2,Eixample,6,la Sagrada Família,26,2046,5,1,7
2010,2,Eixample,6,la Sagrada Família,26,2046,..,1,8
2010,2,Eixample,6,la Sagrada Família,26,2046,..,1,9
2010,2,Eixample,6,la Sagrada Família,26,2046,..,1,10
2010,2,Eixample,6,la Sagrada Família,26,2046,..,1,11
2010,2,Eixample,6,la Sagrada Família,26,2046,..,1,12
2010,2,Eixample,6,la Sagrada Família,26,2046,..,2,0
2010,2,Eixample,6,la Sagrada Família,26,2046,..,2,1
2010,2,Eixample,6,la Sagrada Família,26,2046,..,2,2
2010,2,Eixample,6,la Sagrada Família,26,2046,..,2,3
2010,2,Eixample,6,la Sagrada Família,26,2046,..,2,4
2010,2,Eixample,6,la Sagrada Família,26,2046,10,2,5
2010,2,Eixample,6,la Sagrada Família,26,2046,9,2,6
2010,2,Eixample,6,la Sagrada Família,26,2046,..,2,7
2010,2,Eixample,6,la Sagrada Família,26,2046,..,2,8
2010,2,Eixample,6,la Sagrada Família,26,2046,..,2,9
2010,2,Eixample,6,la Sagrada Família,26,2046,..,2,10
2010,2,Eixample,6,la Sagrada Família,26,2046,..,2,11
2010,2,Eixample,6,la Sagrada Família,26,2046,..,2,15
2010,2,Eixample,6,la Sagrada Família,26,2047,..,1,0
2010,2,Eixample,6,la Sagrada Família,26,2047,..,1,1
2010,2,Eixample,6,la Sagrada Família,26,2047,..,1,3
2010,2,Eixample,6,la Sagrada Família,26,2047,5,1,4
2010,2,Eixample,6,la Sagrada Família,26,2047,12,1,5
2010,2,Eixample,6,la Sagrada Família,26,2047,11,1,6
2010,2,Eixample,6,la Sagrada Família,26,2047,..,1,7
2010,2,Eixample,6,la Sagrada Família,26,2047,..,1,8
2010,2,Eixample,6,la Sagrada Família,26,2047,..,1,10
2010,2,Eixample,6,la Sagrada Família,26,2047,..,1,12
2010,2,Eixample,6,la Sagrada Família,26,2047,..,1,13
2010,2,Eixample,6,la Sagrada Família,26,2047,..,1,14
2010,2,Eixample,6,la Sagrada Família,26,2047,..,1,17
2010,2,Eixample,6,la Sagrada Família,26,2047,..,2,0
2010,2,Eixample,6,la Sagrada Família,26,2047,..,2,1
2010,2,Eixample,6,la Sagrada Família,26,2047,..,2,2
2010,2,Eixample,6,la Sagrada Família,26,2047,6,2,4
2010,2,Eixample,6,la Sagrada Família,26,2047,9,2,5
2010,2,Eixample,6,la Sagrada Família,26,2047,7,2,6
2010,2,Eixample,6,la Sagrada Família,26,2047,..,2,7
2010,2,Eixample,6,la Sagrada Família,26,2047,..,2,8
2010,2,Eixample,6,la Sagrada Família,26,2047,..,2,9
2010,2,Eixample,6,la Sagrada Família,26,2047,..,2,10
2010,2,Eixample,6,la Sagrada Família,26,2047,..,2,13
2010,2,Eixample,6,la Sagrada Família,26,2047,..,2,15
2010,2,Eixample,6,la Sagrada Família,26,2048,..,1,0
2010,2,Eixample,6,la Sagrada Família,26,2048,..,1,2
2010,2,Eixample,6,la Sagrada Família,26,2048,..,1,3
2010,2,Eixample,6,la Sagrada Família,26,2048,..,1,4
2010,2,Eixample,6,la Sagrada Família,26,2048,7,1,5
2010,2,Eixample,6,la Sagrada Família,26,2048,6,1,6
2010,2,Eixample,6,la Sagrada Família,26,2048,..,1,7
2010,2,Eixample,6,la Sagrada Família,26,2048,..,1,8
2010,2,Eixample,6,la Sagrada Família,26,2048,..,1,9
2010,2,Eixample,6,la Sagrada Família,26,2048,..,1,11
2010,2,Eixample,6,la Sagrada Família,26,2048,..,1,17
2010,2,Eixample,6,la Sagrada Família,26,2048,..,2,0
2010,2,Eixample,6,la Sagrada Família,26,2048,..,2,1
2010,2,Eixample,6,la Sagrada Família,26,2048,..,2,2
2010,2,Eixample,6,la Sagrada Família,26,2048,..,2,3
2010,2,Eixample,6,la Sagrada Família,26,2048,..,2,4
2010,2,Eixample,6,la Sagrada Família,26,2048,6,2,5
2010,2,Eixample,6,la Sagrada Família,26,2048,..,2,6
2010,2,Eixample,6,la Sagrada Família,26,2048,..,2,7
2010,2,Eixample,6,la Sagrada Família,26,2048,..,2,8
2010,2,Eixample,6,la Sagrada Família,26,2048,..,2,9
2010,2,Eixample,6,la Sagrada Família,26,2048,..,2,13
2010,2,Eixample,6,la Sagrada Família,27,2049,..,1,0
2010,2,Eixample,6,la Sagrada Família,27,2049,..,1,1
2010,2,Eixample,6,la Sagrada Família,27,2049,5,1,2
2010,2,Eixample,6,la Sagrada Família,27,2049,8,1,3
2010,2,Eixample,6,la Sagrada Família,27,2049,18,1,4
2010,2,Eixample,6,la Sagrada Família,27,2049,20,1,5
2010,2,Eixample,6,la Sagrada Família,27,2049,15,1,6
2010,2,Eixample,6,la Sagrada Família,27,2049,8,1,7
2010,2,Eixample,6,la Sagrada Família,27,2049,..,1,8
2010,2,Eixample,6,la Sagrada Família,27,2049,..,1,9
2010,2,Eixample,6,la Sagrada Família,27,2049,..,1,10
2010,2,Eixample,6,la Sagrada Família,27,2049,..,1,11
2010,2,Eixample,6,la Sagrada Família,27,2049,..,1,12
2010,2,Eixample,6,la Sagrada Família,27,2049,..,1,14
2010,2,Eixample,6,la Sagrada Família,27,2049,..,1,16
2010,2,Eixample,6,la Sagrada Família,27,2049,..,2,0
2010,2,Eixample,6,la Sagrada Família,27,2049,..,2,1
2010,2,Eixample,6,la Sagrada Família,27,2049,..,2,2
2010,2,Eixample,6,la Sagrada Família,27,2049,5,2,3
2010,2,Eixample,6,la Sagrada Família,27,2049,11,2,4
2010,2,Eixample,6,la Sagrada Família,27,2049,12,2,5
2010,2,Eixample,6,la Sagrada Família,27,2049,19,2,6
2010,2,Eixample,6,la Sagrada Família,27,2049,17,2,7
2010,2,Eixample,6,la Sagrada Família,27,2049,6,2,8
2010,2,Eixample,6,la Sagrada Família,27,2049,..,2,9
2010,2,Eixample,6,la Sagrada Família,27,2049,..,2,10
2010,2,Eixample,6,la Sagrada Família,27,2049,..,2,11
2010,2,Eixample,6,la Sagrada Família,27,2049,..,2,12
2010,2,Eixample,6,la Sagrada Família,27,2049,..,2,14
2010,2,Eixample,6,la Sagrada Família,27,2050,..,1,0
2010,2,Eixample,6,la Sagrada Família,27,2050,..,1,1
2010,2,Eixample,6,la Sagrada Família,27,2050,..,1,2
2010,2,Eixample,6,la Sagrada Família,27,2050,..,1,3
2010,2,Eixample,6,la Sagrada Família,27,2050,11,1,4
2010,2,Eixample,6,la Sagrada Família,27,2050,19,1,5
2010,2,Eixample,6,la Sagrada Família,27,2050,6,1,6
2010,2,Eixample,6,la Sagrada Família,27,2050,..,1,7
2010,2,Eixample,6,la Sagrada Família,27,2050,..,1,8
2010,2,Eixample,6,la Sagrada Família,27,2050,..,1,9
2010,2,Eixample,6,la Sagrada Família,27,2050,..,1,10
2010,2,Eixample,6,la Sagrada Família,27,2050,..,1,12
2010,2,Eixample,6,la Sagrada Família,27,2050,..,1,15
2010,2,Eixample,6,la Sagrada Família,27,2050,..,2,0
2010,2,Eixample,6,la Sagrada Família,27,2050,..,2,1
2010,2,Eixample,6,la Sagrada Família,27,2050,8,2,4
2010,2,Eixample,6,la Sagrada Família,27,2050,12,2,5
2010,2,Eixample,6,la Sagrada Família,27,2050,6,2,6
2010,2,Eixample,6,la Sagrada Família,27,2050,10,2,7
2010,2,Eixample,6,la Sagrada Família,27,2050,..,2,8
2010,2,Eixample,6,la Sagrada Família,27,2050,..,2,9
2010,2,Eixample,6,la Sagrada Família,27,2050,..,2,10
2010,2,Eixample,6,la Sagrada Família,27,2050,..,2,11
2010,2,Eixample,6,la Sagrada Família,27,2050,..,2,16
2010,2,Eixample,6,la Sagrada Família,27,2050,..,2,17
2010,2,Eixample,6,la Sagrada Família,27,2051,..,1,0
2010,2,Eixample,6,la Sagrada Família,27,2051,..,1,1
2010,2,Eixample,6,la Sagrada Família,27,2051,..,1,2
2010,2,Eixample,6,la Sagrada Família,27,2051,8,1,4
2010,2,Eixample,6,la Sagrada Família,27,2051,30,1,5
2010,2,Eixample,6,la Sagrada Família,27,2051,14,1,6
2010,2,Eixample,6,la Sagrada Família,27,2051,7,1,7
2010,2,Eixample,6,la Sagrada Família,27,2051,..,1,8
2010,2,Eixample,6,la Sagrada Família,27,2051,..,1,9
2010,2,Eixample,6,la Sagrada Família,27,2051,..,1,10
2010,2,Eixample,6,la Sagrada Família,27,2051,..,1,11
2010,2,Eixample,6,la Sagrada Família,27,2051,..,1,12
2010,2,Eixample,6,la Sagrada Família,27,2051,..,1,13
2010,2,Eixample,6,la Sagrada Família,27,2051,..,1,14
2010,2,Eixample,6,la Sagrada Família,27,2051,..,2,0
2010,2,Eixample,6,la Sagrada Família,27,2051,..,2,3
2010,2,Eixample,6,la Sagrada Família,27,2051,9,2,4
2010,2,Eixample,6,la Sagrada Família,27,2051,13,2,5
2010,2,Eixample,6,la Sagrada Família,27,2051,11,2,6
2010,2,Eixample,6,la Sagrada Família,27,2051,10,2,7
2010,2,Eixample,6,la Sagrada Família,27,2051,..,2,8
2010,2,Eixample,6,la Sagrada Família,27,2051,..,2,9
2010,2,Eixample,6,la Sagrada Família,27,2051,..,2,10
2010,2,Eixample,6,la Sagrada Família,27,2051,..,2,12
2010,2,Eixample,6,la Sagrada Família,27,2051,..,2,13
2010,2,Eixample,6,la Sagrada Família,27,2051,..,2,14
2010,2,Eixample,6,la Sagrada Família,27,2052,7,1,0
2010,2,Eixample,6,la Sagrada Família,27,2052,..,1,1
2010,2,Eixample,6,la Sagrada Família,27,2052,6,1,4
2010,2,Eixample,6,la Sagrada Família,27,2052,18,1,5
2010,2,Eixample,6,la Sagrada Família,27,2052,11,1,6
2010,2,Eixample,6,la Sagrada Família,27,2052,8,1,7
2010,2,Eixample,6,la Sagrada Família,27,2052,5,1,8
2010,2,Eixample,6,la Sagrada Família,27,2052,..,1,9
2010,2,Eixample,6,la Sagrada Família,27,2052,..,1,11
2010,2,Eixample,6,la Sagrada Família,27,2052,..,1,12
2010,2,Eixample,6,la Sagrada Família,27,2052,..,1,18
2010,2,Eixample,6,la Sagrada Família,27,2052,..,2,0
2010,2,Eixample,6,la Sagrada Família,27,2052,..,2,1
2010,2,Eixample,6,la Sagrada Família,27,2052,..,2,2
2010,2,Eixample,6,la Sagrada Família,27,2052,5,2,4
2010,2,Eixample,6,la Sagrada Família,27,2052,10,2,5
2010,2,Eixample,6,la Sagrada Família,27,2052,15,2,6
2010,2,Eixample,6,la Sagrada Família,27,2052,5,2,7
2010,2,Eixample,6,la Sagrada Família,27,2052,..,2,8
2010,2,Eixample,6,la Sagrada Família,27,2052,..,2,13
2010,2,Eixample,6,la Sagrada Família,27,2053,..,1,3
2010,2,Eixample,6,la Sagrada Família,27,2053,10,1,4
2010,2,Eixample,6,la Sagrada Família,27,2053,18,1,5
2010,2,Eixample,6,la Sagrada Família,27,2053,10,1,6
2010,2,Eixample,6,la Sagrada Família,27,2053,..,1,7
2010,2,Eixample,6,la Sagrada Família,27,2053,..,1,8
2010,2,Eixample,6,la Sagrada Família,27,2053,5,1,9
2010,2,Eixample,6,la Sagrada Família,27,2053,..,1,10
2010,2,Eixample,6,la Sagrada Família,27,2053,..,1,11
2010,2,Eixample,6,la Sagrada Família,27,2053,..,1,12
2010,2,Eixample,6,la Sagrada Família,27,2053,..,1,13
2010,2,Eixample,6,la Sagrada Família,27,2053,..,1,16
2010,2,Eixample,6,la Sagrada Família,27,2053,..,2,0
2010,2,Eixample,6,la Sagrada Família,27,2053,..,2,1
2010,2,Eixample,6,la Sagrada Família,27,2053,..,2,2
2010,2,Eixample,6,la Sagrada Família,27,2053,..,2,3
2010,2,Eixample,6,la Sagrada Família,27,2053,6,2,4
2010,2,Eixample,6,la Sagrada Família,27,2053,14,2,5
2010,2,Eixample,6,la Sagrada Família,27,2053,7,2,6
2010,2,Eixample,6,la Sagrada Família,27,2053,8,2,7
2010,2,Eixample,6,la Sagrada Família,27,2053,..,2,8
2010,2,Eixample,6,la Sagrada Família,27,2053,..,2,9
2010,2,Eixample,6,la Sagrada Família,27,2053,..,2,10
2010,2,Eixample,6,la Sagrada Família,27,2053,..,2,11
2010,2,Eixample,6,la Sagrada Família,27,2053,..,2,14
2010,2,Eixample,6,la Sagrada Família,27,2054,..,1,0
2010,2,Eixample,6,la Sagrada Família,27,2054,..,1,1
2010,2,Eixample,6,la Sagrada Família,27,2054,14,1,4
2010,2,Eixample,6,la Sagrada Família,27,2054,18,1,5
2010,2,Eixample,6,la Sagrada Família,27,2054,10,1,6
2010,2,Eixample,6,la Sagrada Família,27,2054,7,1,7
2010,2,Eixample,6,la Sagrada Família,27,2054,..,1,8
2010,2,Eixample,6,la Sagrada Família,27,2054,..,1,9
2010,2,Eixample,6,la Sagrada Família,27,2054,..,1,10
2010,2,Eixample,6,la Sagrada Família,27,2054,..,1,11
2010,2,Eixample,6,la Sagrada Família,27,2054,..,1,12
2010,2,Eixample,6,la Sagrada Família,27,2054,..,1,13
2010,2,Eixample,6,la Sagrada Família,27,2054,..,1,15
2010,2,Eixample,6,la Sagrada Família,27,2054,..,1,17
2010,2,Eixample,6,la Sagrada Família,27,2054,..,2,3
2010,2,Eixample,6,la Sagrada Família,27,2054,8,2,4
2010,2,Eixample,6,la Sagrada Família,27,2054,13,2,5
2010,2,Eixample,6,la Sagrada Família,27,2054,..,2,6
2010,2,Eixample,6,la Sagrada Família,27,2054,..,2,7
2010,2,Eixample,6,la Sagrada Família,27,2054,..,2,8
2010,2,Eixample,6,la Sagrada Família,27,2054,..,2,9
2010,2,Eixample,6,la Sagrada Família,27,2054,..,2,11
2010,2,Eixample,6,la Sagrada Família,27,2054,..,2,12
2010,2,Eixample,6,la Sagrada Família,27,2054,..,2,13
2010,2,Eixample,6,la Sagrada Família,27,2054,..,2,14
2010,2,Eixample,6,la Sagrada Família,27,2054,..,2,15
2010,2,Eixample,6,la Sagrada Família,27,2054,..,2,17
2010,2,Eixample,7,la Dreta de l'Eixample,28,2055,..,1,0
2010,2,Eixample,7,la Dreta de l'Eixample,28,2055,..,1,1
2010,2,Eixample,7,la Dreta de l'Eixample,28,2055,..,1,2
2010,2,Eixample,7,la Dreta de l'Eixample,28,2055,..,1,3
2010,2,Eixample,7,la Dreta de l'Eixample,28,2055,11,1,4
2010,2,Eixample,7,la Dreta de l'Eixample,28,2055,13,1,5
2010,2,Eixample,7,la Dreta de l'Eixample,28,2055,11,1,6
2010,2,Eixample,7,la Dreta de l'Eixample,28,2055,5,1,7
2010,2,Eixample,7,la Dreta de l'Eixample,28,2055,6,1,8
2010,2,Eixample,7,la Dreta de l'Eixample,28,2055,..,1,9
2010,2,Eixample,7,la Dreta de l'Eixample,28,2055,..,1,11
2010,2,Eixample,7,la Dreta de l'Eixample,28,2055,..,1,13
2010,2,Eixample,7,la Dreta de l'Eixample,28,2055,..,1,17
2010,2,Eixample,7,la Dreta de l'Eixample,28,2055,..,2,0
2010,2,Eixample,7,la Dreta de l'Eixample,28,2055,..,2,2
2010,2,Eixample,7,la Dreta de l'Eixample,28,2055,..,2,3
2010,2,Eixample,7,la Dreta de l'Eixample,28,2055,7,2,4
2010,2,Eixample,7,la Dreta de l'Eixample,28,2055,7,2,5
2010,2,Eixample,7,la Dreta de l'Eixample,28,2055,9,2,6
2010,2,Eixample,7,la Dreta de l'Eixample,28,2055,13,2,7
2010,2,Eixample,7,la Dreta de l'Eixample,28,2055,..,2,9
2010,2,Eixample,7,la Dreta de l'Eixample,28,2055,..,2,10
2010,2,Eixample,7,la Dreta de l'Eixample,28,2055,..,2,11
2010,2,Eixample,7,la Dreta de l'Eixample,28,2055,..,2,13
2010,2,Eixample,7,la Dreta de l'Eixample,28,2055,..,2,14
2010,2,Eixample,7,la Dreta de l'Eixample,28,2056,..,1,0
2010,2,Eixample,7,la Dreta de l'Eixample,28,2056,..,1,1
2010,2,Eixample,7,la Dreta de l'Eixample,28,2056,..,1,2
2010,2,Eixample,7,la Dreta de l'Eixample,28,2056,..,1,3
2010,2,Eixample,7,la Dreta de l'Eixample,28,2056,10,1,4
2010,2,Eixample,7,la Dreta de l'Eixample,28,2056,12,1,5
2010,2,Eixample,7,la Dreta de l'Eixample,28,2056,10,1,6
2010,2,Eixample,7,la Dreta de l'Eixample,28,2056,5,1,7
2010,2,Eixample,7,la Dreta de l'Eixample,28,2056,..,1,8
2010,2,Eixample,7,la Dreta de l'Eixample,28,2056,..,1,9
2010,2,Eixample,7,la Dreta de l'Eixample,28,2056,..,1,10
2010,2,Eixample,7,la Dreta de l'Eixample,28,2056,..,1,11
2010,2,Eixample,7,la Dreta de l'Eixample,28,2056,..,1,12
2010,2,Eixample,7,la Dreta de l'Eixample,28,2056,..,1,14
2010,2,Eixample,7,la Dreta de l'Eixample,28,2056,..,1,16
2010,2,Eixample,7,la Dreta de l'Eixample,28,2056,..,2,0
2010,2,Eixample,7,la Dreta de l'Eixample,28,2056,..,2,1
2010,2,Eixample,7,la Dreta de l'Eixample,28,2056,..,2,2
2010,2,Eixample,7,la Dreta de l'Eixample,28,2056,..,2,4
2010,2,Eixample,7,la Dreta de l'Eixample,28,2056,10,2,5
2010,2,Eixample,7,la Dreta de l'Eixample,28,2056,11,2,6
2010,2,Eixample,7,la Dreta de l'Eixample,28,2056,..,2,7
2010,2,Eixample,7,la Dreta de l'Eixample,28,2056,..,2,8
2010,2,Eixample,7,la Dreta de l'Eixample,28,2056,..,2,9
2010,2,Eixample,7,la Dreta de l'Eixample,28,2056,..,2,10
2010,2,Eixample,7,la Dreta de l'Eixample,28,2056,..,2,15
2010,2,Eixample,7,la Dreta de l'Eixample,28,2056,..,2,19
2010,2,Eixample,7,la Dreta de l'Eixample,28,2057,..,1,0
2010,2,Eixample,7,la Dreta de l'Eixample,28,2057,..,1,1
2010,2,Eixample,7,la Dreta de l'Eixample,28,2057,..,1,2
2010,2,Eixample,7,la Dreta de l'Eixample,28,2057,8,1,4
2010,2,Eixample,7,la Dreta de l'Eixample,28,2057,11,1,5
2010,2,Eixample,7,la Dreta de l'Eixample,28,2057,8,1,6
2010,2,Eixample,7,la Dreta de l'Eixample,28,2057,..,1,8
2010,2,Eixample,7,la Dreta de l'Eixample,28,2057,..,1,9
2010,2,Eixample,7,la Dreta de l'Eixample,28,2057,..,1,11
2010,2,Eixample,7,la Dreta de l'Eixample,28,2057,..,1,16
2010,2,Eixample,7,la Dreta de l'Eixample,28,2057,..,2,0
2010,2,Eixample,7,la Dreta de l'Eixample,28,2057,..,2,1
2010,2,Eixample,7,la Dreta de l'Eixample,28,2057,..,2,2
2010,2,Eixample,7,la Dreta de l'Eixample,28,2057,..,2,3
2010,2,Eixample,7,la Dreta de l'Eixample,28,2057,..,2,4
2010,2,Eixample,7,la Dreta de l'Eixample,28,2057,5,2,5
2010,2,Eixample,7,la Dreta de l'Eixample,28,2057,5,2,6
2010,2,Eixample,7,la Dreta de l'Eixample,28,2057,..,2,7
2010,2,Eixample,7,la Dreta de l'Eixample,28,2057,..,2,8
2010,2,Eixample,7,la Dreta de l'Eixample,28,2057,..,2,9
2010,2,Eixample,7,la Dreta de l'Eixample,28,2057,..,2,10
2010,2,Eixample,7,la Dreta de l'Eixample,28,2057,..,2,12
2010,2,Eixample,7,la Dreta de l'Eixample,28,2057,..,2,13
2010,2,Eixample,7,la Dreta de l'Eixample,28,2058,..,1,1
2010,2,Eixample,7,la Dreta de l'Eixample,28,2058,6,1,4
2010,2,Eixample,7,la Dreta de l'Eixample,28,2058,7,1,5
2010,2,Eixample,7,la Dreta de l'Eixample,28,2058,6,1,6
2010,2,Eixample,7,la Dreta de l'Eixample,28,2058,..,1,7
2010,2,Eixample,7,la Dreta de l'Eixample,28,2058,..,1,8
2010,2,Eixample,7,la Dreta de l'Eixample,28,2058,..,1,10
2010,2,Eixample,7,la Dreta de l'Eixample,28,2058,..,1,12
2010,2,Eixample,7,la Dreta de l'Eixample,28,2058,..,1,13
2010,2,Eixample,7,la Dreta de l'Eixample,28,2058,..,2,2
2010,2,Eixample,7,la Dreta de l'Eixample,28,2058,..,2,3
2010,2,Eixample,7,la Dreta de l'Eixample,28,2058,..,2,4
2010,2,Eixample,7,la Dreta de l'Eixample,28,2058,11,2,5
2010,2,Eixample,7,la Dreta de l'Eixample,28,2058,5,2,6
2010,2,Eixample,7,la Dreta de l'Eixample,28,2058,..,2,7
2010,2,Eixample,7,la Dreta de l'Eixample,28,2058,..,2,8
2010,2,Eixample,7,la Dreta de l'Eixample,28,2058,5,2,10
2010,2,Eixample,7,la Dreta de l'Eixample,28,2058,..,2,13
2010,2,Eixample,7,la Dreta de l'Eixample,28,2059,..,1,0
2010,2,Eixample,7,la Dreta de l'Eixample,28,2059,..,1,1
2010,2,Eixample,7,la Dreta de l'Eixample,28,2059,..,1,3
2010,2,Eixample,7,la Dreta de l'Eixample,28,2059,5,1,4
2010,2,Eixample,7,la Dreta de l'Eixample,28,2059,16,1,5
2010,2,Eixample,7,la Dreta de l'Eixample,28,2059,10,1,6
2010,2,Eixample,7,la Dreta de l'Eixample,28,2059,..,1,7
2010,2,Eixample,7,la Dreta de l'Eixample,28,2059,..,1,8
2010,2,Eixample,7,la Dreta de l'Eixample,28,2059,..,1,9
2010,2,Eixample,7,la Dreta de l'Eixample,28,2059,..,1,10
2010,2,Eixample,7,la Dreta de l'Eixample,28,2059,..,1,11
2010,2,Eixample,7,la Dreta de l'Eixample,28,2059,..,1,12
2010,2,Eixample,7,la Dreta de l'Eixample,28,2059,..,1,13
2010,2,Eixample,7,la Dreta de l'Eixample,28,2059,..,2,0
2010,2,Eixample,7,la Dreta de l'Eixample,28,2059,..,2,4
2010,2,Eixample,7,la Dreta de l'Eixample,28,2059,16,2,5
2010,2,Eixample,7,la Dreta de l'Eixample,28,2059,15,2,6
2010,2,Eixample,7,la Dreta de l'Eixample,28,2059,..,2,8
2010,2,Eixample,7,la Dreta de l'Eixample,28,2059,..,2,9
2010,2,Eixample,7,la Dreta de l'Eixample,28,2059,..,2,10
2010,2,Eixample,7,la Dreta de l'Eixample,28,2059,..,2,11
2010,2,Eixample,7,la Dreta de l'Eixample,28,2059,..,2,12
2010,2,Eixample,7,la Dreta de l'Eixample,28,2059,..,2,13
2010,2,Eixample,7,la Dreta de l'Eixample,28,2060,..,1,0
2010,2,Eixample,7,la Dreta de l'Eixample,28,2060,..,1,1
2010,2,Eixample,7,la Dreta de l'Eixample,28,2060,..,1,3
2010,2,Eixample,7,la Dreta de l'Eixample,28,2060,8,1,4
2010,2,Eixample,7,la Dreta de l'Eixample,28,2060,11,1,5
2010,2,Eixample,7,la Dreta de l'Eixample,28,2060,6,1,6
2010,2,Eixample,7,la Dreta de l'Eixample,28,2060,..,1,7
2010,2,Eixample,7,la Dreta de l'Eixample,28,2060,..,1,8
2010,2,Eixample,7,la Dreta de l'Eixample,28,2060,..,1,9
2010,2,Eixample,7,la Dreta de l'Eixample,28,2060,..,1,10
2010,2,Eixample,7,la Dreta de l'Eixample,28,2060,..,1,12
2010,2,Eixample,7,la Dreta de l'Eixample,28,2060,..,1,14
2010,2,Eixample,7,la Dreta de l'Eixample,28,2060,..,1,17
2010,2,Eixample,7,la Dreta de l'Eixample,28,2060,..,2,0
2010,2,Eixample,7,la Dreta de l'Eixample,28,2060,..,2,1
2010,2,Eixample,7,la Dreta de l'Eixample,28,2060,..,2,2
2010,2,Eixample,7,la Dreta de l'Eixample,28,2060,..,2,3
2010,2,Eixample,7,la Dreta de l'Eixample,28,2060,..,2,4
2010,2,Eixample,7,la Dreta de l'Eixample,28,2060,..,2,5
2010,2,Eixample,7,la Dreta de l'Eixample,28,2060,11,2,6
2010,2,Eixample,7,la Dreta de l'Eixample,28,2060,8,2,7
2010,2,Eixample,7,la Dreta de l'Eixample,28,2060,..,2,8
2010,2,Eixample,7,la Dreta de l'Eixample,28,2060,..,2,10
2010,2,Eixample,7,la Dreta de l'Eixample,28,2060,..,2,11
2010,2,Eixample,7,la Dreta de l'Eixample,28,2060,..,2,12
2010,2,Eixample,7,la Dreta de l'Eixample,28,2060,..,2,14
2010,2,Eixample,7,la Dreta de l'Eixample,29,2061,..,1,0
2010,2,Eixample,7,la Dreta de l'Eixample,29,2061,..,1,1
2010,2,Eixample,7,la Dreta de l'Eixample,29,2061,..,1,2
2010,2,Eixample,7,la Dreta de l'Eixample,29,2061,..,1,3
2010,2,Eixample,7,la Dreta de l'Eixample,29,2061,10,1,4
2010,2,Eixample,7,la Dreta de l'Eixample,29,2061,10,1,5
2010,2,Eixample,7,la Dreta de l'Eixample,29,2061,13,1,6
2010,2,Eixample,7,la Dreta de l'Eixample,29,2061,7,1,7
2010,2,Eixample,7,la Dreta de l'Eixample,29,2061,..,1,9
2010,2,Eixample,7,la Dreta de l'Eixample,29,2061,..,1,10
2010,2,Eixample,7,la Dreta de l'Eixample,29,2061,..,1,12
2010,2,Eixample,7,la Dreta de l'Eixample,29,2061,..,2,0
2010,2,Eixample,7,la Dreta de l'Eixample,29,2061,..,2,1
2010,2,Eixample,7,la Dreta de l'Eixample,29,2061,..,2,2
2010,2,Eixample,7,la Dreta de l'Eixample,29,2061,..,2,3
2010,2,Eixample,7,la Dreta de l'Eixample,29,2061,5,2,4
2010,2,Eixample,7,la Dreta de l'Eixample,29,2061,11,2,5
2010,2,Eixample,7,la Dreta de l'Eixample,29,2061,12,2,6
2010,2,Eixample,7,la Dreta de l'Eixample,29,2061,12,2,7
2010,2,Eixample,7,la Dreta de l'Eixample,29,2061,..,2,8
2010,2,Eixample,7,la Dreta de l'Eixample,29,2061,..,2,9
2010,2,Eixample,7,la Dreta de l'Eixample,29,2061,..,2,10
2010,2,Eixample,7,la Dreta de l'Eixample,29,2061,..,2,11
2010,2,Eixample,7,la Dreta de l'Eixample,29,2062,..,1,1
2010,2,Eixample,7,la Dreta de l'Eixample,29,2062,..,1,3
2010,2,Eixample,7,la Dreta de l'Eixample,29,2062,8,1,4
2010,2,Eixample,7,la Dreta de l'Eixample,29,2062,14,1,5
2010,2,Eixample,7,la Dreta de l'Eixample,29,2062,13,1,6
2010,2,Eixample,7,la Dreta de l'Eixample,29,2062,9,1,7
2010,2,Eixample,7,la Dreta de l'Eixample,29,2062,..,1,8
2010,2,Eixample,7,la Dreta de l'Eixample,29,2062,..,1,9
2010,2,Eixample,7,la Dreta de l'Eixample,29,2062,..,1,10
2010,2,Eixample,7,la Dreta de l'Eixample,29,2062,..,1,12
2010,2,Eixample,7,la Dreta de l'Eixample,29,2062,..,1,13
2010,2,Eixample,7,la Dreta de l'Eixample,29,2062,..,1,14
2010,2,Eixample,7,la Dreta de l'Eixample,29,2062,..,2,0
2010,2,Eixample,7,la Dreta de l'Eixample,29,2062,..,2,1
2010,2,Eixample,7,la Dreta de l'Eixample,29,2062,..,2,2
2010,2,Eixample,7,la Dreta de l'Eixample,29,2062,5,2,4
2010,2,Eixample,7,la Dreta de l'Eixample,29,2062,15,2,5
2010,2,Eixample,7,la Dreta de l'Eixample,29,2062,8,2,6
2010,2,Eixample,7,la Dreta de l'Eixample,29,2062,..,2,7
2010,2,Eixample,7,la Dreta de l'Eixample,29,2062,..,2,8
2010,2,Eixample,7,la Dreta de l'Eixample,29,2062,..,2,9
2010,2,Eixample,7,la Dreta de l'Eixample,29,2063,..,1,0
2010,2,Eixample,7,la Dreta de l'Eixample,29,2063,..,1,3
2010,2,Eixample,7,la Dreta de l'Eixample,29,2063,..,1,4
2010,2,Eixample,7,la Dreta de l'Eixample,29,2063,..,1,5
2010,2,Eixample,7,la Dreta de l'Eixample,29,2063,5,1,6
2010,2,Eixample,7,la Dreta de l'Eixample,29,2063,..,1,7
2010,2,Eixample,7,la Dreta de l'Eixample,29,2063,..,1,8
2010,2,Eixample,7,la Dreta de l'Eixample,29,2063,..,1,9
2010,2,Eixample,7,la Dreta de l'Eixample,29,2063,..,1,10
2010,2,Eixample,7,la Dreta de l'Eixample,29,2063,..,1,11
2010,2,Eixample,7,la Dreta de l'Eixample,29,2063,..,1,12
2010,2,Eixample,7,la Dreta de l'Eixample,29,2063,..,1,13
2010,2,Eixample,7,la Dreta de l'Eixample,29,2063,..,1,16
2010,2,Eixample,7,la Dreta de l'Eixample,29,2063,..,1,17
2010,2,Eixample,7,la Dreta de l'Eixample,29,2063,..,2,0
2010,2,Eixample,7,la Dreta de l'Eixample,29,2063,..,2,2
2010,2,Eixample,7,la Dreta de l'Eixample,29,2063,..,2,3
2010,2,Eixample,7,la Dreta de l'Eixample,29,2063,..,2,4
2010,2,Eixample,7,la Dreta de l'Eixample,29,2063,..,2,5
2010,2,Eixample,7,la Dreta de l'Eixample,29,2063,5,2,6
2010,2,Eixample,7,la Dreta de l'Eixample,29,2063,..,2,7
2010,2,Eixample,7,la Dreta de l'Eixample,29,2063,..,2,8
2010,2,Eixample,7,la Dreta de l'Eixample,29,2063,..,2,9
2010,2,Eixample,7,la Dreta de l'Eixample,29,2063,..,2,10
2010,2,Eixample,7,la Dreta de l'Eixample,29,2063,..,2,13
2010,2,Eixample,7,la Dreta de l'Eixample,29,2063,..,2,14
2010,2,Eixample,7,la Dreta de l'Eixample,29,2063,..,2,15
2010,2,Eixample,7,la Dreta de l'Eixample,29,2064,..,1,0
2010,2,Eixample,7,la Dreta de l'Eixample,29,2064,..,1,1
2010,2,Eixample,7,la Dreta de l'Eixample,29,2064,11,1,4
2010,2,Eixample,7,la Dreta de l'Eixample,29,2064,11,1,5
2010,2,Eixample,7,la Dreta de l'Eixample,29,2064,6,1,6
2010,2,Eixample,7,la Dreta de l'Eixample,29,2064,..,1,7
2010,2,Eixample,7,la Dreta de l'Eixample,29,2064,..,1,8
2010,2,Eixample,7,la Dreta de l'Eixample,29,2064,5,1,9
2010,2,Eixample,7,la Dreta de l'Eixample,29,2064,..,1,11
2010,2,Eixample,7,la Dreta de l'Eixample,29,2064,..,1,15
2010,2,Eixample,7,la Dreta de l'Eixample,29,2064,..,1,16
2010,2,Eixample,7,la Dreta de l'Eixample,29,2064,..,2,0
2010,2,Eixample,7,la Dreta de l'Eixample,29,2064,..,2,2
2010,2,Eixample,7,la Dreta de l'Eixample,29,2064,..,2,3
2010,2,Eixample,7,la Dreta de l'Eixample,29,2064,..,2,4
2010,2,Eixample,7,la Dreta de l'Eixample,29,2064,7,2,5
2010,2,Eixample,7,la Dreta de l'Eixample,29,2064,5,2,6
2010,2,Eixample,7,la Dreta de l'Eixample,29,2064,..,2,7
2010,2,Eixample,7,la Dreta de l'Eixample,29,2064,..,2,8
2010,2,Eixample,7,la Dreta de l'Eixample,29,2064,..,2,10
2010,2,Eixample,7,la Dreta de l'Eixample,29,2064,..,2,12
2010,2,Eixample,7,la Dreta de l'Eixample,29,2065,..,1,0
2010,2,Eixample,7,la Dreta de l'Eixample,29,2065,..,1,1
2010,2,Eixample,7,la Dreta de l'Eixample,29,2065,..,1,2
2010,2,Eixample,7,la Dreta de l'Eixample,29,2065,..,1,3
2010,2,Eixample,7,la Dreta de l'Eixample,29,2065,15,1,4
2010,2,Eixample,7,la Dreta de l'Eixample,29,2065,19,1,5
2010,2,Eixample,7,la Dreta de l'Eixample,29,2065,14,1,6
2010,2,Eixample,7,la Dreta de l'Eixample,29,2065,..,1,7
2010,2,Eixample,7,la Dreta de l'Eixample,29,2065,..,1,8
2010,2,Eixample,7,la Dreta de l'Eixample,29,2065,..,1,9
2010,2,Eixample,7,la Dreta de l'Eixample,29,2065,..,1,10
2010,2,Eixample,7,la Dreta de l'Eixample,29,2065,..,1,12
2010,2,Eixample,7,la Dreta de l'Eixample,29,2065,..,2,0
2010,2,Eixample,7,la Dreta de l'Eixample,29,2065,..,2,1
2010,2,Eixample,7,la Dreta de l'Eixample,29,2065,..,2,2
2010,2,Eixample,7,la Dreta de l'Eixample,29,2065,..,2,3
2010,2,Eixample,7,la Dreta de l'Eixample,29,2065,11,2,4
2010,2,Eixample,7,la Dreta de l'Eixample,29,2065,9,2,5
2010,2,Eixample,7,la Dreta de l'Eixample,29,2065,13,2,6
2010,2,Eixample,7,la Dreta de l'Eixample,29,2065,8,2,7
2010,2,Eixample,7,la Dreta de l'Eixample,29,2065,..,2,8
2010,2,Eixample,7,la Dreta de l'Eixample,29,2065,..,2,9
2010,2,Eixample,7,la Dreta de l'Eixample,29,2065,..,2,10
2010,2,Eixample,7,la Dreta de l'Eixample,29,2065,..,2,11
2010,2,Eixample,7,la Dreta de l'Eixample,29,2065,..,2,12
2010,2,Eixample,7,la Dreta de l'Eixample,29,2065,..,2,14
2010,2,Eixample,7,la Dreta de l'Eixample,30,2066,..,1,0
2010,2,Eixample,7,la Dreta de l'Eixample,30,2066,..,1,1
2010,2,Eixample,7,la Dreta de l'Eixample,30,2066,..,1,2
2010,2,Eixample,7,la Dreta de l'Eixample,30,2066,..,1,3
2010,2,Eixample,7,la Dreta de l'Eixample,30,2066,7,1,4
2010,2,Eixample,7,la Dreta de l'Eixample,30,2066,15,1,5
2010,2,Eixample,7,la Dreta de l'Eixample,30,2066,8,1,6
2010,2,Eixample,7,la Dreta de l'Eixample,30,2066,8,1,7
2010,2,Eixample,7,la Dreta de l'Eixample,30,2066,..,1,8
2010,2,Eixample,7,la Dreta de l'Eixample,30,2066,..,1,10
2010,2,Eixample,7,la Dreta de l'Eixample,30,2066,..,1,12
2010,2,Eixample,7,la Dreta de l'Eixample,30,2066,..,1,14
2010,2,Eixample,7,la Dreta de l'Eixample,30,2066,..,2,0
2010,2,Eixample,7,la Dreta de l'Eixample,30,2066,..,2,1
2010,2,Eixample,7,la Dreta de l'Eixample,30,2066,..,2,3
2010,2,Eixample,7,la Dreta de l'Eixample,30,2066,9,2,4
2010,2,Eixample,7,la Dreta de l'Eixample,30,2066,15,2,5
2010,2,Eixample,7,la Dreta de l'Eixample,30,2066,8,2,6
2010,2,Eixample,7,la Dreta de l'Eixample,30,2066,6,2,7
2010,2,Eixample,7,la Dreta de l'Eixample,30,2066,5,2,8
2010,2,Eixample,7,la Dreta de l'Eixample,30,2066,..,2,9
2010,2,Eixample,7,la Dreta de l'Eixample,30,2066,..,2,10
2010,2,Eixample,7,la Dreta de l'Eixample,30,2066,..,2,11
2010,2,Eixample,7,la Dreta de l'Eixample,30,2066,..,2,12
2010,2,Eixample,7,la Dreta de l'Eixample,30,2066,..,2,16
2010,2,Eixample,7,la Dreta de l'Eixample,30,2066,..,2,17
2010,2,Eixample,7,la Dreta de l'Eixample,30,2067,..,1,2
2010,2,Eixample,7,la Dreta de l'Eixample,30,2067,..,1,3
2010,2,Eixample,7,la Dreta de l'Eixample,30,2067,12,1,4
2010,2,Eixample,7,la Dreta de l'Eixample,30,2067,12,1,5
2010,2,Eixample,7,la Dreta de l'Eixample,30,2067,8,1,6
2010,2,Eixample,7,la Dreta de l'Eixample,30,2067,10,1,7
2010,2,Eixample,7,la Dreta de l'Eixample,30,2067,..,1,8
2010,2,Eixample,7,la Dreta de l'Eixample,30,2067,..,1,9
2010,2,Eixample,7,la Dreta de l'Eixample,30,2067,..,1,10
2010,2,Eixample,7,la Dreta de l'Eixample,30,2067,..,1,11
2010,2,Eixample,7,la Dreta de l'Eixample,30,2067,..,1,16
2010,2,Eixample,7,la Dreta de l'Eixample,30,2067,..,2,0
2010,2,Eixample,7,la Dreta de l'Eixample,30,2067,..,2,1
2010,2,Eixample,7,la Dreta de l'Eixample,30,2067,..,2,3
2010,2,Eixample,7,la Dreta de l'Eixample,30,2067,..,2,4
2010,2,Eixample,7,la Dreta de l'Eixample,30,2067,14,2,5
2010,2,Eixample,7,la Dreta de l'Eixample,30,2067,10,2,6
2010,2,Eixample,7,la Dreta de l'Eixample,30,2067,10,2,7
2010,2,Eixample,7,la Dreta de l'Eixample,30,2067,..,2,8
2010,2,Eixample,7,la Dreta de l'Eixample,30,2067,..,2,9
2010,2,Eixample,7,la Dreta de l'Eixample,30,2067,..,2,10
2010,2,Eixample,7,la Dreta de l'Eixample,30,2067,..,2,12
2010,2,Eixample,7,la Dreta de l'Eixample,30,2068,..,1,0
2010,2,Eixample,7,la Dreta de l'Eixample,30,2068,9,1,4
2010,2,Eixample,7,la Dreta de l'Eixample,30,2068,10,1,5
2010,2,Eixample,7,la Dreta de l'Eixample,30,2068,10,1,6
2010,2,Eixample,7,la Dreta de l'Eixample,30,2068,6,1,7
2010,2,Eixample,7,la Dreta de l'Eixample,30,2068,..,1,8
2010,2,Eixample,7,la Dreta de l'Eixample,30,2068,..,1,10
2010,2,Eixample,7,la Dreta de l'Eixample,30,2068,..,1,14
2010,2,Eixample,7,la Dreta de l'Eixample,30,2068,..,2,0
2010,2,Eixample,7,la Dreta de l'Eixample,30,2068,..,2,1
2010,2,Eixample,7,la Dreta de l'Eixample,30,2068,..,2,3
2010,2,Eixample,7,la Dreta de l'Eixample,30,2068,7,2,4
2010,2,Eixample,7,la Dreta de l'Eixample,30,2068,12,2,5
2010,2,Eixample,7,la Dreta de l'Eixample,30,2068,9,2,6
2010,2,Eixample,7,la Dreta de l'Eixample,30,2068,7,2,7
2010,2,Eixample,7,la Dreta de l'Eixample,30,2068,..,2,8
2010,2,Eixample,7,la Dreta de l'Eixample,30,2068,..,2,9
2010,2,Eixample,7,la Dreta de l'Eixample,30,2068,..,2,10
2010,2,Eixample,7,la Dreta de l'Eixample,30,2068,..,2,12
2010,2,Eixample,7,la Dreta de l'Eixample,30,2068,..,2,13
2010,2,Eixample,7,la Dreta de l'Eixample,30,2068,..,2,14
2010,2,Eixample,7,la Dreta de l'Eixample,30,2068,..,2,17
2010,2,Eixample,7,la Dreta de l'Eixample,30,2069,..,1,1
2010,2,Eixample,7,la Dreta de l'Eixample,30,2069,..,1,2
2010,2,Eixample,7,la Dreta de l'Eixample,30,2069,..,1,3
2010,2,Eixample,7,la Dreta de l'Eixample,30,2069,7,1,4
2010,2,Eixample,7,la Dreta de l'Eixample,30,2069,10,1,5
2010,2,Eixample,7,la Dreta de l'Eixample,30,2069,7,1,6
2010,2,Eixample,7,la Dreta de l'Eixample,30,2069,..,1,7
2010,2,Eixample,7,la Dreta de l'Eixample,30,2069,..,1,8
2010,2,Eixample,7,la Dreta de l'Eixample,30,2069,..,1,9
2010,2,Eixample,7,la Dreta de l'Eixample,30,2069,..,1,11
2010,2,Eixample,7,la Dreta de l'Eixample,30,2069,..,1,12
2010,2,Eixample,7,la Dreta de l'Eixample,30,2069,..,1,13
2010,2,Eixample,7,la Dreta de l'Eixample,30,2069,..,1,17
2010,2,Eixample,7,la Dreta de l'Eixample,30,2069,..,2,0
2010,2,Eixample,7,la Dreta de l'Eixample,30,2069,..,2,1
2010,2,Eixample,7,la Dreta de l'Eixample,30,2069,..,2,3
2010,2,Eixample,7,la Dreta de l'Eixample,30,2069,..,2,4
2010,2,Eixample,7,la Dreta de l'Eixample,30,2069,7,2,5
2010,2,Eixample,7,la Dreta de l'Eixample,30,2069,..,2,6
2010,2,Eixample,7,la Dreta de l'Eixample,30,2069,5,2,7
2010,2,Eixample,7,la Dreta de l'Eixample,30,2069,..,2,8
2010,2,Eixample,7,la Dreta de l'Eixample,30,2069,..,2,9
2010,2,Eixample,7,la Dreta de l'Eixample,30,2069,..,2,11
2010,2,Eixample,7,la Dreta de l'Eixample,30,2069,..,2,12
2010,2,Eixample,7,la Dreta de l'Eixample,31,2070,..,1,2
2010,2,Eixample,7,la Dreta de l'Eixample,31,2070,5,1,4
2010,2,Eixample,7,la Dreta de l'Eixample,31,2070,12,1,5
2010,2,Eixample,7,la Dreta de l'Eixample,31,2070,9,1,6
2010,2,Eixample,7,la Dreta de l'Eixample,31,2070,5,1,7
2010,2,Eixample,7,la Dreta de l'Eixample,31,2070,..,1,8
2010,2,Eixample,7,la Dreta de l'Eixample,31,2070,..,1,9
2010,2,Eixample,7,la Dreta de l'Eixample,31,2070,..,1,11
2010,2,Eixample,7,la Dreta de l'Eixample,31,2070,..,1,14
2010,2,Eixample,7,la Dreta de l'Eixample,31,2070,..,1,15
2010,2,Eixample,7,la Dreta de l'Eixample,31,2070,..,1,17
2010,2,Eixample,7,la Dreta de l'Eixample,31,2070,..,2,0
2010,2,Eixample,7,la Dreta de l'Eixample,31,2070,..,2,1
2010,2,Eixample,7,la Dreta de l'Eixample,31,2070,..,2,3
2010,2,Eixample,7,la Dreta de l'Eixample,31,2070,..,2,4
2010,2,Eixample,7,la Dreta de l'Eixample,31,2070,12,2,5
2010,2,Eixample,7,la Dreta de l'Eixample,31,2070,9,2,6
2010,2,Eixample,7,la Dreta de l'Eixample,31,2070,6,2,7
2010,2,Eixample,7,la Dreta de l'Eixample,31,2070,..,2,8
2010,2,Eixample,7,la Dreta de l'Eixample,31,2070,..,2,9
2010,2,Eixample,7,la Dreta de l'Eixample,31,2070,..,2,10
2010,2,Eixample,7,la Dreta de l'Eixample,31,2071,..,1,0
2010,2,Eixample,7,la Dreta de l'Eixample,31,2071,..,1,1
2010,2,Eixample,7,la Dreta de l'Eixample,31,2071,..,1,2
2010,2,Eixample,7,la Dreta de l'Eixample,31,2071,..,1,3
2010,2,Eixample,7,la Dreta de l'Eixample,31,2071,6,1,4
2010,2,Eixample,7,la Dreta de l'Eixample,31,2071,9,1,5
2010,2,Eixample,7,la Dreta de l'Eixample,31,2071,5,1,6
2010,2,Eixample,7,la Dreta de l'Eixample,31,2071,6,1,7
2010,2,Eixample,7,la Dreta de l'Eixample,31,2071,..,1,8
2010,2,Eixample,7,la Dreta de l'Eixample,31,2071,..,1,9
2010,2,Eixample,7,la Dreta de l'Eixample,31,2071,..,1,10
2010,2,Eixample,7,la Dreta de l'Eixample,31,2071,..,1,12
2010,2,Eixample,7,la Dreta de l'Eixample,31,2071,..,1,13
2010,2,Eixample,7,la Dreta de l'Eixample,31,2071,..,1,16
2010,2,Eixample,7,la Dreta de l'Eixample,31,2071,5,2,0
2010,2,Eixample,7,la Dreta de l'Eixample,31,2071,..,2,1
2010,2,Eixample,7,la Dreta de l'Eixample,31,2071,..,2,2
2010,2,Eixample,7,la Dreta de l'Eixample,31,2071,..,2,3
2010,2,Eixample,7,la Dreta de l'Eixample,31,2071,..,2,4
2010,2,Eixample,7,la Dreta de l'Eixample,31,2071,11,2,5
2010,2,Eixample,7,la Dreta de l'Eixample,31,2071,9,2,6
2010,2,Eixample,7,la Dreta de l'Eixample,31,2071,..,2,7
2010,2,Eixample,7,la Dreta de l'Eixample,31,2071,..,2,8
2010,2,Eixample,7,la Dreta de l'Eixample,31,2071,6,2,9
2010,2,Eixample,7,la Dreta de l'Eixample,31,2071,..,2,10
2010,2,Eixample,7,la Dreta de l'Eixample,31,2071,..,2,11
2010,2,Eixample,7,la Dreta de l'Eixample,31,2071,..,2,12
2010,2,Eixample,7,la Dreta de l'Eixample,31,2071,..,2,13
2010,2,Eixample,7,la Dreta de l'Eixample,31,2072,..,1,0
2010,2,Eixample,7,la Dreta de l'Eixample,31,2072,..,1,3
2010,2,Eixample,7,la Dreta de l'Eixample,31,2072,..,1,4
2010,2,Eixample,7,la Dreta de l'Eixample,31,2072,5,1,5
2010,2,Eixample,7,la Dreta de l'Eixample,31,2072,12,1,6
2010,2,Eixample,7,la Dreta de l'Eixample,31,2072,5,1,7
2010,2,Eixample,7,la Dreta de l'Eixample,31,2072,..,1,8
2010,2,Eixample,7,la Dreta de l'Eixample,31,2072,..,1,10
2010,2,Eixample,7,la Dreta de l'Eixample,31,2072,..,1,12
2010,2,Eixample,7,la Dreta de l'Eixample,31,2072,..,1,13
2010,2,Eixample,7,la Dreta de l'Eixample,31,2072,..,1,14
2010,2,Eixample,7,la Dreta de l'Eixample,31,2072,..,1,15
2010,2,Eixample,7,la Dreta de l'Eixample,31,2072,..,1,16
2010,2,Eixample,7,la Dreta de l'Eixample,31,2072,..,1,18
2010,2,Eixample,7,la Dreta de l'Eixample,31,2072,..,2,0
2010,2,Eixample,7,la Dreta de l'Eixample,31,2072,..,2,1
2010,2,Eixample,7,la Dreta de l'Eixample,31,2072,..,2,3
2010,2,Eixample,7,la Dreta de l'Eixample,31,2072,..,2,4
2010,2,Eixample,7,la Dreta de l'Eixample,31,2072,..,2,5
2010,2,Eixample,7,la Dreta de l'Eixample,31,2072,..,2,6
2010,2,Eixample,7,la Dreta de l'Eixample,31,2072,..,2,7
2010,2,Eixample,7,la Dreta de l'Eixample,31,2072,8,2,8
2010,2,Eixample,7,la Dreta de l'Eixample,31,2072,..,2,9
2010,2,Eixample,7,la Dreta de l'Eixample,31,2072,..,2,12
2010,2,Eixample,7,la Dreta de l'Eixample,31,2072,..,2,13
2010,2,Eixample,7,la Dreta de l'Eixample,31,2072,..,2,15
2010,2,Eixample,7,la Dreta de l'Eixample,31,2072,..,2,16
2010,2,Eixample,7,la Dreta de l'Eixample,31,2072,..,2,17
2010,2,Eixample,7,la Dreta de l'Eixample,32,2073,..,1,3
2010,2,Eixample,7,la Dreta de l'Eixample,32,2073,6,1,4
2010,2,Eixample,7,la Dreta de l'Eixample,32,2073,11,1,5
2010,2,Eixample,7,la Dreta de l'Eixample,32,2073,6,1,6
2010,2,Eixample,7,la Dreta de l'Eixample,32,2073,7,1,7
2010,2,Eixample,7,la Dreta de l'Eixample,32,2073,..,1,8
2010,2,Eixample,7,la Dreta de l'Eixample,32,2073,..,1,9
2010,2,Eixample,7,la Dreta de l'Eixample,32,2073,..,1,11
2010,2,Eixample,7,la Dreta de l'Eixample,32,2073,..,1,12
2010,2,Eixample,7,la Dreta de l'Eixample,32,2073,..,1,13
2010,2,Eixample,7,la Dreta de l'Eixample,32,2073,..,1,14
2010,2,Eixample,7,la Dreta de l'Eixample,32,2073,..,1,15
2010,2,Eixample,7,la Dreta de l'Eixample,32,2073,..,1,16
2010,2,Eixample,7,la Dreta de l'Eixample,32,2073,..,1,17
2010,2,Eixample,7,la Dreta de l'Eixample,32,2073,..,1,19
2010,2,Eixample,7,la Dreta de l'Eixample,32,2073,5,2,0
2010,2,Eixample,7,la Dreta de l'Eixample,32,2073,..,2,3
2010,2,Eixample,7,la Dreta de l'Eixample,32,2073,..,2,4
2010,2,Eixample,7,la Dreta de l'Eixample,32,2073,6,2,5
2010,2,Eixample,7,la Dreta de l'Eixample,32,2073,11,2,6
2010,2,Eixample,7,la Dreta de l'Eixample,32,2073,6,2,7
2010,2,Eixample,7,la Dreta de l'Eixample,32,2073,..,2,8
2010,2,Eixample,7,la Dreta de l'Eixample,32,2073,..,2,9
2010,2,Eixample,7,la Dreta de l'Eixample,32,2073,..,2,10
2010,2,Eixample,7,la Dreta de l'Eixample,32,2073,..,2,11
2010,2,Eixample,7,la Dreta de l'Eixample,32,2073,..,2,15
2010,2,Eixample,7,la Dreta de l'Eixample,32,2074,..,1,0
2010,2,Eixample,7,la Dreta de l'Eixample,32,2074,..,1,1
2010,2,Eixample,7,la Dreta de l'Eixample,32,2074,5,1,4
2010,2,Eixample,7,la Dreta de l'Eixample,32,2074,..,1,5
2010,2,Eixample,7,la Dreta de l'Eixample,32,2074,10,1,6
2010,2,Eixample,7,la Dreta de l'Eixample,32,2074,..,1,7
2010,2,Eixample,7,la Dreta de l'Eixample,32,2074,..,1,8
2010,2,Eixample,7,la Dreta de l'Eixample,32,2074,..,1,9
2010,2,Eixample,7,la Dreta de l'Eixample,32,2074,..,1,10
2010,2,Eixample,7,la Dreta de l'Eixample,32,2074,..,1,11
2010,2,Eixample,7,la Dreta de l'Eixample,32,2074,..,2,0
2010,2,Eixample,7,la Dreta de l'Eixample,32,2074,..,2,1
2010,2,Eixample,7,la Dreta de l'Eixample,32,2074,..,2,2
2010,2,Eixample,7,la Dreta de l'Eixample,32,2074,..,2,3
2010,2,Eixample,7,la Dreta de l'Eixample,32,2074,..,2,4
2010,2,Eixample,7,la Dreta de l'Eixample,32,2074,10,2,5
2010,2,Eixample,7,la Dreta de l'Eixample,32,2074,5,2,6
2010,2,Eixample,7,la Dreta de l'Eixample,32,2074,7,2,7
2010,2,Eixample,7,la Dreta de l'Eixample,32,2074,..,2,9
2010,2,Eixample,7,la Dreta de l'Eixample,32,2074,..,2,10
2010,2,Eixample,7,la Dreta de l'Eixample,32,2074,..,2,11
2010,2,Eixample,7,la Dreta de l'Eixample,32,2074,..,2,12
2010,2,Eixample,7,la Dreta de l'Eixample,32,2075,..,1,0
2010,2,Eixample,7,la Dreta de l'Eixample,32,2075,..,1,1
2010,2,Eixample,7,la Dreta de l'Eixample,32,2075,9,1,4
2010,2,Eixample,7,la Dreta de l'Eixample,32,2075,10,1,5
2010,2,Eixample,7,la Dreta de l'Eixample,32,2075,7,1,6
2010,2,Eixample,7,la Dreta de l'Eixample,32,2075,..,1,7
2010,2,Eixample,7,la Dreta de l'Eixample,32,2075,..,1,9
2010,2,Eixample,7,la Dreta de l'Eixample,32,2075,..,1,10
2010,2,Eixample,7,la Dreta de l'Eixample,32,2075,..,1,13
2010,2,Eixample,7,la Dreta de l'Eixample,32,2075,..,1,15
2010,2,Eixample,7,la Dreta de l'Eixample,32,2075,..,1,16
2010,2,Eixample,7,la Dreta de l'Eixample,32,2075,..,1,17
2010,2,Eixample,7,la Dreta de l'Eixample,32,2075,..,2,0
2010,2,Eixample,7,la Dreta de l'Eixample,32,2075,..,2,1
2010,2,Eixample,7,la Dreta de l'Eixample,32,2075,..,2,2
2010,2,Eixample,7,la Dreta de l'Eixample,32,2075,..,2,3
2010,2,Eixample,7,la Dreta de l'Eixample,32,2075,..,2,4
2010,2,Eixample,7,la Dreta de l'Eixample,32,2075,10,2,5
2010,2,Eixample,7,la Dreta de l'Eixample,32,2075,5,2,6
2010,2,Eixample,7,la Dreta de l'Eixample,32,2075,..,2,7
2010,2,Eixample,7,la Dreta de l'Eixample,32,2075,..,2,8
2010,2,Eixample,7,la Dreta de l'Eixample,32,2075,..,2,9
2010,2,Eixample,7,la Dreta de l'Eixample,32,2075,..,2,11
2010,2,Eixample,7,la Dreta de l'Eixample,32,2075,..,2,13
2010,2,Eixample,7,la Dreta de l'Eixample,32,2076,..,1,0
2010,2,Eixample,7,la Dreta de l'Eixample,32,2076,..,1,4
2010,2,Eixample,7,la Dreta de l'Eixample,32,2076,15,1,5
2010,2,Eixample,7,la Dreta de l'Eixample,32,2076,11,1,6
2010,2,Eixample,7,la Dreta de l'Eixample,32,2076,11,1,7
2010,2,Eixample,7,la Dreta de l'Eixample,32,2076,..,1,8
2010,2,Eixample,7,la Dreta de l'Eixample,32,2076,..,1,9
2010,2,Eixample,7,la Dreta de l'Eixample,32,2076,..,1,10
2010,2,Eixample,7,la Dreta de l'Eixample,32,2076,..,1,11
2010,2,Eixample,7,la Dreta de l'Eixample,32,2076,..,1,12
2010,2,Eixample,7,la Dreta de l'Eixample,32,2076,..,1,13
2010,2,Eixample,7,la Dreta de l'Eixample,32,2076,..,1,14
2010,2,Eixample,7,la Dreta de l'Eixample,32,2076,..,1,17
2010,2,Eixample,7,la Dreta de l'Eixample,32,2076,..,2,0
2010,2,Eixample,7,la Dreta de l'Eixample,32,2076,..,2,1
2010,2,Eixample,7,la Dreta de l'Eixample,32,2076,..,2,4
2010,2,Eixample,7,la Dreta de l'Eixample,32,2076,9,2,5
2010,2,Eixample,7,la Dreta de l'Eixample,32,2076,8,2,6
2010,2,Eixample,7,la Dreta de l'Eixample,32,2076,13,2,7
2010,2,Eixample,7,la Dreta de l'Eixample,32,2076,..,2,9
2010,2,Eixample,7,la Dreta de l'Eixample,32,2076,..,2,10
2010,2,Eixample,7,la Dreta de l'Eixample,32,2076,..,2,11
2010,2,Eixample,7,la Dreta de l'Eixample,32,2076,..,2,13
2010,2,Eixample,7,la Dreta de l'Eixample,32,2076,..,2,15
2010,2,Eixample,7,la Dreta de l'Eixample,33,2077,..,1,0
2010,2,Eixample,7,la Dreta de l'Eixample,33,2077,..,1,1
2010,2,Eixample,7,la Dreta de l'Eixample,33,2077,..,1,2
2010,2,Eixample,7,la Dreta de l'Eixample,33,2077,19,1,4
2010,2,Eixample,7,la Dreta de l'Eixample,33,2077,8,1,5
2010,2,Eixample,7,la Dreta de l'Eixample,33,2077,5,1,6
2010,2,Eixample,7,la Dreta de l'Eixample,33,2077,6,1,7
2010,2,Eixample,7,la Dreta de l'Eixample,33,2077,..,1,8
2010,2,Eixample,7,la Dreta de l'Eixample,33,2077,..,1,9
2010,2,Eixample,7,la Dreta de l'Eixample,33,2077,..,1,11
2010,2,Eixample,7,la Dreta de l'Eixample,33,2077,..,1,12
2010,2,Eixample,7,la Dreta de l'Eixample,33,2077,..,1,13
2010,2,Eixample,7,la Dreta de l'Eixample,33,2077,..,2,0
2010,2,Eixample,7,la Dreta de l'Eixample,33,2077,..,2,1
2010,2,Eixample,7,la Dreta de l'Eixample,33,2077,..,2,2
2010,2,Eixample,7,la Dreta de l'Eixample,33,2077,..,2,3
2010,2,Eixample,7,la Dreta de l'Eixample,33,2077,5,2,4
2010,2,Eixample,7,la Dreta de l'Eixample,33,2077,5,2,5
2010,2,Eixample,7,la Dreta de l'Eixample,33,2077,9,2,6
2010,2,Eixample,7,la Dreta de l'Eixample,33,2077,8,2,7
2010,2,Eixample,7,la Dreta de l'Eixample,33,2077,..,2,8
2010,2,Eixample,7,la Dreta de l'Eixample,33,2077,..,2,9
2010,2,Eixample,7,la Dreta de l'Eixample,33,2077,..,2,12
2010,2,Eixample,7,la Dreta de l'Eixample,33,2077,..,2,13
2010,2,Eixample,7,la Dreta de l'Eixample,33,2077,..,2,14
2010,2,Eixample,7,la Dreta de l'Eixample,34,2078,..,1,0
2010,2,Eixample,7,la Dreta de l'Eixample,34,2078,..,1,1
2010,2,Eixample,7,la Dreta de l'Eixample,34,2078,..,1,2
2010,2,Eixample,7,la Dreta de l'Eixample,34,2078,..,1,3
2010,2,Eixample,7,la Dreta de l'Eixample,34,2078,9,1,4
2010,2,Eixample,7,la Dreta de l'Eixample,34,2078,7,1,5
2010,2,Eixample,7,la Dreta de l'Eixample,34,2078,11,1,6
2010,2,Eixample,7,la Dreta de l'Eixample,34,2078,7,1,7
2010,2,Eixample,7,la Dreta de l'Eixample,34,2078,..,1,8
2010,2,Eixample,7,la Dreta de l'Eixample,34,2078,..,1,9
2010,2,Eixample,7,la Dreta de l'Eixample,34,2078,..,1,10
2010,2,Eixample,7,la Dreta de l'Eixample,34,2078,..,1,11
2010,2,Eixample,7,la Dreta de l'Eixample,34,2078,..,1,12
2010,2,Eixample,7,la Dreta de l'Eixample,34,2078,..,1,15
2010,2,Eixample,7,la Dreta de l'Eixample,34,2078,..,2,0
2010,2,Eixample,7,la Dreta de l'Eixample,34,2078,..,2,1
2010,2,Eixample,7,la Dreta de l'Eixample,34,2078,..,2,3
2010,2,Eixample,7,la Dreta de l'Eixample,34,2078,..,2,4
2010,2,Eixample,7,la Dreta de l'Eixample,34,2078,8,2,5
2010,2,Eixample,7,la Dreta de l'Eixample,34,2078,7,2,6
2010,2,Eixample,7,la Dreta de l'Eixample,34,2078,..,2,7
2010,2,Eixample,7,la Dreta de l'Eixample,34,2078,..,2,8
2010,2,Eixample,7,la Dreta de l'Eixample,34,2078,..,2,9
2010,2,Eixample,7,la Dreta de l'Eixample,34,2078,..,2,10
2010,2,Eixample,7,la Dreta de l'Eixample,34,2078,..,2,11
2010,2,Eixample,7,la Dreta de l'Eixample,34,2078,..,2,12
2010,2,Eixample,7,la Dreta de l'Eixample,34,2079,..,1,0
2010,2,Eixample,7,la Dreta de l'Eixample,34,2079,..,1,2
2010,2,Eixample,7,la Dreta de l'Eixample,34,2079,..,1,3
2010,2,Eixample,7,la Dreta de l'Eixample,34,2079,8,1,4
2010,2,Eixample,7,la Dreta de l'Eixample,34,2079,9,1,5
2010,2,Eixample,7,la Dreta de l'Eixample,34,2079,8,1,6
2010,2,Eixample,7,la Dreta de l'Eixample,34,2079,..,1,7
2010,2,Eixample,7,la Dreta de l'Eixample,34,2079,..,1,8
2010,2,Eixample,7,la Dreta de l'Eixample,34,2079,..,1,9
2010,2,Eixample,7,la Dreta de l'Eixample,34,2079,..,1,11
2010,2,Eixample,7,la Dreta de l'Eixample,34,2079,..,1,12
2010,2,Eixample,7,la Dreta de l'Eixample,34,2079,..,1,13
2010,2,Eixample,7,la Dreta de l'Eixample,34,2079,..,1,15
2010,2,Eixample,7,la Dreta de l'Eixample,34,2079,..,1,18
2010,2,Eixample,7,la Dreta de l'Eixample,34,2079,..,2,0
2010,2,Eixample,7,la Dreta de l'Eixample,34,2079,..,2,3
2010,2,Eixample,7,la Dreta de l'Eixample,34,2079,..,2,4
2010,2,Eixample,7,la Dreta de l'Eixample,34,2079,5,2,5
2010,2,Eixample,7,la Dreta de l'Eixample,34,2079,..,2,6
2010,2,Eixample,7,la Dreta de l'Eixample,34,2079,8,2,7
2010,2,Eixample,7,la Dreta de l'Eixample,34,2079,..,2,8
2010,2,Eixample,7,la Dreta de l'Eixample,34,2079,..,2,9
2010,2,Eixample,7,la Dreta de l'Eixample,34,2079,..,2,10
2010,2,Eixample,7,la Dreta de l'Eixample,34,2079,..,2,11
2010,2,Eixample,7,la Dreta de l'Eixample,34,2079,..,2,12
2010,2,Eixample,7,la Dreta de l'Eixample,34,2079,..,2,13
2010,2,Eixample,7,la Dreta de l'Eixample,35,2080,..,1,0
2010,2,Eixample,7,la Dreta de l'Eixample,35,2080,..,1,1
2010,2,Eixample,7,la Dreta de l'Eixample,35,2080,..,1,3
2010,2,Eixample,7,la Dreta de l'Eixample,35,2080,5,1,4
2010,2,Eixample,7,la Dreta de l'Eixample,35,2080,10,1,5
2010,2,Eixample,7,la Dreta de l'Eixample,35,2080,6,1,6
2010,2,Eixample,7,la Dreta de l'Eixample,35,2080,6,1,7
2010,2,Eixample,7,la Dreta de l'Eixample,35,2080,..,1,8
2010,2,Eixample,7,la Dreta de l'Eixample,35,2080,..,1,9
2010,2,Eixample,7,la Dreta de l'Eixample,35,2080,..,1,10
2010,2,Eixample,7,la Dreta de l'Eixample,35,2080,..,1,14
2010,2,Eixample,7,la Dreta de l'Eixample,35,2080,..,1,15
2010,2,Eixample,7,la Dreta de l'Eixample,35,2080,..,1,17
2010,2,Eixample,7,la Dreta de l'Eixample,35,2080,..,1,18
2010,2,Eixample,7,la Dreta de l'Eixample,35,2080,..,2,1
2010,2,Eixample,7,la Dreta de l'Eixample,35,2080,..,2,3
2010,2,Eixample,7,la Dreta de l'Eixample,35,2080,..,2,4
2010,2,Eixample,7,la Dreta de l'Eixample,35,2080,5,2,5
2010,2,Eixample,7,la Dreta de l'Eixample,35,2080,7,2,6
2010,2,Eixample,7,la Dreta de l'Eixample,35,2080,..,2,7
2010,2,Eixample,7,la Dreta de l'Eixample,35,2080,..,2,8
2010,2,Eixample,7,la Dreta de l'Eixample,35,2080,..,2,9
2010,2,Eixample,7,la Dreta de l'Eixample,35,2080,..,2,10
2010,2,Eixample,7,la Dreta de l'Eixample,35,2080,..,2,11
2010,2,Eixample,7,la Dreta de l'Eixample,35,2080,..,2,12
2010,2,Eixample,7,la Dreta de l'Eixample,35,2080,..,2,15
2010,2,Eixample,7,la Dreta de l'Eixample,35,2080,..,2,16
2010,2,Eixample,7,la Dreta de l'Eixample,35,2080,..,2,18
2010,2,Eixample,7,la Dreta de l'Eixample,35,2080,..,2,19
2010,2,Eixample,7,la Dreta de l'Eixample,35,2081,5,1,0
2010,2,Eixample,7,la Dreta de l'Eixample,35,2081,..,1,1
2010,2,Eixample,7,la Dreta de l'Eixample,35,2081,..,1,2
2010,2,Eixample,7,la Dreta de l'Eixample,35,2081,..,1,3
2010,2,Eixample,7,la Dreta de l'Eixample,35,2081,10,1,4
2010,2,Eixample,7,la Dreta de l'Eixample,35,2081,21,1,5
2010,2,Eixample,7,la Dreta de l'Eixample,35,2081,17,1,6
2010,2,Eixample,7,la Dreta de l'Eixample,35,2081,6,1,7
2010,2,Eixample,7,la Dreta de l'Eixample,35,2081,7,1,8
2010,2,Eixample,7,la Dreta de l'Eixample,35,2081,5,1,9
2010,2,Eixample,7,la Dreta de l'Eixample,35,2081,..,1,10
2010,2,Eixample,7,la Dreta de l'Eixample,35,2081,..,1,11
2010,2,Eixample,7,la Dreta de l'Eixample,35,2081,..,1,12
2010,2,Eixample,7,la Dreta de l'Eixample,35,2081,..,1,14
2010,2,Eixample,7,la Dreta de l'Eixample,35,2081,..,1,16
2010,2,Eixample,7,la Dreta de l'Eixample,35,2081,..,1,17
2010,2,Eixample,7,la Dreta de l'Eixample,35,2081,..,1,18
2010,2,Eixample,7,la Dreta de l'Eixample,35,2081,..,2,0
2010,2,Eixample,7,la Dreta de l'Eixample,35,2081,5,2,2
2010,2,Eixample,7,la Dreta de l'Eixample,35,2081,..,2,3
2010,2,Eixample,7,la Dreta de l'Eixample,35,2081,6,2,4
2010,2,Eixample,7,la Dreta de l'Eixample,35,2081,14,2,5
2010,2,Eixample,7,la Dreta de l'Eixample,35,2081,11,2,6
2010,2,Eixample,7,la Dreta de l'Eixample,35,2081,7,2,7
2010,2,Eixample,7,la Dreta de l'Eixample,35,2081,6,2,8
2010,2,Eixample,7,la Dreta de l'Eixample,35,2081,..,2,9
2010,2,Eixample,7,la Dreta de l'Eixample,35,2081,..,2,10
2010,2,Eixample,7,la Dreta de l'Eixample,35,2081,..,2,11
2010,2,Eixample,7,la Dreta de l'Eixample,35,2081,..,2,12
2010,2,Eixample,7,la Dreta de l'Eixample,35,2081,..,2,13
2010,2,Eixample,7,la Dreta de l'Eixample,35,2081,..,2,14
2010,2,Eixample,7,la Dreta de l'Eixample,35,2081,..,2,16
2010,2,Eixample,7,la Dreta de l'Eixample,35,2081,..,2,18
2010,2,Eixample,7,la Dreta de l'Eixample,36,2082,..,1,0
2010,2,Eixample,7,la Dreta de l'Eixample,36,2082,..,1,4
2010,2,Eixample,7,la Dreta de l'Eixample,36,2082,12,1,5
2010,2,Eixample,7,la Dreta de l'Eixample,36,2082,10,1,6
2010,2,Eixample,7,la Dreta de l'Eixample,36,2082,6,1,7
2010,2,Eixample,7,la Dreta de l'Eixample,36,2082,..,1,8
2010,2,Eixample,7,la Dreta de l'Eixample,36,2082,..,1,9
2010,2,Eixample,7,la Dreta de l'Eixample,36,2082,..,1,10
2010,2,Eixample,7,la Dreta de l'Eixample,36,2082,..,1,12
2010,2,Eixample,7,la Dreta de l'Eixample,36,2082,..,1,13
2010,2,Eixample,7,la Dreta de l'Eixample,36,2082,..,1,14
2010,2,Eixample,7,la Dreta de l'Eixample,36,2082,..,1,16
2010,2,Eixample,7,la Dreta de l'Eixample,36,2082,..,1,17
2010,2,Eixample,7,la Dreta de l'Eixample,36,2082,..,2,0
2010,2,Eixample,7,la Dreta de l'Eixample,36,2082,..,2,2
2010,2,Eixample,7,la Dreta de l'Eixample,36,2082,..,2,3
2010,2,Eixample,7,la Dreta de l'Eixample,36,2082,..,2,4
2010,2,Eixample,7,la Dreta de l'Eixample,36,2082,..,2,5
2010,2,Eixample,7,la Dreta de l'Eixample,36,2082,..,2,6
2010,2,Eixample,7,la Dreta de l'Eixample,36,2082,5,2,7
2010,2,Eixample,7,la Dreta de l'Eixample,36,2082,..,2,10
2010,2,Eixample,7,la Dreta de l'Eixample,36,2082,..,2,12
2010,2,Eixample,7,la Dreta de l'Eixample,36,2083,..,1,0
2010,2,Eixample,7,la Dreta de l'Eixample,36,2083,..,1,1
2010,2,Eixample,7,la Dreta de l'Eixample,36,2083,..,1,2
2010,2,Eixample,7,la Dreta de l'Eixample,36,2083,..,1,3
2010,2,Eixample,7,la Dreta de l'Eixample,36,2083,7,1,4
2010,2,Eixample,7,la Dreta de l'Eixample,36,2083,21,1,5
2010,2,Eixample,7,la Dreta de l'Eixample,36,2083,5,1,6
2010,2,Eixample,7,la Dreta de l'Eixample,36,2083,14,1,7
2010,2,Eixample,7,la Dreta de l'Eixample,36,2083,..,1,8
2010,2,Eixample,7,la Dreta de l'Eixample,36,2083,..,1,9
2010,2,Eixample,7,la Dreta de l'Eixample,36,2083,..,1,10
2010,2,Eixample,7,la Dreta de l'Eixample,36,2083,..,1,11
2010,2,Eixample,7,la Dreta de l'Eixample,36,2083,..,1,12
2010,2,Eixample,7,la Dreta de l'Eixample,36,2083,..,1,13
2010,2,Eixample,7,la Dreta de l'Eixample,36,2083,..,1,17
2010,2,Eixample,7,la Dreta de l'Eixample,36,2083,..,2,1
2010,2,Eixample,7,la Dreta de l'Eixample,36,2083,..,2,2
2010,2,Eixample,7,la Dreta de l'Eixample,36,2083,5,2,4
2010,2,Eixample,7,la Dreta de l'Eixample,36,2083,10,2,5
2010,2,Eixample,7,la Dreta de l'Eixample,36,2083,..,2,6
2010,2,Eixample,7,la Dreta de l'Eixample,36,2083,5,2,7
2010,2,Eixample,7,la Dreta de l'Eixample,36,2083,..,2,8
2010,2,Eixample,7,la Dreta de l'Eixample,36,2083,..,2,9
2010,2,Eixample,7,la Dreta de l'Eixample,36,2083,5,2,10
2010,2,Eixample,7,la Dreta de l'Eixample,36,2083,..,2,12
2010,2,Eixample,7,la Dreta de l'Eixample,36,2083,..,2,13
2010,2,Eixample,8,l'Antiga Esquerra de l'Eixample,37,2084,..,1,0
2010,2,Eixample,8,l'Antiga Esquerra de l'Eixample,37,2084,..,1,1
2010,2,Eixample,8,l'Antiga Esquerra de l'Eixample,37,2084,..,1,2
2010,2,Eixample,8,l'Antiga Esquerra de l'Eixample,37,2084,..,1,3
2010,2,Eixample,8,l'Antiga Esquerra de l'Eixample,37,2084,13,1,4
2010,2,Eixample,8,l'Antiga Esquerra de l'Eixample,37,2084,16,1,5
2010,2,Eixample,8,l'Antiga Esquerra de l'Eixample,37,2084,6,1,6
2010,2,Eixample,8,l'Antiga Esquerra de l'Eixample,37,2084,5,1,7
2010,2,Eixample,8,l'Antiga Esquerra de l'Eixample,37,2084,..,1,8
2010,2,Eixample,8,l'Antiga Esquerra de l'Eixample,37,2084,5,1,9
2010,2,Eixample,8,l'Antiga Esquerra de l'Eixample,37,2084,..,1,10
2010,2,Eixample,8,l'Antiga Esquerra de l'Eixample,37,2084,..,1,12
2010,2,Eixample,8,l'Antiga Esquerra de l'Eixample,37,2084,..,1,16
2010,2,Eixample,8,l'Antiga Esquerra de l'Eixample,37,2084,..,2,0
2010,2,Eixample,8,l'Antiga Esquerra de l'Eixample,37,2084,..,2,2
2010,2,Eixample,8,l'Antiga Esquerra de l'Eixample,37,2084,..,2,3
2010,2,Eixample,8,l'Antiga Esquerra de l'Eixample,37,2084,9,2,4
2010,2,Eixample,8,l'Antiga Esquerra de l'Eixample,37,2084,12,2,5
2010,2,Eixample,8,l'Antiga Esquerra de l'Eixample,37,2084,7,2,6
2010,2,Eixample,8,l'Antiga Esquerra de l'Eixample,37,2084,7,2,7
2010,2,Eixample,8,l'Antiga Esquerra de l'Eixample,37,2084,..,2,8
2010,2,Eixample,8,l'Antiga Esquerra de l'Eixample,37,2084,7,2,9
2010,2,Eixample,8,l'Antiga Esquerra de l'Eixample,37,2084,..,2,10
2010,2,Eixample,8,l'Antiga Esquerra de l'Eixample,37,2084,..,2,11
2010,2,Eixample,8,l'Antiga Esquerra de l'Eixample,37,2084,..,2,12
2010,2,Eixample,8,l'Antiga Esquerra de l'Eixample,37,2084,..,2,14
2010,2,Eixample,8,l'Antiga Esquerra de l'Eixample,37,2085,..,1,1
2010,2,Eixample,8,l'Antiga Esquerra de l'Eixample,37,2085,..,1,2
2010,2,Eixample,8,l'Antiga Esquerra de l'Eixample,37,2085,..,1,3
2010,2,Eixample,8,l'Antiga Esquerra de l'Eixample,37,2085,..,1,4
2010,2,Eixample,8,l'Antiga Esquerra de l'Eixample,37,2085,16,1,5
2010,2,Eixample,8,l'Antiga Esquerra de l'Eixample,37,2085,..,1,6
2010,2,Eixample,8,l'Antiga Esquerra de l'Eixample,37,2085,..,1,7
2010,2,Eixample,8,l'Antiga Esquerra de l'Eixample,37,2085,..,1,8
2010,2,Eixample,8,l'Antiga Esquerra de l'Eixample,37,2085,..,1,9
2010,2,Eixample,8,l'Antiga Esquerra de l'Eixample,37,2085,..,1,10
2010,2,Eixample,8,l'Antiga Esquerra de l'Eixample,37,2085,..,1,12
2010,2,Eixample,8,l'Antiga Esquerra de l'Eixample,37,2085,..,1,17
2010,2,Eixample,8,l'Antiga Esquerra de l'Eixample,37,2085,..,2,0
2010,2,Eixample,8,l'Antiga Esquerra de l'Eixample,37,2085,..,2,1
2010,2,Eixample,8,l'Antiga Esquerra de l'Eixample,37,2085,..,2,2
2010,2,Eixample,8,l'Antiga Esquerra de l'Eixample,37,2085,..,2,3
2010,2,Eixample,8,l'Antiga Esquerra de l'Eixample,37,2085,11,2,4
2010,2,Eixample,8,l'Antiga Esquerra de l'Eixample,37,2085,13,2,5
2010,2,Eixample,8,l'Antiga Esquerra de l'Eixample,37,2085,8,2,6
2010,2,Eixample,8,l'Antiga Esquerra de l'Eixample,37,2085,..,2,7
2010,2,Eixample,8,l'Antiga Esquerra de l'Eixample,37,2085,5,2,8
2010,2,Eixample,8,l'Antiga Esquerra de l'Eixample,37,2085,..,2,9
2010,2,Eixample,8,l'Antiga Esquerra de l'Eixample,37,2085,..,2,10
2010,2,Eixample,8,l'Antiga Esquerra de l'Eixample,37,2085,..,2,11
2010,2,Eixample,8,l'Antiga Esquerra de l'Eixample,37,2085,..,2,12
2010,2,Eixample,8,l'Antiga Esquerra de l'Eixample,37,2086,..,1,1
2010,2,Eixample,8,l'Antiga Esquerra de l'Eixample,37,2086,..,1,2
2010,2,Eixample,8,l'Antiga Esquerra de l'Eixample,37,2086,6,1,4
2010,2,Eixample,8,l'Antiga Esquerra de l'Eixample,37,2086,13,1,5
2010,2,Eixample,8,l'Antiga Esquerra de l'Eixample,37,2086,6,1,6
2010,2,Eixample,8,l'Antiga Esquerra de l'Eixample,37,2086,..,1,7
2010,2,Eixample,8,l'Antiga Esquerra de l'Eixample,37,2086,..,1,8
2010,2,Eixample,8,l'Antiga Esquerra de l'Eixample,37,2086,..,1,9
2010,2,Eixample,8,l'Antiga Esquerra de l'Eixample,37,2086,..,1,10
2010,2,Eixample,8,l'Antiga Esquerra de l'Eixample,37,2086,..,1,11
2010,2,Eixample,8,l'Antiga Esquerra de l'Eixample,37,2086,..,2,2
2010,2,Eixample,8,l'Antiga Esquerra de l'Eixample,37,2086,..,2,3
2010,2,Eixample,8,l'Antiga Esquerra de l'Eixample,37,2086,..,2,4
2010,2,Eixample,8,l'Antiga Esquerra de l'Eixample,37,2086,5,2,5
2010,2,Eixample,8,l'Antiga Esquerra de l'Eixample,37,2086,6,2,6
2010,2,Eixample,8,l'Antiga Esquerra de l'Eixample,37,2086,..,2,7
2010,2,Eixample,8,l'Antiga Esquerra de l'Eixample,37,2086,..,2,8
2010,2,Eixample,8,l'Antiga Esquerra de l'Eixample,37,2086,..,2,9
2010,2,Eixample,8,l'Antiga Esquerra de l'Eixample,37,2086,..,2,11
2010,2,Eixample,8,l'Antiga Esquerra de l'Eixample,37,2086,..,2,12
2010,2,Eixample,8,l'Antiga Esquerra de l'Eixample,37,2086,..,2,15
2010,2,Eixample,8,l'Antiga Esquerra de l'Eixample,37,2087,..,1,0
2010,2,Eixample,8,l'Antiga Esquerra de l'Eixample,37,2087,..,1,1
2010,2,Eixample,8,l'Antiga Esquerra de l'Eixample,37,2087,..,1,3
2010,2,Eixample,8,l'Antiga Esquerra de l'Eixample,37,2087,9,1,4
2010,2,Eixample,8,l'Antiga Esquerra de l'Eixample,37,2087,9,1,5
2010,2,Eixample,8,l'Antiga Esquerra de l'Eixample,37,2087,5,1,6
2010,2,Eixample,8,l'Antiga Esquerra de l'Eixample,37,2087,..,1,7
2010,2,Eixample,8,l'Antiga Esquerra de l'Eixample,37,2087,..,1,8
2010,2,Eixample,8,l'Antiga Esquerra de l'Eixample,37,2087,..,1,9
2010,2,Eixample,8,l'Antiga Esquerra de l'Eixample,37,2087,..,1,10
2010,2,Eixample,8,l'Antiga Esquerra de l'Eixample,37,2087,..,1,11
2010,2,Eixample,8,l'Antiga Esquerra de l'Eixample,37,2087,..,1,13
2010,2,Eixample,8,l'Antiga Esquerra de l'Eixample,37,2087,..,1,14
2010,2,Eixample,8,l'Antiga Esquerra de l'Eixample,37,2087,..,2,1
2010,2,Eixample,8,l'Antiga Esquerra de l'Eixample,37,2087,6,2,4
2010,2,Eixample,8,l'Antiga Esquerra de l'Eixample,37,2087,8,2,5
2010,2,Eixample,8,l'Antiga Esquerra de l'Eixample,37,2087,7,2,6
2010,2,Eixample,8,l'Antiga Esquerra de l'Eixample,37,2087,5,2,7
2010,2,Eixample,8,l'Antiga Esquerra de l'Eixample,37,2087,..,2,8
2010,2,Eixample,8,l'Antiga Esquerra de l'Eixample,37,2087,..,2,9
2010,2,Eixample,8,l'Antiga Esquerra de l'Eixample,37,2087,..,2,10
2010,2,Eixample,8,l'Antiga Esquerra de l'Eixample,37,2087,..,2,11
2010,2,Eixample,8,l'Antiga Esquerra de l'Eixample,37,2087,..,2,12
2010,2,Eixample,8,l'Antiga Esquerra de l'Eixample,37,2087,..,2,13
2010,2,Eixample,8,l'Antiga Esquerra de l'Eixample,37,2087,..,2,16
2010,2,Eixample,8,l'Antiga Esquerra de l'Eixample,38,2088,..,1,0
2010,2,Eixample,8,l'Antiga Esquerra de l'Eixample,38,2088,..,1,1
2010,2,Eixample,8,l'Antiga Esquerra de l'Eixample,38,2088,..,1,3
2010,2,Eixample,8,l'Antiga Esquerra de l'Eixample,38,2088,9,1,4
2010,2,Eixample,8,l'Antiga Esquerra de l'Eixample,38,2088,22,1,5
2010,2,Eixample,8,l'Antiga Esquerra de l'Eixample,38,2088,14,1,6
2010,2,Eixample,8,l'Antiga Esquerra de l'Eixample,38,2088,..,1,7
2010,2,Eixample,8,l'Antiga Esquerra de l'Eixample,38,2088,..,1,8
2010,2,Eixample,8,l'Antiga Esquerra de l'Eixample,38,2088,6,1,9
2010,2,Eixample,8,l'Antiga Esquerra de l'Eixample,38,2088,..,1,10
2010,2,Eixample,8,l'Antiga Esquerra de l'Eixample,38,2088,..,1,11
2010,2,Eixample,8,l'Antiga Esquerra de l'Eixample,38,2088,..,1,12
2010,2,Eixample,8,l'Antiga Esquerra de l'Eixample,38,2088,..,1,13
2010,2,Eixample,8,l'Antiga Esquerra de l'Eixample,38,2088,..,1,15
2010,2,Eixample,8,l'Antiga Esquerra de l'Eixample,38,2088,..,1,17
2010,2,Eixample,8,l'Antiga Esquerra de l'Eixample,38,2088,..,2,0
2010,2,Eixample,8,l'Antiga Esquerra de l'Eixample,38,2088,..,2,1
2010,2,Eixample,8,l'Antiga Esquerra de l'Eixample,38,2088,..,2,2
2010,2,Eixample,8,l'Antiga Esquerra de l'Eixample,38,2088,..,2,3
2010,2,Eixample,8,l'Antiga Esquerra de l'Eixample,38,2088,5,2,4
2010,2,Eixample,8,l'Antiga Esquerra de l'Eixample,38,2088,10,2,5
2010,2,Eixample,8,l'Antiga Esquerra de l'Eixample,38,2088,13,2,6
2010,2,Eixample,8,l'Antiga Esquerra de l'Eixample,38,2088,12,2,7
2010,2,Eixample,8,l'Antiga Esquerra de l'Eixample,38,2088,9,2,8
2010,2,Eixample,8,l'Antiga Esquerra de l'Eixample,38,2088,..,2,9
2010,2,Eixample,8,l'Antiga Esquerra de l'Eixample,38,2088,..,2,10
2010,2,Eixample,8,l'Antiga Esquerra de l'Eixample,38,2088,..,2,11
2010,2,Eixample,8,l'Antiga Esquerra de l'Eixample,38,2088,..,2,13
2010,2,Eixample,8,l'Antiga Esquerra de l'Eixample,38,2088,..,2,15
2010,2,Eixample,8,l'Antiga Esquerra de l'Eixample,38,2089,..,1,0
2010,2,Eixample,8,l'Antiga Esquerra de l'Eixample,38,2089,..,1,1
2010,2,Eixample,8,l'Antiga Esquerra de l'Eixample,38,2089,..,1,2
2010,2,Eixample,8,l'Antiga Esquerra de l'Eixample,38,2089,..,1,3
2010,2,Eixample,8,l'Antiga Esquerra de l'Eixample,38,2089,5,1,4
2010,2,Eixample,8,l'Antiga Esquerra de l'Eixample,38,2089,22,1,5
2010,2,Eixample,8,l'Antiga Esquerra de l'Eixample,38,2089,9,1,6
2010,2,Eixample,8,l'Antiga Esquerra de l'Eixample,38,2089,7,1,7
2010,2,Eixample,8,l'Antiga Esquerra de l'Eixample,38,2089,..,1,8
2010,2,Eixample,8,l'Antiga Esquerra de l'Eixample,38,2089,..,1,9
2010,2,Eixample,8,l'Antiga Esquerra de l'Eixample,38,2089,..,1,10
2010,2,Eixample,8,l'Antiga Esquerra de l'Eixample,38,2089,..,1,11
2010,2,Eixample,8,l'Antiga Esquerra de l'Eixample,38,2089,..,1,13
2010,2,Eixample,8,l'Antiga Esquerra de l'Eixample,38,2089,..,1,14
2010,2,Eixample,8,l'Antiga Esquerra de l'Eixample,38,2089,..,1,15
2010,2,Eixample,8,l'Antiga Esquerra de l'Eixample,38,2089,..,2,0
2010,2,Eixample,8,l'Antiga Esquerra de l'Eixample,38,2089,..,2,1
2010,2,Eixample,8,l'Antiga Esquerra de l'Eixample,38,2089,..,2,2
2010,2,Eixample,8,l'Antiga Esquerra de l'Eixample,38,2089,7,2,4
2010,2,Eixample,8,l'Antiga Esquerra de l'Eixample,38,2089,33,2,5
2010,2,Eixample,8,l'Antiga Esquerra de l'Eixample,38,2089,10,2,6
2010,2,Eixample,8,l'Antiga Esquerra de l'Eixample,38,2089,7,2,7
2010,2,Eixample,8,l'Antiga Esquerra de l'Eixample,38,2089,..,2,8
2010,2,Eixample,8,l'Antiga Esquerra de l'Eixample,38,2089,..,2,9
2010,2,Eixample,8,l'Antiga Esquerra de l'Eixample,38,2089,..,2,10
2010,2,Eixample,8,l'Antiga Esquerra de l'Eixample,38,2089,..,2,11
2010,2,Eixample,8,l'Antiga Esquerra de l'Eixample,38,2089,..,2,14
2010,2,Eixample,8,l'Antiga Esquerra de l'Eixample,38,2089,..,2,16
2010,2,Eixample,8,l'Antiga Esquerra de l'Eixample,38,2090,..,1,0
2010,2,Eixample,8,l'Antiga Esquerra de l'Eixample,38,2090,5,1,1
2010,2,Eixample,8,l'Antiga Esquerra de l'Eixample,38,2090,..,1,2
2010,2,Eixample,8,l'Antiga Esquerra de l'Eixample,38,2090,..,1,3
2010,2,Eixample,8,l'Antiga Esquerra de l'Eixample,38,2090,10,1,4
2010,2,Eixample,8,l'Antiga Esquerra de l'Eixample,38,2090,16,1,5
2010,2,Eixample,8,l'Antiga Esquerra de l'Eixample,38,2090,12,1,6
2010,2,Eixample,8,l'Antiga Esquerra de l'Eixample,38,2090,9,1,7
2010,2,Eixample,8,l'Antiga Esquerra de l'Eixample,38,2090,..,1,8
2010,2,Eixample,8,l'Antiga Esquerra de l'Eixample,38,2090,..,1,9
2010,2,Eixample,8,l'Antiga Esquerra de l'Eixample,38,2090,..,1,10
2010,2,Eixample,8,l'Antiga Esquerra de l'Eixample,38,2090,..,1,12
2010,2,Eixample,8,l'Antiga Esquerra de l'Eixample,38,2090,..,1,13
2010,2,Eixample,8,l'Antiga Esquerra de l'Eixample,38,2090,..,1,15
2010,2,Eixample,8,l'Antiga Esquerra de l'Eixample,38,2090,..,2,0
2010,2,Eixample,8,l'Antiga Esquerra de l'Eixample,38,2090,..,2,1
2010,2,Eixample,8,l'Antiga Esquerra de l'Eixample,38,2090,..,2,2
2010,2,Eixample,8,l'Antiga Esquerra de l'Eixample,38,2090,..,2,3
2010,2,Eixample,8,l'Antiga Esquerra de l'Eixample,38,2090,5,2,4
2010,2,Eixample,8,l'Antiga Esquerra de l'Eixample,38,2090,14,2,5
2010,2,Eixample,8,l'Antiga Esquerra de l'Eixample,38,2090,8,2,6
2010,2,Eixample,8,l'Antiga Esquerra de l'Eixample,38,2090,7,2,7
2010,2,Eixample,8,l'Antiga Esquerra de l'Eixample,38,2090,5,2,8
2010,2,Eixample,8,l'Antiga Esquerra de l'Eixample,38,2090,..,2,9
2010,2,Eixample,8,l'Antiga Esquerra de l'Eixample,38,2090,..,2,10
2010,2,Eixample,8,l'Antiga Esquerra de l'Eixample,38,2090,..,2,11
2010,2,Eixample,8,l'Antiga Esquerra de l'Eixample,38,2090,..,2,12
2010,2,Eixample,8,l'Antiga Esquerra de l'Eixample,39,2091,5,1,0
2010,2,Eixample,8,l'Antiga Esquerra de l'Eixample,39,2091,..,1,3
2010,2,Eixample,8,l'Antiga Esquerra de l'Eixample,39,2091,12,1,4
2010,2,Eixample,8,l'Antiga Esquerra de l'Eixample,39,2091,33,1,5
2010,2,Eixample,8,l'Antiga Esquerra de l'Eixample,39,2091,6,1,6
2010,2,Eixample,8,l'Antiga Esquerra de l'Eixample,39,2091,9,1,7
2010,2,Eixample,8,l'Antiga Esquerra de l'Eixample,39,2091,..,1,8
2010,2,Eixample,8,l'Antiga Esquerra de l'Eixample,39,2091,..,1,9
2010,2,Eixample,8,l'Antiga Esquerra de l'Eixample,39,2091,..,1,10
2010,2,Eixample,8,l'Antiga Esquerra de l'Eixample,39,2091,..,1,11
2010,2,Eixample,8,l'Antiga Esquerra de l'Eixample,39,2091,..,1,12
2010,2,Eixample,8,l'Antiga Esquerra de l'Eixample,39,2091,..,1,13
2010,2,Eixample,8,l'Antiga Esquerra de l'Eixample,39,2091,..,1,15
2010,2,Eixample,8,l'Antiga Esquerra de l'Eixample,39,2091,7,2,0
2010,2,Eixample,8,l'Antiga Esquerra de l'Eixample,39,2091,..,2,1
2010,2,Eixample,8,l'Antiga Esquerra de l'Eixample,39,2091,..,2,2
2010,2,Eixample,8,l'Antiga Esquerra de l'Eixample,39,2091,6,2,4
2010,2,Eixample,8,l'Antiga Esquerra de l'Eixample,39,2091,16,2,5
2010,2,Eixample,8,l'Antiga Esquerra de l'Eixample,39,2091,20,2,6
2010,2,Eixample,8,l'Antiga Esquerra de l'Eixample,39,2091,7,2,7
2010,2,Eixample,8,l'Antiga Esquerra de l'Eixample,39,2091,..,2,8
2010,2,Eixample,8,l'Antiga Esquerra de l'Eixample,39,2091,..,2,9
2010,2,Eixample,8,l'Antiga Esquerra de l'Eixample,39,2091,6,2,10
2010,2,Eixample,8,l'Antiga Esquerra de l'Eixample,39,2091,..,2,11
2010,2,Eixample,8,l'Antiga Esquerra de l'Eixample,39,2091,..,2,12
2010,2,Eixample,8,l'Antiga Esquerra de l'Eixample,39,2091,..,2,13
2010,2,Eixample,8,l'Antiga Esquerra de l'Eixample,39,2091,..,2,14
2010,2,Eixample,8,l'Antiga Esquerra de l'Eixample,39,2092,..,1,2
2010,2,Eixample,8,l'Antiga Esquerra de l'Eixample,39,2092,..,1,3
2010,2,Eixample,8,l'Antiga Esquerra de l'Eixample,39,2092,11,1,4
2010,2,Eixample,8,l'Antiga Esquerra de l'Eixample,39,2092,24,1,5
2010,2,Eixample,8,l'Antiga Esquerra de l'Eixample,39,2092,6,1,6
2010,2,Eixample,8,l'Antiga Esquerra de l'Eixample,39,2092,..,1,7
2010,2,Eixample,8,l'Antiga Esquerra de l'Eixample,39,2092,..,1,8
2010,2,Eixample,8,l'Antiga Esquerra de l'Eixample,39,2092,..,1,9
2010,2,Eixample,8,l'Antiga Esquerra de l'Eixample,39,2092,..,1,11
2010,2,Eixample,8,l'Antiga Esquerra de l'Eixample,39,2092,..,1,13
2010,2,Eixample,8,l'Antiga Esquerra de l'Eixample,39,2092,..,1,17
2010,2,Eixample,8,l'Antiga Esquerra de l'Eixample,39,2092,..,2,0
2010,2,Eixample,8,l'Antiga Esquerra de l'Eixample,39,2092,..,2,1
2010,2,Eixample,8,l'Antiga Esquerra de l'Eixample,39,2092,..,2,3
2010,2,Eixample,8,l'Antiga Esquerra de l'Eixample,39,2092,9,2,4
2010,2,Eixample,8,l'Antiga Esquerra de l'Eixample,39,2092,25,2,5
2010,2,Eixample,8,l'Antiga Esquerra de l'Eixample,39,2092,14,2,6
2010,2,Eixample,8,l'Antiga Esquerra de l'Eixample,39,2092,5,2,7
2010,2,Eixample,8,l'Antiga Esquerra de l'Eixample,39,2092,6,2,8
2010,2,Eixample,8,l'Antiga Esquerra de l'Eixample,39,2092,..,2,9
2010,2,Eixample,8,l'Antiga Esquerra de l'Eixample,39,2092,..,2,10
2010,2,Eixample,8,l'Antiga Esquerra de l'Eixample,39,2092,..,2,11
2010,2,Eixample,8,l'Antiga Esquerra de l'Eixample,39,2092,..,2,12
2010,2,Eixample,8,l'Antiga Esquerra de l'Eixample,39,2092,..,2,14
2010,2,Eixample,8,l'Antiga Esquerra de l'Eixample,40,2093,..,1,0
2010,2,Eixample,8,l'Antiga Esquerra de l'Eixample,40,2093,..,1,3
2010,2,Eixample,8,l'Antiga Esquerra de l'Eixample,40,2093,12,1,4
2010,2,Eixample,8,l'Antiga Esquerra de l'Eixample,40,2093,11,1,5
2010,2,Eixample,8,l'Antiga Esquerra de l'Eixample,40,2093,5,1,6
2010,2,Eixample,8,l'Antiga Esquerra de l'Eixample,40,2093,..,1,7
2010,2,Eixample,8,l'Antiga Esquerra de l'Eixample,40,2093,..,1,8
2010,2,Eixample,8,l'Antiga Esquerra de l'Eixample,40,2093,..,1,9
2010,2,Eixample,8,l'Antiga Esquerra de l'Eixample,40,2093,..,1,11
2010,2,Eixample,8,l'Antiga Esquerra de l'Eixample,40,2093,..,1,12
2010,2,Eixample,8,l'Antiga Esquerra de l'Eixample,40,2093,..,1,13
2010,2,Eixample,8,l'Antiga Esquerra de l'Eixample,40,2093,..,1,17
2010,2,Eixample,8,l'Antiga Esquerra de l'Eixample,40,2093,..,2,0
2010,2,Eixample,8,l'Antiga Esquerra de l'Eixample,40,2093,..,2,3
2010,2,Eixample,8,l'Antiga Esquerra de l'Eixample,40,2093,6,2,4
2010,2,Eixample,8,l'Antiga Esquerra de l'Eixample,40,2093,13,2,5
2010,2,Eixample,8,l'Antiga Esquerra de l'Eixample,40,2093,8,2,6
2010,2,Eixample,8,l'Antiga Esquerra de l'Eixample,40,2093,..,2,7
2010,2,Eixample,8,l'Antiga Esquerra de l'Eixample,40,2093,7,2,8
2010,2,Eixample,8,l'Antiga Esquerra de l'Eixample,40,2093,..,2,9
2010,2,Eixample,8,l'Antiga Esquerra de l'Eixample,40,2093,..,2,11
2010,2,Eixample,8,l'Antiga Esquerra de l'Eixample,40,2094,..,1,0
2010,2,Eixample,8,l'Antiga Esquerra de l'Eixample,40,2094,..,1,2
2010,2,Eixample,8,l'Antiga Esquerra de l'Eixample,40,2094,..,1,3
2010,2,Eixample,8,l'Antiga Esquerra de l'Eixample,40,2094,12,1,4
2010,2,Eixample,8,l'Antiga Esquerra de l'Eixample,40,2094,14,1,5
2010,2,Eixample,8,l'Antiga Esquerra de l'Eixample,40,2094,5,1,6
2010,2,Eixample,8,l'Antiga Esquerra de l'Eixample,40,2094,6,1,7
2010,2,Eixample,8,l'Antiga Esquerra de l'Eixample,40,2094,..,1,8
2010,2,Eixample,8,l'Antiga Esquerra de l'Eixample,40,2094,..,1,9
2010,2,Eixample,8,l'Antiga Esquerra de l'Eixample,40,2094,..,1,10
2010,2,Eixample,8,l'Antiga Esquerra de l'Eixample,40,2094,..,1,13
2010,2,Eixample,8,l'Antiga Esquerra de l'Eixample,40,2094,..,1,15
2010,2,Eixample,8,l'Antiga Esquerra de l'Eixample,40,2094,..,1,16
2010,2,Eixample,8,l'Antiga Esquerra de l'Eixample,40,2094,..,1,19
2010,2,Eixample,8,l'Antiga Esquerra de l'Eixample,40,2094,..,2,0
2010,2,Eixample,8,l'Antiga Esquerra de l'Eixample,40,2094,..,2,2
2010,2,Eixample,8,l'Antiga Esquerra de l'Eixample,40,2094,..,2,3
2010,2,Eixample,8,l'Antiga Esquerra de l'Eixample,40,2094,..,2,4
2010,2,Eixample,8,l'Antiga Esquerra de l'Eixample,40,2094,14,2,5
2010,2,Eixample,8,l'Antiga Esquerra de l'Eixample,40,2094,6,2,6
2010,2,Eixample,8,l'Antiga Esquerra de l'Eixample,40,2094,..,2,7
2010,2,Eixample,8,l'Antiga Esquerra de l'Eixample,40,2094,..,2,8
2010,2,Eixample,8,l'Antiga Esquerra de l'Eixample,40,2094,..,2,9
2010,2,Eixample,8,l'Antiga Esquerra de l'Eixample,40,2094,..,2,10
2010,2,Eixample,8,l'Antiga Esquerra de l'Eixample,40,2094,..,2,11
2010,2,Eixample,8,l'Antiga Esquerra de l'Eixample,40,2094,..,2,13
2010,2,Eixample,8,l'Antiga Esquerra de l'Eixample,40,2094,..,2,16
2010,2,Eixample,8,l'Antiga Esquerra de l'Eixample,40,2095,..,1,2
2010,2,Eixample,8,l'Antiga Esquerra de l'Eixample,40,2095,..,1,3
2010,2,Eixample,8,l'Antiga Esquerra de l'Eixample,40,2095,7,1,4
2010,2,Eixample,8,l'Antiga Esquerra de l'Eixample,40,2095,21,1,5
2010,2,Eixample,8,l'Antiga Esquerra de l'Eixample,40,2095,8,1,6
2010,2,Eixample,8,l'Antiga Esquerra de l'Eixample,40,2095,9,1,7
2010,2,Eixample,8,l'Antiga Esquerra de l'Eixample,40,2095,..,1,8
2010,2,Eixample,8,l'Antiga Esquerra de l'Eixample,40,2095,..,1,9
2010,2,Eixample,8,l'Antiga Esquerra de l'Eixample,40,2095,..,1,10
2010,2,Eixample,8,l'Antiga Esquerra de l'Eixample,40,2095,..,1,12
2010,2,Eixample,8,l'Antiga Esquerra de l'Eixample,40,2095,..,1,16
2010,2,Eixample,8,l'Antiga Esquerra de l'Eixample,40,2095,..,2,0
2010,2,Eixample,8,l'Antiga Esquerra de l'Eixample,40,2095,..,2,1
2010,2,Eixample,8,l'Antiga Esquerra de l'Eixample,40,2095,..,2,3
2010,2,Eixample,8,l'Antiga Esquerra de l'Eixample,40,2095,..,2,4
2010,2,Eixample,8,l'Antiga Esquerra de l'Eixample,40,2095,22,2,5
2010,2,Eixample,8,l'Antiga Esquerra de l'Eixample,40,2095,13,2,6
2010,2,Eixample,8,l'Antiga Esquerra de l'Eixample,40,2095,..,2,7
2010,2,Eixample,8,l'Antiga Esquerra de l'Eixample,40,2095,..,2,8
2010,2,Eixample,8,l'Antiga Esquerra de l'Eixample,40,2095,..,2,9
2010,2,Eixample,8,l'Antiga Esquerra de l'Eixample,40,2095,..,2,10
2010,2,Eixample,8,l'Antiga Esquerra de l'Eixample,40,2095,..,2,11
2010,2,Eixample,8,l'Antiga Esquerra de l'Eixample,40,2095,..,2,12
2010,2,Eixample,8,l'Antiga Esquerra de l'Eixample,40,2095,..,2,13
2010,2,Eixample,8,l'Antiga Esquerra de l'Eixample,40,2096,..,1,1
2010,2,Eixample,8,l'Antiga Esquerra de l'Eixample,40,2096,..,1,3
2010,2,Eixample,8,l'Antiga Esquerra de l'Eixample,40,2096,6,1,4
2010,2,Eixample,8,l'Antiga Esquerra de l'Eixample,40,2096,13,1,5
2010,2,Eixample,8,l'Antiga Esquerra de l'Eixample,40,2096,8,1,6
2010,2,Eixample,8,l'Antiga Esquerra de l'Eixample,40,2096,..,1,7
2010,2,Eixample,8,l'Antiga Esquerra de l'Eixample,40,2096,..,1,8
2010,2,Eixample,8,l'Antiga Esquerra de l'Eixample,40,2096,..,1,9
2010,2,Eixample,8,l'Antiga Esquerra de l'Eixample,40,2096,..,1,10
2010,2,Eixample,8,l'Antiga Esquerra de l'Eixample,40,2096,..,1,11
2010,2,Eixample,8,l'Antiga Esquerra de l'Eixample,40,2096,..,1,16
2010,2,Eixample,8,l'Antiga Esquerra de l'Eixample,40,2096,..,2,1
2010,2,Eixample,8,l'Antiga Esquerra de l'Eixample,40,2096,..,2,2
2010,2,Eixample,8,l'Antiga Esquerra de l'Eixample,40,2096,5,2,4
2010,2,Eixample,8,l'Antiga Esquerra de l'Eixample,40,2096,8,2,5
2010,2,Eixample,8,l'Antiga Esquerra de l'Eixample,40,2096,10,2,6
2010,2,Eixample,8,l'Antiga Esquerra de l'Eixample,40,2096,6,2,7
2010,2,Eixample,8,l'Antiga Esquerra de l'Eixample,40,2096,..,2,9
2010,2,Eixample,8,l'Antiga Esquerra de l'Eixample,40,2096,..,2,10
2010,2,Eixample,8,l'Antiga Esquerra de l'Eixample,40,2096,..,2,12
2010,2,Eixample,8,l'Antiga Esquerra de l'Eixample,40,2096,..,2,14
2010,2,Eixample,8,l'Antiga Esquerra de l'Eixample,40,2097,..,1,1
2010,2,Eixample,8,l'Antiga Esquerra de l'Eixample,40,2097,..,1,2
2010,2,Eixample,8,l'Antiga Esquerra de l'Eixample,40,2097,..,1,3
2010,2,Eixample,8,l'Antiga Esquerra de l'Eixample,40,2097,6,1,4
2010,2,Eixample,8,l'Antiga Esquerra de l'Eixample,40,2097,7,1,5
2010,2,Eixample,8,l'Antiga Esquerra de l'Eixample,40,2097,..,1,6
2010,2,Eixample,8,l'Antiga Esquerra de l'Eixample,40,2097,..,1,7
2010,2,Eixample,8,l'Antiga Esquerra de l'Eixample,40,2097,..,1,9
2010,2,Eixample,8,l'Antiga Esquerra de l'Eixample,40,2097,..,1,10
2010,2,Eixample,8,l'Antiga Esquerra de l'Eixample,40,2097,..,1,12
2010,2,Eixample,8,l'Antiga Esquerra de l'Eixample,40,2097,..,2,1
2010,2,Eixample,8,l'Antiga Esquerra de l'Eixample,40,2097,..,2,2
2010,2,Eixample,8,l'Antiga Esquerra de l'Eixample,40,2097,5,2,4
2010,2,Eixample,8,l'Antiga Esquerra de l'Eixample,40,2097,12,2,5
2010,2,Eixample,8,l'Antiga Esquerra de l'Eixample,40,2097,..,2,6
2010,2,Eixample,8,l'Antiga Esquerra de l'Eixample,40,2097,..,2,7
2010,2,Eixample,8,l'Antiga Esquerra de l'Eixample,40,2097,..,2,8
2010,2,Eixample,8,l'Antiga Esquerra de l'Eixample,40,2097,..,2,9
2010,2,Eixample,8,l'Antiga Esquerra de l'Eixample,40,2097,..,2,11
2010,2,Eixample,8,l'Antiga Esquerra de l'Eixample,41,2098,..,1,0
2010,2,Eixample,8,l'Antiga Esquerra de l'Eixample,41,2098,..,1,1
2010,2,Eixample,8,l'Antiga Esquerra de l'Eixample,41,2098,..,1,2
2010,2,Eixample,8,l'Antiga Esquerra de l'Eixample,41,2098,..,1,3
2010,2,Eixample,8,l'Antiga Esquerra de l'Eixample,41,2098,15,1,4
2010,2,Eixample,8,l'Antiga Esquerra de l'Eixample,41,2098,19,1,5
2010,2,Eixample,8,l'Antiga Esquerra de l'Eixample,41,2098,6,1,6
2010,2,Eixample,8,l'Antiga Esquerra de l'Eixample,41,2098,14,1,7
2010,2,Eixample,8,l'Antiga Esquerra de l'Eixample,41,2098,..,1,8
2010,2,Eixample,8,l'Antiga Esquerra de l'Eixample,41,2098,..,1,10
2010,2,Eixample,8,l'Antiga Esquerra de l'Eixample,41,2098,..,1,17
2010,2,Eixample,8,l'Antiga Esquerra de l'Eixample,41,2098,5,2,0
2010,2,Eixample,8,l'Antiga Esquerra de l'Eixample,41,2098,..,2,1
2010,2,Eixample,8,l'Antiga Esquerra de l'Eixample,41,2098,10,2,4
2010,2,Eixample,8,l'Antiga Esquerra de l'Eixample,41,2098,19,2,5
2010,2,Eixample,8,l'Antiga Esquerra de l'Eixample,41,2098,10,2,6
2010,2,Eixample,8,l'Antiga Esquerra de l'Eixample,41,2098,6,2,7
2010,2,Eixample,8,l'Antiga Esquerra de l'Eixample,41,2098,..,2,8
2010,2,Eixample,8,l'Antiga Esquerra de l'Eixample,41,2098,..,2,9
2010,2,Eixample,8,l'Antiga Esquerra de l'Eixample,41,2098,..,2,10
2010,2,Eixample,8,l'Antiga Esquerra de l'Eixample,41,2098,..,2,16
2010,2,Eixample,8,l'Antiga Esquerra de l'Eixample,41,2099,..,1,0
2010,2,Eixample,8,l'Antiga Esquerra de l'Eixample,41,2099,..,1,1
2010,2,Eixample,8,l'Antiga Esquerra de l'Eixample,41,2099,5,1,4
2010,2,Eixample,8,l'Antiga Esquerra de l'Eixample,41,2099,17,1,5
2010,2,Eixample,8,l'Antiga Esquerra de l'Eixample,41,2099,..,1,6
2010,2,Eixample,8,l'Antiga Esquerra de l'Eixample,41,2099,..,1,7
2010,2,Eixample,8,l'Antiga Esquerra de l'Eixample,41,2099,..,1,8
2010,2,Eixample,8,l'Antiga Esquerra de l'Eixample,41,2099,..,1,9
2010,2,Eixample,8,l'Antiga Esquerra de l'Eixample,41,2099,..,1,10
2010,2,Eixample,8,l'Antiga Esquerra de l'Eixample,41,2099,..,1,12
2010,2,Eixample,8,l'Antiga Esquerra de l'Eixample,41,2099,..,1,16
2010,2,Eixample,8,l'Antiga Esquerra de l'Eixample,41,2099,..,1,17
2010,2,Eixample,8,l'Antiga Esquerra de l'Eixample,41,2099,..,2,0
2010,2,Eixample,8,l'Antiga Esquerra de l'Eixample,41,2099,..,2,4
2010,2,Eixample,8,l'Antiga Esquerra de l'Eixample,41,2099,6,2,5
2010,2,Eixample,8,l'Antiga Esquerra de l'Eixample,41,2099,9,2,6
2010,2,Eixample,8,l'Antiga Esquerra de l'Eixample,41,2099,5,2,7
2010,2,Eixample,8,l'Antiga Esquerra de l'Eixample,41,2099,..,2,8
2010,2,Eixample,8,l'Antiga Esquerra de l'Eixample,41,2099,..,2,9
2010,2,Eixample,8,l'Antiga Esquerra de l'Eixample,41,2099,..,2,10
2010,2,Eixample,8,l'Antiga Esquerra de l'Eixample,41,2099,..,2,11
2010,2,Eixample,8,l'Antiga Esquerra de l'Eixample,41,2099,..,2,12
2010,2,Eixample,8,l'Antiga Esquerra de l'Eixample,41,2099,..,2,15
2010,2,Eixample,8,l'Antiga Esquerra de l'Eixample,41,2099,..,2,17
2010,2,Eixample,8,l'Antiga Esquerra de l'Eixample,41,2100,..,1,0
2010,2,Eixample,8,l'Antiga Esquerra de l'Eixample,41,2100,..,1,1
2010,2,Eixample,8,l'Antiga Esquerra de l'Eixample,41,2100,..,1,2
2010,2,Eixample,8,l'Antiga Esquerra de l'Eixample,41,2100,..,1,3
2010,2,Eixample,8,l'Antiga Esquerra de l'Eixample,41,2100,6,1,4
2010,2,Eixample,8,l'Antiga Esquerra de l'Eixample,41,2100,13,1,5
2010,2,Eixample,8,l'Antiga Esquerra de l'Eixample,41,2100,7,1,6
2010,2,Eixample,8,l'Antiga Esquerra de l'Eixample,41,2100,..,1,7
2010,2,Eixample,8,l'Antiga Esquerra de l'Eixample,41,2100,..,1,9
2010,2,Eixample,8,l'Antiga Esquerra de l'Eixample,41,2100,..,1,13
2010,2,Eixample,8,l'Antiga Esquerra de l'Eixample,41,2100,..,1,14
2010,2,Eixample,8,l'Antiga Esquerra de l'Eixample,41,2100,..,1,17
2010,2,Eixample,8,l'Antiga Esquerra de l'Eixample,41,2100,..,2,3
2010,2,Eixample,8,l'Antiga Esquerra de l'Eixample,41,2100,6,2,4
2010,2,Eixample,8,l'Antiga Esquerra de l'Eixample,41,2100,13,2,5
2010,2,Eixample,8,l'Antiga Esquerra de l'Eixample,41,2100,8,2,6
2010,2,Eixample,8,l'Antiga Esquerra de l'Eixample,41,2100,..,2,7
2010,2,Eixample,8,l'Antiga Esquerra de l'Eixample,41,2100,..,2,8
2010,2,Eixample,8,l'Antiga Esquerra de l'Eixample,41,2100,..,2,9
2010,2,Eixample,8,l'Antiga Esquerra de l'Eixample,41,2100,..,2,11
2010,2,Eixample,8,l'Antiga Esquerra de l'Eixample,41,2100,..,2,12
2010,2,Eixample,8,l'Antiga Esquerra de l'Eixample,41,2100,..,2,14
2010,2,Eixample,8,l'Antiga Esquerra de l'Eixample,41,2101,..,1,0
2010,2,Eixample,8,l'Antiga Esquerra de l'Eixample,41,2101,..,1,1
2010,2,Eixample,8,l'Antiga Esquerra de l'Eixample,41,2101,5,1,3
2010,2,Eixample,8,l'Antiga Esquerra de l'Eixample,41,2101,17,1,4
2010,2,Eixample,8,l'Antiga Esquerra de l'Eixample,41,2101,17,1,5
2010,2,Eixample,8,l'Antiga Esquerra de l'Eixample,41,2101,14,1,6
2010,2,Eixample,8,l'Antiga Esquerra de l'Eixample,41,2101,7,1,7
2010,2,Eixample,8,l'Antiga Esquerra de l'Eixample,41,2101,..,1,8
2010,2,Eixample,8,l'Antiga Esquerra de l'Eixample,41,2101,7,1,9
2010,2,Eixample,8,l'Antiga Esquerra de l'Eixample,41,2101,..,1,10
2010,2,Eixample,8,l'Antiga Esquerra de l'Eixample,41,2101,5,1,11
2010,2,Eixample,8,l'Antiga Esquerra de l'Eixample,41,2101,..,1,12
2010,2,Eixample,8,l'Antiga Esquerra de l'Eixample,41,2101,..,1,15
2010,2,Eixample,8,l'Antiga Esquerra de l'Eixample,41,2101,..,1,18
2010,2,Eixample,8,l'Antiga Esquerra de l'Eixample,41,2101,..,2,0
2010,2,Eixample,8,l'Antiga Esquerra de l'Eixample,41,2101,..,2,2
2010,2,Eixample,8,l'Antiga Esquerra de l'Eixample,41,2101,..,2,3
2010,2,Eixample,8,l'Antiga Esquerra de l'Eixample,41,2101,10,2,4
2010,2,Eixample,8,l'Antiga Esquerra de l'Eixample,41,2101,16,2,5
2010,2,Eixample,8,l'Antiga Esquerra de l'Eixample,41,2101,16,2,6
2010,2,Eixample,8,l'Antiga Esquerra de l'Eixample,41,2101,9,2,7
2010,2,Eixample,8,l'Antiga Esquerra de l'Eixample,41,2101,..,2,8
2010,2,Eixample,8,l'Antiga Esquerra de l'Eixample,41,2101,..,2,9
2010,2,Eixample,8,l'Antiga Esquerra de l'Eixample,41,2101,5,2,10
2010,2,Eixample,8,l'Antiga Esquerra de l'Eixample,41,2101,..,2,11
2010,2,Eixample,8,l'Antiga Esquerra de l'Eixample,41,2101,..,2,16
2010,2,Eixample,8,l'Antiga Esquerra de l'Eixample,42,2102,..,1,0
2010,2,Eixample,8,l'Antiga Esquerra de l'Eixample,42,2102,..,1,2
2010,2,Eixample,8,l'Antiga Esquerra de l'Eixample,42,2102,..,1,3
2010,2,Eixample,8,l'Antiga Esquerra de l'Eixample,42,2102,..,1,4
2010,2,Eixample,8,l'Antiga Esquerra de l'Eixample,42,2102,..,1,5
2010,2,Eixample,8,l'Antiga Esquerra de l'Eixample,42,2102,7,1,6
2010,2,Eixample,8,l'Antiga Esquerra de l'Eixample,42,2102,..,1,7
2010,2,Eixample,8,l'Antiga Esquerra de l'Eixample,42,2102,..,1,8
2010,2,Eixample,8,l'Antiga Esquerra de l'Eixample,42,2102,..,1,9
2010,2,Eixample,8,l'Antiga Esquerra de l'Eixample,42,2102,..,1,10
2010,2,Eixample,8,l'Antiga Esquerra de l'Eixample,42,2102,..,1,11
2010,2,Eixample,8,l'Antiga Esquerra de l'Eixample,42,2102,..,1,13
2010,2,Eixample,8,l'Antiga Esquerra de l'Eixample,42,2102,..,2,0
2010,2,Eixample,8,l'Antiga Esquerra de l'Eixample,42,2102,..,2,3
2010,2,Eixample,8,l'Antiga Esquerra de l'Eixample,42,2102,..,2,4
2010,2,Eixample,8,l'Antiga Esquerra de l'Eixample,42,2102,..,2,5
2010,2,Eixample,8,l'Antiga Esquerra de l'Eixample,42,2102,..,2,6
2010,2,Eixample,8,l'Antiga Esquerra de l'Eixample,42,2102,5,2,7
2010,2,Eixample,8,l'Antiga Esquerra de l'Eixample,42,2102,..,2,8
2010,2,Eixample,8,l'Antiga Esquerra de l'Eixample,42,2102,..,2,9
2010,2,Eixample,8,l'Antiga Esquerra de l'Eixample,42,2102,..,2,11
2010,2,Eixample,8,l'Antiga Esquerra de l'Eixample,42,2102,..,2,13
2010,2,Eixample,8,l'Antiga Esquerra de l'Eixample,42,2102,..,2,14
2010,2,Eixample,8,l'Antiga Esquerra de l'Eixample,42,2102,..,2,15
2010,2,Eixample,8,l'Antiga Esquerra de l'Eixample,42,2103,..,1,0
2010,2,Eixample,8,l'Antiga Esquerra de l'Eixample,42,2103,..,1,1
2010,2,Eixample,8,l'Antiga Esquerra de l'Eixample,42,2103,..,1,2
2010,2,Eixample,8,l'Antiga Esquerra de l'Eixample,42,2103,8,1,3
2010,2,Eixample,8,l'Antiga Esquerra de l'Eixample,42,2103,12,1,4
2010,2,Eixample,8,l'Antiga Esquerra de l'Eixample,42,2103,24,1,5
2010,2,Eixample,8,l'Antiga Esquerra de l'Eixample,42,2103,12,1,6
2010,2,Eixample,8,l'Antiga Esquerra de l'Eixample,42,2103,11,1,7
2010,2,Eixample,8,l'Antiga Esquerra de l'Eixample,42,2103,5,1,8
2010,2,Eixample,8,l'Antiga Esquerra de l'Eixample,42,2103,..,1,10
2010,2,Eixample,8,l'Antiga Esquerra de l'Eixample,42,2103,..,1,11
2010,2,Eixample,8,l'Antiga Esquerra de l'Eixample,42,2103,..,1,13
2010,2,Eixample,8,l'Antiga Esquerra de l'Eixample,42,2103,..,2,0
2010,2,Eixample,8,l'Antiga Esquerra de l'Eixample,42,2103,..,2,1
2010,2,Eixample,8,l'Antiga Esquerra de l'Eixample,42,2103,..,2,2
2010,2,Eixample,8,l'Antiga Esquerra de l'Eixample,42,2103,5,2,3
2010,2,Eixample,8,l'Antiga Esquerra de l'Eixample,42,2103,5,2,4
2010,2,Eixample,8,l'Antiga Esquerra de l'Eixample,42,2103,12,2,5
2010,2,Eixample,8,l'Antiga Esquerra de l'Eixample,42,2103,13,2,6
2010,2,Eixample,8,l'Antiga Esquerra de l'Eixample,42,2103,..,2,7
2010,2,Eixample,8,l'Antiga Esquerra de l'Eixample,42,2103,6,2,8
2010,2,Eixample,8,l'Antiga Esquerra de l'Eixample,42,2103,5,2,9
2010,2,Eixample,8,l'Antiga Esquerra de l'Eixample,42,2103,..,2,10
2010,2,Eixample,8,l'Antiga Esquerra de l'Eixample,42,2103,..,2,11
2010,2,Eixample,8,l'Antiga Esquerra de l'Eixample,42,2103,..,2,12
2010,2,Eixample,8,l'Antiga Esquerra de l'Eixample,42,2103,..,2,14
2010,2,Eixample,8,l'Antiga Esquerra de l'Eixample,42,2103,..,2,15
2010,2,Eixample,8,l'Antiga Esquerra de l'Eixample,42,2104,6,1,4
2010,2,Eixample,8,l'Antiga Esquerra de l'Eixample,42,2104,5,1,5
2010,2,Eixample,8,l'Antiga Esquerra de l'Eixample,42,2104,..,1,6
2010,2,Eixample,8,l'Antiga Esquerra de l'Eixample,42,2104,..,1,7
2010,2,Eixample,8,l'Antiga Esquerra de l'Eixample,42,2104,..,1,8
2010,2,Eixample,8,l'Antiga Esquerra de l'Eixample,42,2104,..,1,10
2010,2,Eixample,8,l'Antiga Esquerra de l'Eixample,42,2104,..,1,11
2010,2,Eixample,8,l'Antiga Esquerra de l'Eixample,42,2104,..,1,13
2010,2,Eixample,8,l'Antiga Esquerra de l'Eixample,42,2104,..,2,2
2010,2,Eixample,8,l'Antiga Esquerra de l'Eixample,42,2104,..,2,3
2010,2,Eixample,8,l'Antiga Esquerra de l'Eixample,42,2104,..,2,4
2010,2,Eixample,8,l'Antiga Esquerra de l'Eixample,42,2104,..,2,5
2010,2,Eixample,8,l'Antiga Esquerra de l'Eixample,42,2104,..,2,6
2010,2,Eixample,8,l'Antiga Esquerra de l'Eixample,42,2104,6,2,7
2010,2,Eixample,8,l'Antiga Esquerra de l'Eixample,42,2104,..,2,8
2010,2,Eixample,8,l'Antiga Esquerra de l'Eixample,42,2104,..,2,9
2010,2,Eixample,8,l'Antiga Esquerra de l'Eixample,42,2104,..,2,11
2010,2,Eixample,8,l'Antiga Esquerra de l'Eixample,42,2104,..,2,13
2010,2,Eixample,8,l'Antiga Esquerra de l'Eixample,42,2105,..,1,0
2010,2,Eixample,8,l'Antiga Esquerra de l'Eixample,42,2105,..,1,1
2010,2,Eixample,8,l'Antiga Esquerra de l'Eixample,42,2105,..,1,2
2010,2,Eixample,8,l'Antiga Esquerra de l'Eixample,42,2105,17,1,4
2010,2,Eixample,8,l'Antiga Esquerra de l'Eixample,42,2105,24,1,5
2010,2,Eixample,8,l'Antiga Esquerra de l'Eixample,42,2105,20,1,6
2010,2,Eixample,8,l'Antiga Esquerra de l'Eixample,42,2105,5,1,7
2010,2,Eixample,8,l'Antiga Esquerra de l'Eixample,42,2105,5,1,8
2010,2,Eixample,8,l'Antiga Esquerra de l'Eixample,42,2105,..,1,9
2010,2,Eixample,8,l'Antiga Esquerra de l'Eixample,42,2105,..,1,10
2010,2,Eixample,8,l'Antiga Esquerra de l'Eixample,42,2105,..,1,11
2010,2,Eixample,8,l'Antiga Esquerra de l'Eixample,42,2105,..,1,13
2010,2,Eixample,8,l'Antiga Esquerra de l'Eixample,42,2105,..,2,0
2010,2,Eixample,8,l'Antiga Esquerra de l'Eixample,42,2105,..,2,1
2010,2,Eixample,8,l'Antiga Esquerra de l'Eixample,42,2105,..,2,3
2010,2,Eixample,8,l'Antiga Esquerra de l'Eixample,42,2105,6,2,4
2010,2,Eixample,8,l'Antiga Esquerra de l'Eixample,42,2105,14,2,5
2010,2,Eixample,8,l'Antiga Esquerra de l'Eixample,42,2105,17,2,6
2010,2,Eixample,8,l'Antiga Esquerra de l'Eixample,42,2105,8,2,7
2010,2,Eixample,8,l'Antiga Esquerra de l'Eixample,42,2105,..,2,8
2010,2,Eixample,8,l'Antiga Esquerra de l'Eixample,42,2105,..,2,9
2010,2,Eixample,8,l'Antiga Esquerra de l'Eixample,42,2105,..,2,10
2010,2,Eixample,8,l'Antiga Esquerra de l'Eixample,42,2105,..,2,11
2010,2,Eixample,8,l'Antiga Esquerra de l'Eixample,42,2105,..,2,12
2010,2,Eixample,8,l'Antiga Esquerra de l'Eixample,42,2105,..,2,13
2010,2,Eixample,8,l'Antiga Esquerra de l'Eixample,42,2105,..,2,17
2010,2,Eixample,8,l'Antiga Esquerra de l'Eixample,43,2106,..,1,1
2010,2,Eixample,8,l'Antiga Esquerra de l'Eixample,43,2106,..,1,2
2010,2,Eixample,8,l'Antiga Esquerra de l'Eixample,43,2106,..,1,3
2010,2,Eixample,8,l'Antiga Esquerra de l'Eixample,43,2106,..,1,4
2010,2,Eixample,8,l'Antiga Esquerra de l'Eixample,43,2106,12,1,5
2010,2,Eixample,8,l'Antiga Esquerra de l'Eixample,43,2106,7,1,6
2010,2,Eixample,8,l'Antiga Esquerra de l'Eixample,43,2106,..,1,7
2010,2,Eixample,8,l'Antiga Esquerra de l'Eixample,43,2106,5,1,8
2010,2,Eixample,8,l'Antiga Esquerra de l'Eixample,43,2106,..,1,10
2010,2,Eixample,8,l'Antiga Esquerra de l'Eixample,43,2106,..,2,0
2010,2,Eixample,8,l'Antiga Esquerra de l'Eixample,43,2106,..,2,2
2010,2,Eixample,8,l'Antiga Esquerra de l'Eixample,43,2106,..,2,3
2010,2,Eixample,8,l'Antiga Esquerra de l'Eixample,43,2106,..,2,4
2010,2,Eixample,8,l'Antiga Esquerra de l'Eixample,43,2106,9,2,5
2010,2,Eixample,8,l'Antiga Esquerra de l'Eixample,43,2106,5,2,6
2010,2,Eixample,8,l'Antiga Esquerra de l'Eixample,43,2106,..,2,7
2010,2,Eixample,8,l'Antiga Esquerra de l'Eixample,43,2106,5,2,8
2010,2,Eixample,8,l'Antiga Esquerra de l'Eixample,43,2106,..,2,9
2010,2,Eixample,8,l'Antiga Esquerra de l'Eixample,43,2106,..,2,10
2010,2,Eixample,8,l'Antiga Esquerra de l'Eixample,43,2106,..,2,11
2010,2,Eixample,8,l'Antiga Esquerra de l'Eixample,43,2106,..,2,12
2010,2,Eixample,8,l'Antiga Esquerra de l'Eixample,43,2106,..,2,14
2010,2,Eixample,8,l'Antiga Esquerra de l'Eixample,43,2107,..,1,1
2010,2,Eixample,8,l'Antiga Esquerra de l'Eixample,43,2107,..,1,2
2010,2,Eixample,8,l'Antiga Esquerra de l'Eixample,43,2107,..,1,3
2010,2,Eixample,8,l'Antiga Esquerra de l'Eixample,43,2107,..,1,4
2010,2,Eixample,8,l'Antiga Esquerra de l'Eixample,43,2107,..,1,5
2010,2,Eixample,8,l'Antiga Esquerra de l'Eixample,43,2107,..,1,6
2010,2,Eixample,8,l'Antiga Esquerra de l'Eixample,43,2107,..,1,7
2010,2,Eixample,8,l'Antiga Esquerra de l'Eixample,43,2107,..,1,9
2010,2,Eixample,8,l'Antiga Esquerra de l'Eixample,43,2107,..,1,10
2010,2,Eixample,8,l'Antiga Esquerra de l'Eixample,43,2107,..,1,12
2010,2,Eixample,8,l'Antiga Esquerra de l'Eixample,43,2107,..,1,13
2010,2,Eixample,8,l'Antiga Esquerra de l'Eixample,43,2107,..,1,14
2010,2,Eixample,8,l'Antiga Esquerra de l'Eixample,43,2107,..,1,17
2010,2,Eixample,8,l'Antiga Esquerra de l'Eixample,43,2107,..,2,0
2010,2,Eixample,8,l'Antiga Esquerra de l'Eixample,43,2107,..,2,1
2010,2,Eixample,8,l'Antiga Esquerra de l'Eixample,43,2107,..,2,3
2010,2,Eixample,8,l'Antiga Esquerra de l'Eixample,43,2107,..,2,4
2010,2,Eixample,8,l'Antiga Esquerra de l'Eixample,43,2107,..,2,5
2010,2,Eixample,8,l'Antiga Esquerra de l'Eixample,43,2107,..,2,6
2010,2,Eixample,8,l'Antiga Esquerra de l'Eixample,43,2107,..,2,7
2010,2,Eixample,8,l'Antiga Esquerra de l'Eixample,43,2107,..,2,8
2010,2,Eixample,8,l'Antiga Esquerra de l'Eixample,43,2107,..,2,11
2010,2,Eixample,8,l'Antiga Esquerra de l'Eixample,43,2107,..,2,12
2010,2,Eixample,8,l'Antiga Esquerra de l'Eixample,43,2107,..,2,14
2010,2,Eixample,8,l'Antiga Esquerra de l'Eixample,43,2108,..,1,0
2010,2,Eixample,8,l'Antiga Esquerra de l'Eixample,43,2108,..,1,1
2010,2,Eixample,8,l'Antiga Esquerra de l'Eixample,43,2108,..,1,3
2010,2,Eixample,8,l'Antiga Esquerra de l'Eixample,43,2108,..,1,4
2010,2,Eixample,8,l'Antiga Esquerra de l'Eixample,43,2108,9,1,5
2010,2,Eixample,8,l'Antiga Esquerra de l'Eixample,43,2108,5,1,6
2010,2,Eixample,8,l'Antiga Esquerra de l'Eixample,43,2108,..,1,7
2010,2,Eixample,8,l'Antiga Esquerra de l'Eixample,43,2108,..,1,8
2010,2,Eixample,8,l'Antiga Esquerra de l'Eixample,43,2108,..,1,9
2010,2,Eixample,8,l'Antiga Esquerra de l'Eixample,43,2108,..,1,11
2010,2,Eixample,8,l'Antiga Esquerra de l'Eixample,43,2108,..,1,13
2010,2,Eixample,8,l'Antiga Esquerra de l'Eixample,43,2108,..,1,14
2010,2,Eixample,8,l'Antiga Esquerra de l'Eixample,43,2108,..,1,15
2010,2,Eixample,8,l'Antiga Esquerra de l'Eixample,43,2108,..,2,0
2010,2,Eixample,8,l'Antiga Esquerra de l'Eixample,43,2108,..,2,2
2010,2,Eixample,8,l'Antiga Esquerra de l'Eixample,43,2108,..,2,3
2010,2,Eixample,8,l'Antiga Esquerra de l'Eixample,43,2108,..,2,4
2010,2,Eixample,8,l'Antiga Esquerra de l'Eixample,43,2108,..,2,5
2010,2,Eixample,8,l'Antiga Esquerra de l'Eixample,43,2108,..,2,6
2010,2,Eixample,8,l'Antiga Esquerra de l'Eixample,43,2108,..,2,7
2010,2,Eixample,8,l'Antiga Esquerra de l'Eixample,43,2108,..,2,9
2010,2,Eixample,8,l'Antiga Esquerra de l'Eixample,43,2108,..,2,10
2010,2,Eixample,8,l'Antiga Esquerra de l'Eixample,43,2108,..,2,11
2010,2,Eixample,8,l'Antiga Esquerra de l'Eixample,43,2108,..,2,12
2010,2,Eixample,8,l'Antiga Esquerra de l'Eixample,43,2108,..,2,14
2010,2,Eixample,8,l'Antiga Esquerra de l'Eixample,43,2108,..,2,15
2010,2,Eixample,8,l'Antiga Esquerra de l'Eixample,43,2108,..,2,16
2010,2,Eixample,8,l'Antiga Esquerra de l'Eixample,43,2108,..,2,17
2010,2,Eixample,8,l'Antiga Esquerra de l'Eixample,43,2109,..,1,0
2010,2,Eixample,8,l'Antiga Esquerra de l'Eixample,43,2109,..,1,1
2010,2,Eixample,8,l'Antiga Esquerra de l'Eixample,43,2109,..,1,3
2010,2,Eixample,8,l'Antiga Esquerra de l'Eixample,43,2109,11,1,4
2010,2,Eixample,8,l'Antiga Esquerra de l'Eixample,43,2109,10,1,5
2010,2,Eixample,8,l'Antiga Esquerra de l'Eixample,43,2109,..,1,6
2010,2,Eixample,8,l'Antiga Esquerra de l'Eixample,43,2109,5,1,7
2010,2,Eixample,8,l'Antiga Esquerra de l'Eixample,43,2109,..,1,8
2010,2,Eixample,8,l'Antiga Esquerra de l'Eixample,43,2109,..,1,9
2010,2,Eixample,8,l'Antiga Esquerra de l'Eixample,43,2109,..,1,10
2010,2,Eixample,8,l'Antiga Esquerra de l'Eixample,43,2109,..,1,11
2010,2,Eixample,8,l'Antiga Esquerra de l'Eixample,43,2109,..,1,13
2010,2,Eixample,8,l'Antiga Esquerra de l'Eixample,43,2109,..,1,14
2010,2,Eixample,8,l'Antiga Esquerra de l'Eixample,43,2109,..,1,15
2010,2,Eixample,8,l'Antiga Esquerra de l'Eixample,43,2109,..,2,0
2010,2,Eixample,8,l'Antiga Esquerra de l'Eixample,43,2109,..,2,1
2010,2,Eixample,8,l'Antiga Esquerra de l'Eixample,43,2109,..,2,3
2010,2,Eixample,8,l'Antiga Esquerra de l'Eixample,43,2109,5,2,4
2010,2,Eixample,8,l'Antiga Esquerra de l'Eixample,43,2109,12,2,5
2010,2,Eixample,8,l'Antiga Esquerra de l'Eixample,43,2109,8,2,6
2010,2,Eixample,8,l'Antiga Esquerra de l'Eixample,43,2109,..,2,7
2010,2,Eixample,8,l'Antiga Esquerra de l'Eixample,43,2109,5,2,8
2010,2,Eixample,8,l'Antiga Esquerra de l'Eixample,43,2109,..,2,9
2010,2,Eixample,8,l'Antiga Esquerra de l'Eixample,43,2109,..,2,10
2010,2,Eixample,8,l'Antiga Esquerra de l'Eixample,43,2109,..,2,11
2010,2,Eixample,8,l'Antiga Esquerra de l'Eixample,43,2109,..,2,13
2010,2,Eixample,8,l'Antiga Esquerra de l'Eixample,43,2109,..,2,14
2010,2,Eixample,9,la Nova Esquerra de l'Eixample,44,2110,..,1,0
2010,2,Eixample,9,la Nova Esquerra de l'Eixample,44,2110,..,1,2
2010,2,Eixample,9,la Nova Esquerra de l'Eixample,44,2110,..,1,3
2010,2,Eixample,9,la Nova Esquerra de l'Eixample,44,2110,18,1,4
2010,2,Eixample,9,la Nova Esquerra de l'Eixample,44,2110,21,1,5
2010,2,Eixample,9,la Nova Esquerra de l'Eixample,44,2110,7,1,6
2010,2,Eixample,9,la Nova Esquerra de l'Eixample,44,2110,9,1,7
2010,2,Eixample,9,la Nova Esquerra de l'Eixample,44,2110,6,1,8
2010,2,Eixample,9,la Nova Esquerra de l'Eixample,44,2110,..,1,9
2010,2,Eixample,9,la Nova Esquerra de l'Eixample,44,2110,..,1,10
2010,2,Eixample,9,la Nova Esquerra de l'Eixample,44,2110,..,1,12
2010,2,Eixample,9,la Nova Esquerra de l'Eixample,44,2110,..,1,13
2010,2,Eixample,9,la Nova Esquerra de l'Eixample,44,2110,..,1,15
2010,2,Eixample,9,la Nova Esquerra de l'Eixample,44,2110,..,1,19
2010,2,Eixample,9,la Nova Esquerra de l'Eixample,44,2110,..,2,0
2010,2,Eixample,9,la Nova Esquerra de l'Eixample,44,2110,..,2,1
2010,2,Eixample,9,la Nova Esquerra de l'Eixample,44,2110,..,2,2
2010,2,Eixample,9,la Nova Esquerra de l'Eixample,44,2110,..,2,3
2010,2,Eixample,9,la Nova Esquerra de l'Eixample,44,2110,..,2,4
2010,2,Eixample,9,la Nova Esquerra de l'Eixample,44,2110,16,2,5
2010,2,Eixample,9,la Nova Esquerra de l'Eixample,44,2110,8,2,6
2010,2,Eixample,9,la Nova Esquerra de l'Eixample,44,2110,6,2,7
2010,2,Eixample,9,la Nova Esquerra de l'Eixample,44,2110,5,2,8
2010,2,Eixample,9,la Nova Esquerra de l'Eixample,44,2110,..,2,9
2010,2,Eixample,9,la Nova Esquerra de l'Eixample,44,2110,..,2,10
2010,2,Eixample,9,la Nova Esquerra de l'Eixample,44,2110,..,2,11
2010,2,Eixample,9,la Nova Esquerra de l'Eixample,44,2110,..,2,12
2010,2,Eixample,9,la Nova Esquerra de l'Eixample,44,2110,..,2,13
2010,2,Eixample,9,la Nova Esquerra de l'Eixample,44,2110,..,2,14
2010,2,Eixample,9,la Nova Esquerra de l'Eixample,44,2111,..,1,2
2010,2,Eixample,9,la Nova Esquerra de l'Eixample,44,2111,..,1,3
2010,2,Eixample,9,la Nova Esquerra de l'Eixample,44,2111,..,1,4
2010,2,Eixample,9,la Nova Esquerra de l'Eixample,44,2111,19,1,5
2010,2,Eixample,9,la Nova Esquerra de l'Eixample,44,2111,11,1,6
2010,2,Eixample,9,la Nova Esquerra de l'Eixample,44,2111,..,1,7
2010,2,Eixample,9,la Nova Esquerra de l'Eixample,44,2111,..,1,8
2010,2,Eixample,9,la Nova Esquerra de l'Eixample,44,2111,..,1,9
2010,2,Eixample,9,la Nova Esquerra de l'Eixample,44,2111,..,1,10
2010,2,Eixample,9,la Nova Esquerra de l'Eixample,44,2111,..,1,11
2010,2,Eixample,9,la Nova Esquerra de l'Eixample,44,2111,..,1,14
2010,2,Eixample,9,la Nova Esquerra de l'Eixample,44,2111,..,2,0
2010,2,Eixample,9,la Nova Esquerra de l'Eixample,44,2111,..,2,1
2010,2,Eixample,9,la Nova Esquerra de l'Eixample,44,2111,..,2,2
2010,2,Eixample,9,la Nova Esquerra de l'Eixample,44,2111,..,2,3
2010,2,Eixample,9,la Nova Esquerra de l'Eixample,44,2111,..,2,4
2010,2,Eixample,9,la Nova Esquerra de l'Eixample,44,2111,12,2,5
2010,2,Eixample,9,la Nova Esquerra de l'Eixample,44,2111,12,2,6
2010,2,Eixample,9,la Nova Esquerra de l'Eixample,44,2111,..,2,8
2010,2,Eixample,9,la Nova Esquerra de l'Eixample,44,2111,..,2,9
2010,2,Eixample,9,la Nova Esquerra de l'Eixample,44,2111,..,2,10
2010,2,Eixample,9,la Nova Esquerra de l'Eixample,44,2111,..,2,11
2010,2,Eixample,9,la Nova Esquerra de l'Eixample,44,2111,..,2,13
2010,2,Eixample,9,la Nova Esquerra de l'Eixample,44,2111,..,2,14
2010,2,Eixample,9,la Nova Esquerra de l'Eixample,44,2111,..,2,17
2010,2,Eixample,9,la Nova Esquerra de l'Eixample,44,2112,..,1,3
2010,2,Eixample,9,la Nova Esquerra de l'Eixample,44,2112,..,1,4
2010,2,Eixample,9,la Nova Esquerra de l'Eixample,44,2112,9,1,5
2010,2,Eixample,9,la Nova Esquerra de l'Eixample,44,2112,5,1,6
2010,2,Eixample,9,la Nova Esquerra de l'Eixample,44,2112,..,1,7
2010,2,Eixample,9,la Nova Esquerra de l'Eixample,44,2112,..,1,8
2010,2,Eixample,9,la Nova Esquerra de l'Eixample,44,2112,..,1,9
2010,2,Eixample,9,la Nova Esquerra de l'Eixample,44,2112,..,1,10
2010,2,Eixample,9,la Nova Esquerra de l'Eixample,44,2112,..,1,11
2010,2,Eixample,9,la Nova Esquerra de l'Eixample,44,2112,..,1,12
2010,2,Eixample,9,la Nova Esquerra de l'Eixample,44,2112,..,1,13
2010,2,Eixample,9,la Nova Esquerra de l'Eixample,44,2112,..,1,17
2010,2,Eixample,9,la Nova Esquerra de l'Eixample,44,2112,..,2,0
2010,2,Eixample,9,la Nova Esquerra de l'Eixample,44,2112,..,2,3
2010,2,Eixample,9,la Nova Esquerra de l'Eixample,44,2112,..,2,4
2010,2,Eixample,9,la Nova Esquerra de l'Eixample,44,2112,..,2,5
2010,2,Eixample,9,la Nova Esquerra de l'Eixample,44,2112,7,2,6
2010,2,Eixample,9,la Nova Esquerra de l'Eixample,44,2112,5,2,7
2010,2,Eixample,9,la Nova Esquerra de l'Eixample,44,2112,..,2,9
2010,2,Eixample,9,la Nova Esquerra de l'Eixample,44,2112,..,2,10
2010,2,Eixample,9,la Nova Esquerra de l'Eixample,44,2112,..,2,12
2010,2,Eixample,9,la Nova Esquerra de l'Eixample,44,2112,..,2,14
2010,2,Eixample,9,la Nova Esquerra de l'Eixample,44,2112,..,2,16
2010,2,Eixample,9,la Nova Esquerra de l'Eixample,44,2113,..,1,0
2010,2,Eixample,9,la Nova Esquerra de l'Eixample,44,2113,..,1,1
2010,2,Eixample,9,la Nova Esquerra de l'Eixample,44,2113,..,1,2
2010,2,Eixample,9,la Nova Esquerra de l'Eixample,44,2113,..,1,3
2010,2,Eixample,9,la Nova Esquerra de l'Eixample,44,2113,8,1,4
2010,2,Eixample,9,la Nova Esquerra de l'Eixample,44,2113,9,1,5
2010,2,Eixample,9,la Nova Esquerra de l'Eixample,44,2113,9,1,6
2010,2,Eixample,9,la Nova Esquerra de l'Eixample,44,2113,5,1,7
2010,2,Eixample,9,la Nova Esquerra de l'Eixample,44,2113,..,1,8
2010,2,Eixample,9,la Nova Esquerra de l'Eixample,44,2113,..,1,10
2010,2,Eixample,9,la Nova Esquerra de l'Eixample,44,2113,..,1,11
2010,2,Eixample,9,la Nova Esquerra de l'Eixample,44,2113,..,1,13
2010,2,Eixample,9,la Nova Esquerra de l'Eixample,44,2113,..,1,14
2010,2,Eixample,9,la Nova Esquerra de l'Eixample,44,2113,..,1,15
2010,2,Eixample,9,la Nova Esquerra de l'Eixample,44,2113,..,2,0
2010,2,Eixample,9,la Nova Esquerra de l'Eixample,44,2113,..,2,1
2010,2,Eixample,9,la Nova Esquerra de l'Eixample,44,2113,5,2,2
2010,2,Eixample,9,la Nova Esquerra de l'Eixample,44,2113,..,2,3
2010,2,Eixample,9,la Nova Esquerra de l'Eixample,44,2113,..,2,4
2010,2,Eixample,9,la Nova Esquerra de l'Eixample,44,2113,9,2,5
2010,2,Eixample,9,la Nova Esquerra de l'Eixample,44,2113,5,2,6
2010,2,Eixample,9,la Nova Esquerra de l'Eixample,44,2113,5,2,7
2010,2,Eixample,9,la Nova Esquerra de l'Eixample,44,2113,..,2,8
2010,2,Eixample,9,la Nova Esquerra de l'Eixample,44,2113,..,2,9
2010,2,Eixample,9,la Nova Esquerra de l'Eixample,44,2113,..,2,11
2010,2,Eixample,9,la Nova Esquerra de l'Eixample,44,2113,..,2,13
2010,2,Eixample,9,la Nova Esquerra de l'Eixample,44,2114,..,1,1
2010,2,Eixample,9,la Nova Esquerra de l'Eixample,44,2114,..,1,2
2010,2,Eixample,9,la Nova Esquerra de l'Eixample,44,2114,..,1,3
2010,2,Eixample,9,la Nova Esquerra de l'Eixample,44,2114,5,1,4
2010,2,Eixample,9,la Nova Esquerra de l'Eixample,44,2114,10,1,5
2010,2,Eixample,9,la Nova Esquerra de l'Eixample,44,2114,..,1,6
2010,2,Eixample,9,la Nova Esquerra de l'Eixample,44,2114,5,1,7
2010,2,Eixample,9,la Nova Esquerra de l'Eixample,44,2114,..,1,8
2010,2,Eixample,9,la Nova Esquerra de l'Eixample,44,2114,..,1,9
2010,2,Eixample,9,la Nova Esquerra de l'Eixample,44,2114,..,1,10
2010,2,Eixample,9,la Nova Esquerra de l'Eixample,44,2114,..,1,11
2010,2,Eixample,9,la Nova Esquerra de l'Eixample,44,2114,..,1,15
2010,2,Eixample,9,la Nova Esquerra de l'Eixample,44,2114,..,2,1
2010,2,Eixample,9,la Nova Esquerra de l'Eixample,44,2114,..,2,2
2010,2,Eixample,9,la Nova Esquerra de l'Eixample,44,2114,..,2,3
2010,2,Eixample,9,la Nova Esquerra de l'Eixample,44,2114,6,2,4
2010,2,Eixample,9,la Nova Esquerra de l'Eixample,44,2114,11,2,5
2010,2,Eixample,9,la Nova Esquerra de l'Eixample,44,2114,..,2,6
2010,2,Eixample,9,la Nova Esquerra de l'Eixample,44,2114,..,2,7
2010,2,Eixample,9,la Nova Esquerra de l'Eixample,44,2114,8,2,8
2010,2,Eixample,9,la Nova Esquerra de l'Eixample,44,2114,..,2,9
2010,2,Eixample,9,la Nova Esquerra de l'Eixample,44,2114,..,2,10
2010,2,Eixample,9,la Nova Esquerra de l'Eixample,44,2114,..,2,11
2010,2,Eixample,9,la Nova Esquerra de l'Eixample,44,2114,..,2,12
2010,2,Eixample,9,la Nova Esquerra de l'Eixample,44,2114,..,2,13
2010,2,Eixample,9,la Nova Esquerra de l'Eixample,44,2114,..,2,15
2010,2,Eixample,9,la Nova Esquerra de l'Eixample,44,2114,..,2,16
2010,2,Eixample,9,la Nova Esquerra de l'Eixample,45,2115,..,1,0
2010,2,Eixample,9,la Nova Esquerra de l'Eixample,45,2115,..,1,3
2010,2,Eixample,9,la Nova Esquerra de l'Eixample,45,2115,6,1,4
2010,2,Eixample,9,la Nova Esquerra de l'Eixample,45,2115,14,1,5
2010,2,Eixample,9,la Nova Esquerra de l'Eixample,45,2115,..,1,6
2010,2,Eixample,9,la Nova Esquerra de l'Eixample,45,2115,7,1,7
2010,2,Eixample,9,la Nova Esquerra de l'Eixample,45,2115,..,1,8
2010,2,Eixample,9,la Nova Esquerra de l'Eixample,45,2115,..,1,9
2010,2,Eixample,9,la Nova Esquerra de l'Eixample,45,2115,..,1,10
2010,2,Eixample,9,la Nova Esquerra de l'Eixample,45,2115,..,1,11
2010,2,Eixample,9,la Nova Esquerra de l'Eixample,45,2115,..,1,12
2010,2,Eixample,9,la Nova Esquerra de l'Eixample,45,2115,..,1,14
2010,2,Eixample,9,la Nova Esquerra de l'Eixample,45,2115,5,2,1
2010,2,Eixample,9,la Nova Esquerra de l'Eixample,45,2115,..,2,2
2010,2,Eixample,9,la Nova Esquerra de l'Eixample,45,2115,..,2,3
2010,2,Eixample,9,la Nova Esquerra de l'Eixample,45,2115,7,2,4
2010,2,Eixample,9,la Nova Esquerra de l'Eixample,45,2115,9,2,5
2010,2,Eixample,9,la Nova Esquerra de l'Eixample,45,2115,9,2,6
2010,2,Eixample,9,la Nova Esquerra de l'Eixample,45,2115,9,2,7
2010,2,Eixample,9,la Nova Esquerra de l'Eixample,45,2115,6,2,8
2010,2,Eixample,9,la Nova Esquerra de l'Eixample,45,2115,..,2,9
2010,2,Eixample,9,la Nova Esquerra de l'Eixample,45,2115,..,2,10
2010,2,Eixample,9,la Nova Esquerra de l'Eixample,45,2115,..,2,11
2010,2,Eixample,9,la Nova Esquerra de l'Eixample,45,2115,..,2,12
2010,2,Eixample,9,la Nova Esquerra de l'Eixample,45,2115,..,2,13
2010,2,Eixample,9,la Nova Esquerra de l'Eixample,45,2115,..,2,15
2010,2,Eixample,9,la Nova Esquerra de l'Eixample,45,2116,..,1,3
2010,2,Eixample,9,la Nova Esquerra de l'Eixample,45,2116,..,1,4
2010,2,Eixample,9,la Nova Esquerra de l'Eixample,45,2116,..,1,5
2010,2,Eixample,9,la Nova Esquerra de l'Eixample,45,2116,..,1,6
2010,2,Eixample,9,la Nova Esquerra de l'Eixample,45,2116,5,1,7
2010,2,Eixample,9,la Nova Esquerra de l'Eixample,45,2116,..,1,11
2010,2,Eixample,9,la Nova Esquerra de l'Eixample,45,2116,..,2,0
2010,2,Eixample,9,la Nova Esquerra de l'Eixample,45,2116,..,2,4
2010,2,Eixample,9,la Nova Esquerra de l'Eixample,45,2116,..,2,5
2010,2,Eixample,9,la Nova Esquerra de l'Eixample,45,2116,6,2,6
2010,2,Eixample,9,la Nova Esquerra de l'Eixample,45,2116,..,2,7
2010,2,Eixample,9,la Nova Esquerra de l'Eixample,45,2116,..,2,8
2010,2,Eixample,9,la Nova Esquerra de l'Eixample,45,2116,..,2,11
2010,2,Eixample,9,la Nova Esquerra de l'Eixample,45,2117,..,1,0
2010,2,Eixample,9,la Nova Esquerra de l'Eixample,45,2117,8,1,4
2010,2,Eixample,9,la Nova Esquerra de l'Eixample,45,2117,6,1,5
2010,2,Eixample,9,la Nova Esquerra de l'Eixample,45,2117,5,1,6
2010,2,Eixample,9,la Nova Esquerra de l'Eixample,45,2117,..,1,8
2010,2,Eixample,9,la Nova Esquerra de l'Eixample,45,2117,..,1,9
2010,2,Eixample,9,la Nova Esquerra de l'Eixample,45,2117,..,1,10
2010,2,Eixample,9,la Nova Esquerra de l'Eixample,45,2117,..,1,11
2010,2,Eixample,9,la Nova Esquerra de l'Eixample,45,2117,..,1,12
2010,2,Eixample,9,la Nova Esquerra de l'Eixample,45,2117,..,1,13
2010,2,Eixample,9,la Nova Esquerra de l'Eixample,45,2117,..,2,0
2010,2,Eixample,9,la Nova Esquerra de l'Eixample,45,2117,..,2,1
2010,2,Eixample,9,la Nova Esquerra de l'Eixample,45,2117,..,2,2
2010,2,Eixample,9,la Nova Esquerra de l'Eixample,45,2117,5,2,4
2010,2,Eixample,9,la Nova Esquerra de l'Eixample,45,2117,8,2,5
2010,2,Eixample,9,la Nova Esquerra de l'Eixample,45,2117,..,2,6
2010,2,Eixample,9,la Nova Esquerra de l'Eixample,45,2117,5,2,7
2010,2,Eixample,9,la Nova Esquerra de l'Eixample,45,2117,..,2,8
2010,2,Eixample,9,la Nova Esquerra de l'Eixample,45,2117,..,2,9
2010,2,Eixample,9,la Nova Esquerra de l'Eixample,45,2117,..,2,10
2010,2,Eixample,9,la Nova Esquerra de l'Eixample,45,2117,..,2,12
2010,2,Eixample,9,la Nova Esquerra de l'Eixample,45,2118,..,1,2
2010,2,Eixample,9,la Nova Esquerra de l'Eixample,45,2118,..,1,3
2010,2,Eixample,9,la Nova Esquerra de l'Eixample,45,2118,5,1,4
2010,2,Eixample,9,la Nova Esquerra de l'Eixample,45,2118,6,1,5
2010,2,Eixample,9,la Nova Esquerra de l'Eixample,45,2118,9,1,6
2010,2,Eixample,9,la Nova Esquerra de l'Eixample,45,2118,..,1,7
2010,2,Eixample,9,la Nova Esquerra de l'Eixample,45,2118,..,1,8
2010,2,Eixample,9,la Nova Esquerra de l'Eixample,45,2118,..,1,9
2010,2,Eixample,9,la Nova Esquerra de l'Eixample,45,2118,..,1,10
2010,2,Eixample,9,la Nova Esquerra de l'Eixample,45,2118,..,1,11
2010,2,Eixample,9,la Nova Esquerra de l'Eixample,45,2118,..,1,13
2010,2,Eixample,9,la Nova Esquerra de l'Eixample,45,2118,..,2,1
2010,2,Eixample,9,la Nova Esquerra de l'Eixample,45,2118,..,2,2
2010,2,Eixample,9,la Nova Esquerra de l'Eixample,45,2118,..,2,3
2010,2,Eixample,9,la Nova Esquerra de l'Eixample,45,2118,..,2,4
2010,2,Eixample,9,la Nova Esquerra de l'Eixample,45,2118,8,2,5
2010,2,Eixample,9,la Nova Esquerra de l'Eixample,45,2118,9,2,6
2010,2,Eixample,9,la Nova Esquerra de l'Eixample,45,2118,..,2,7
2010,2,Eixample,9,la Nova Esquerra de l'Eixample,45,2118,..,2,8
2010,2,Eixample,9,la Nova Esquerra de l'Eixample,45,2118,..,2,9
2010,2,Eixample,9,la Nova Esquerra de l'Eixample,45,2118,..,2,11
2010,2,Eixample,9,la Nova Esquerra de l'Eixample,45,2118,..,2,12
2010,2,Eixample,9,la Nova Esquerra de l'Eixample,45,2118,..,2,13
2010,2,Eixample,9,la Nova Esquerra de l'Eixample,45,2118,..,2,14
2010,2,Eixample,9,la Nova Esquerra de l'Eixample,45,2119,..,1,0
2010,2,Eixample,9,la Nova Esquerra de l'Eixample,45,2119,..,1,3
2010,2,Eixample,9,la Nova Esquerra de l'Eixample,45,2119,..,1,4
2010,2,Eixample,9,la Nova Esquerra de l'Eixample,45,2119,14,1,5
2010,2,Eixample,9,la Nova Esquerra de l'Eixample,45,2119,5,1,6
2010,2,Eixample,9,la Nova Esquerra de l'Eixample,45,2119,..,1,7
2010,2,Eixample,9,la Nova Esquerra de l'Eixample,45,2119,..,1,8
2010,2,Eixample,9,la Nova Esquerra de l'Eixample,45,2119,..,1,10
2010,2,Eixample,9,la Nova Esquerra de l'Eixample,45,2119,..,1,12
2010,2,Eixample,9,la Nova Esquerra de l'Eixample,45,2119,..,1,13
2010,2,Eixample,9,la Nova Esquerra de l'Eixample,45,2119,..,1,16
2010,2,Eixample,9,la Nova Esquerra de l'Eixample,45,2119,..,1,17
2010,2,Eixample,9,la Nova Esquerra de l'Eixample,45,2119,..,2,0
2010,2,Eixample,9,la Nova Esquerra de l'Eixample,45,2119,..,2,1
2010,2,Eixample,9,la Nova Esquerra de l'Eixample,45,2119,..,2,3
2010,2,Eixample,9,la Nova Esquerra de l'Eixample,45,2119,7,2,4
2010,2,Eixample,9,la Nova Esquerra de l'Eixample,45,2119,..,2,5
2010,2,Eixample,9,la Nova Esquerra de l'Eixample,45,2119,6,2,6
2010,2,Eixample,9,la Nova Esquerra de l'Eixample,45,2119,..,2,7
2010,2,Eixample,9,la Nova Esquerra de l'Eixample,45,2119,..,2,8
2010,2,Eixample,9,la Nova Esquerra de l'Eixample,45,2119,..,2,9
2010,2,Eixample,9,la Nova Esquerra de l'Eixample,45,2119,..,2,10
2010,2,Eixample,9,la Nova Esquerra de l'Eixample,45,2119,..,2,12
2010,2,Eixample,9,la Nova Esquerra de l'Eixample,45,2119,..,2,13
2010,2,Eixample,9,la Nova Esquerra de l'Eixample,45,2120,..,1,0
2010,2,Eixample,9,la Nova Esquerra de l'Eixample,45,2120,..,1,1
2010,2,Eixample,9,la Nova Esquerra de l'Eixample,45,2120,..,1,2
2010,2,Eixample,9,la Nova Esquerra de l'Eixample,45,2120,..,1,3
2010,2,Eixample,9,la Nova Esquerra de l'Eixample,45,2120,5,1,4
2010,2,Eixample,9,la Nova Esquerra de l'Eixample,45,2120,8,1,5
2010,2,Eixample,9,la Nova Esquerra de l'Eixample,45,2120,..,1,6
2010,2,Eixample,9,la Nova Esquerra de l'Eixample,45,2120,..,1,7
2010,2,Eixample,9,la Nova Esquerra de l'Eixample,45,2120,..,1,8
2010,2,Eixample,9,la Nova Esquerra de l'Eixample,45,2120,..,1,10
2010,2,Eixample,9,la Nova Esquerra de l'Eixample,45,2120,..,1,13
2010,2,Eixample,9,la Nova Esquerra de l'Eixample,45,2120,..,1,16
2010,2,Eixample,9,la Nova Esquerra de l'Eixample,45,2120,..,2,2
2010,2,Eixample,9,la Nova Esquerra de l'Eixample,45,2120,..,2,4
2010,2,Eixample,9,la Nova Esquerra de l'Eixample,45,2120,7,2,5
2010,2,Eixample,9,la Nova Esquerra de l'Eixample,45,2120,..,2,6
2010,2,Eixample,9,la Nova Esquerra de l'Eixample,45,2120,..,2,7
2010,2,Eixample,9,la Nova Esquerra de l'Eixample,45,2120,..,2,8
2010,2,Eixample,9,la Nova Esquerra de l'Eixample,45,2120,..,2,10
2010,2,Eixample,9,la Nova Esquerra de l'Eixample,45,2120,..,2,11
2010,2,Eixample,9,la Nova Esquerra de l'Eixample,45,2121,..,1,0
2010,2,Eixample,9,la Nova Esquerra de l'Eixample,45,2121,..,1,2
2010,2,Eixample,9,la Nova Esquerra de l'Eixample,45,2121,..,1,3
2010,2,Eixample,9,la Nova Esquerra de l'Eixample,45,2121,..,1,4
2010,2,Eixample,9,la Nova Esquerra de l'Eixample,45,2121,11,1,5
2010,2,Eixample,9,la Nova Esquerra de l'Eixample,45,2121,5,1,6
2010,2,Eixample,9,la Nova Esquerra de l'Eixample,45,2121,..,1,7
2010,2,Eixample,9,la Nova Esquerra de l'Eixample,45,2121,..,1,9
2010,2,Eixample,9,la Nova Esquerra de l'Eixample,45,2121,..,1,11
2010,2,Eixample,9,la Nova Esquerra de l'Eixample,45,2121,..,1,12
2010,2,Eixample,9,la Nova Esquerra de l'Eixample,45,2121,..,1,14
2010,2,Eixample,9,la Nova Esquerra de l'Eixample,45,2121,..,1,18
2010,2,Eixample,9,la Nova Esquerra de l'Eixample,45,2121,..,2,0
2010,2,Eixample,9,la Nova Esquerra de l'Eixample,45,2121,..,2,2
2010,2,Eixample,9,la Nova Esquerra de l'Eixample,45,2121,..,2,4
2010,2,Eixample,9,la Nova Esquerra de l'Eixample,45,2121,6,2,5
2010,2,Eixample,9,la Nova Esquerra de l'Eixample,45,2121,..,2,6
2010,2,Eixample,9,la Nova Esquerra de l'Eixample,45,2121,..,2,7
2010,2,Eixample,9,la Nova Esquerra de l'Eixample,45,2121,..,2,8
2010,2,Eixample,9,la Nova Esquerra de l'Eixample,45,2121,..,2,9
2010,2,Eixample,9,la Nova Esquerra de l'Eixample,45,2121,..,2,11
2010,2,Eixample,9,la Nova Esquerra de l'Eixample,45,2121,..,2,12
2010,2,Eixample,9,la Nova Esquerra de l'Eixample,45,2122,..,1,0
2010,2,Eixample,9,la Nova Esquerra de l'Eixample,45,2122,..,1,1
2010,2,Eixample,9,la Nova Esquerra de l'Eixample,45,2122,..,1,2
2010,2,Eixample,9,la Nova Esquerra de l'Eixample,45,2122,..,1,3
2010,2,Eixample,9,la Nova Esquerra de l'Eixample,45,2122,..,1,4
2010,2,Eixample,9,la Nova Esquerra de l'Eixample,45,2122,..,1,5
2010,2,Eixample,9,la Nova Esquerra de l'Eixample,45,2122,..,1,6
2010,2,Eixample,9,la Nova Esquerra de l'Eixample,45,2122,..,1,7
2010,2,Eixample,9,la Nova Esquerra de l'Eixample,45,2122,..,1,8
2010,2,Eixample,9,la Nova Esquerra de l'Eixample,45,2122,..,1,9
2010,2,Eixample,9,la Nova Esquerra de l'Eixample,45,2122,..,1,10
2010,2,Eixample,9,la Nova Esquerra de l'Eixample,45,2122,..,1,11
2010,2,Eixample,9,la Nova Esquerra de l'Eixample,45,2122,..,1,14
2010,2,Eixample,9,la Nova Esquerra de l'Eixample,45,2122,..,1,16
2010,2,Eixample,9,la Nova Esquerra de l'Eixample,45,2122,..,2,0
2010,2,Eixample,9,la Nova Esquerra de l'Eixample,45,2122,5,2,4
2010,2,Eixample,9,la Nova Esquerra de l'Eixample,45,2122,6,2,5
2010,2,Eixample,9,la Nova Esquerra de l'Eixample,45,2122,6,2,6
2010,2,Eixample,9,la Nova Esquerra de l'Eixample,45,2122,..,2,8
2010,2,Eixample,9,la Nova Esquerra de l'Eixample,45,2122,..,2,9
2010,2,Eixample,9,la Nova Esquerra de l'Eixample,45,2122,..,2,12
2010,2,Eixample,9,la Nova Esquerra de l'Eixample,45,2122,..,2,17
2010,2,Eixample,9,la Nova Esquerra de l'Eixample,45,2123,..,1,0
2010,2,Eixample,9,la Nova Esquerra de l'Eixample,45,2123,..,1,4
2010,2,Eixample,9,la Nova Esquerra de l'Eixample,45,2123,9,1,5
2010,2,Eixample,9,la Nova Esquerra de l'Eixample,45,2123,7,1,6
2010,2,Eixample,9,la Nova Esquerra de l'Eixample,45,2123,..,1,7
2010,2,Eixample,9,la Nova Esquerra de l'Eixample,45,2123,..,1,9
2010,2,Eixample,9,la Nova Esquerra de l'Eixample,45,2123,..,2,0
2010,2,Eixample,9,la Nova Esquerra de l'Eixample,45,2123,..,2,3
2010,2,Eixample,9,la Nova Esquerra de l'Eixample,45,2123,..,2,4
2010,2,Eixample,9,la Nova Esquerra de l'Eixample,45,2123,13,2,5
2010,2,Eixample,9,la Nova Esquerra de l'Eixample,45,2123,5,2,6
2010,2,Eixample,9,la Nova Esquerra de l'Eixample,45,2123,..,2,7
2010,2,Eixample,9,la Nova Esquerra de l'Eixample,45,2123,..,2,8
2010,2,Eixample,9,la Nova Esquerra de l'Eixample,45,2123,..,2,9
2010,2,Eixample,9,la Nova Esquerra de l'Eixample,45,2123,..,2,10
2010,2,Eixample,9,la Nova Esquerra de l'Eixample,45,2123,..,2,11
2010,2,Eixample,9,la Nova Esquerra de l'Eixample,46,2124,..,1,0
2010,2,Eixample,9,la Nova Esquerra de l'Eixample,46,2124,..,1,3
2010,2,Eixample,9,la Nova Esquerra de l'Eixample,46,2124,..,1,4
2010,2,Eixample,9,la Nova Esquerra de l'Eixample,46,2124,6,1,5
2010,2,Eixample,9,la Nova Esquerra de l'Eixample,46,2124,5,1,6
2010,2,Eixample,9,la Nova Esquerra de l'Eixample,46,2124,..,1,7
2010,2,Eixample,9,la Nova Esquerra de l'Eixample,46,2124,..,1,8
2010,2,Eixample,9,la Nova Esquerra de l'Eixample,46,2124,..,1,9
2010,2,Eixample,9,la Nova Esquerra de l'Eixample,46,2124,..,1,10
2010,2,Eixample,9,la Nova Esquerra de l'Eixample,46,2124,..,1,14
2010,2,Eixample,9,la Nova Esquerra de l'Eixample,46,2124,..,1,16
2010,2,Eixample,9,la Nova Esquerra de l'Eixample,46,2124,..,2,3
2010,2,Eixample,9,la Nova Esquerra de l'Eixample,46,2124,..,2,4
2010,2,Eixample,9,la Nova Esquerra de l'Eixample,46,2124,..,2,5
2010,2,Eixample,9,la Nova Esquerra de l'Eixample,46,2124,..,2,6
2010,2,Eixample,9,la Nova Esquerra de l'Eixample,46,2124,..,2,7
2010,2,Eixample,9,la Nova Esquerra de l'Eixample,46,2124,..,2,10
2010,2,Eixample,9,la Nova Esquerra de l'Eixample,46,2124,..,2,12
2010,2,Eixample,9,la Nova Esquerra de l'Eixample,46,2124,..,2,14
2010,2,Eixample,9,la Nova Esquerra de l'Eixample,46,2125,..,1,1
2010,2,Eixample,9,la Nova Esquerra de l'Eixample,46,2125,..,1,3
2010,2,Eixample,9,la Nova Esquerra de l'Eixample,46,2125,11,1,4
2010,2,Eixample,9,la Nova Esquerra de l'Eixample,46,2125,8,1,5
2010,2,Eixample,9,la Nova Esquerra de l'Eixample,46,2125,5,1,6
2010,2,Eixample,9,la Nova Esquerra de l'Eixample,46,2125,..,1,7
2010,2,Eixample,9,la Nova Esquerra de l'Eixample,46,2125,..,1,8
2010,2,Eixample,9,la Nova Esquerra de l'Eixample,46,2125,..,1,9
2010,2,Eixample,9,la Nova Esquerra de l'Eixample,46,2125,..,1,14
2010,2,Eixample,9,la Nova Esquerra de l'Eixample,46,2125,..,2,0
2010,2,Eixample,9,la Nova Esquerra de l'Eixample,46,2125,..,2,2
2010,2,Eixample,9,la Nova Esquerra de l'Eixample,46,2125,..,2,3
2010,2,Eixample,9,la Nova Esquerra de l'Eixample,46,2125,10,2,4
2010,2,Eixample,9,la Nova Esquerra de l'Eixample,46,2125,10,2,5
2010,2,Eixample,9,la Nova Esquerra de l'Eixample,46,2125,9,2,6
2010,2,Eixample,9,la Nova Esquerra de l'Eixample,46,2125,5,2,7
2010,2,Eixample,9,la Nova Esquerra de l'Eixample,46,2125,6,2,8
2010,2,Eixample,9,la Nova Esquerra de l'Eixample,46,2125,..,2,9
2010,2,Eixample,9,la Nova Esquerra de l'Eixample,46,2125,..,2,10
2010,2,Eixample,9,la Nova Esquerra de l'Eixample,46,2125,..,2,11
2010,2,Eixample,9,la Nova Esquerra de l'Eixample,46,2125,..,2,17
2010,2,Eixample,9,la Nova Esquerra de l'Eixample,46,2126,..,1,0
2010,2,Eixample,9,la Nova Esquerra de l'Eixample,46,2126,5,1,4
2010,2,Eixample,9,la Nova Esquerra de l'Eixample,46,2126,11,1,5
2010,2,Eixample,9,la Nova Esquerra de l'Eixample,46,2126,8,1,6
2010,2,Eixample,9,la Nova Esquerra de l'Eixample,46,2126,..,1,7
2010,2,Eixample,9,la Nova Esquerra de l'Eixample,46,2126,..,1,8
2010,2,Eixample,9,la Nova Esquerra de l'Eixample,46,2126,..,1,9
2010,2,Eixample,9,la Nova Esquerra de l'Eixample,46,2126,..,1,10
2010,2,Eixample,9,la Nova Esquerra de l'Eixample,46,2126,..,1,11
2010,2,Eixample,9,la Nova Esquerra de l'Eixample,46,2126,..,1,12
2010,2,Eixample,9,la Nova Esquerra de l'Eixample,46,2126,..,1,13
2010,2,Eixample,9,la Nova Esquerra de l'Eixample,46,2126,..,1,14
2010,2,Eixample,9,la Nova Esquerra de l'Eixample,46,2126,..,1,15
2010,2,Eixample,9,la Nova Esquerra de l'Eixample,46,2126,..,1,16
2010,2,Eixample,9,la Nova Esquerra de l'Eixample,46,2126,..,2,0
2010,2,Eixample,9,la Nova Esquerra de l'Eixample,46,2126,..,2,1
2010,2,Eixample,9,la Nova Esquerra de l'Eixample,46,2126,..,2,2
2010,2,Eixample,9,la Nova Esquerra de l'Eixample,46,2126,..,2,3
2010,2,Eixample,9,la Nova Esquerra de l'Eixample,46,2126,7,2,4
2010,2,Eixample,9,la Nova Esquerra de l'Eixample,46,2126,..,2,5
2010,2,Eixample,9,la Nova Esquerra de l'Eixample,46,2126,5,2,6
2010,2,Eixample,9,la Nova Esquerra de l'Eixample,46,2126,..,2,7
2010,2,Eixample,9,la Nova Esquerra de l'Eixample,46,2126,..,2,8
2010,2,Eixample,9,la Nova Esquerra de l'Eixample,46,2126,..,2,9
2010,2,Eixample,9,la Nova Esquerra de l'Eixample,46,2126,..,2,10
2010,2,Eixample,9,la Nova Esquerra de l'Eixample,46,2126,..,2,13
2010,2,Eixample,9,la Nova Esquerra de l'Eixample,46,2126,..,2,14
2010,2,Eixample,9,la Nova Esquerra de l'Eixample,46,2126,..,2,15
2010,2,Eixample,9,la Nova Esquerra de l'Eixample,46,2126,..,2,18
2010,2,Eixample,9,la Nova Esquerra de l'Eixample,46,2127,..,1,0
2010,2,Eixample,9,la Nova Esquerra de l'Eixample,46,2127,..,1,3
2010,2,Eixample,9,la Nova Esquerra de l'Eixample,46,2127,..,1,4
2010,2,Eixample,9,la Nova Esquerra de l'Eixample,46,2127,11,1,5
2010,2,Eixample,9,la Nova Esquerra de l'Eixample,46,2127,13,1,6
2010,2,Eixample,9,la Nova Esquerra de l'Eixample,46,2127,5,1,7
2010,2,Eixample,9,la Nova Esquerra de l'Eixample,46,2127,..,1,9
2010,2,Eixample,9,la Nova Esquerra de l'Eixample,46,2127,..,1,10
2010,2,Eixample,9,la Nova Esquerra de l'Eixample,46,2127,..,1,11
2010,2,Eixample,9,la Nova Esquerra de l'Eixample,46,2127,..,1,12
2010,2,Eixample,9,la Nova Esquerra de l'Eixample,46,2127,..,1,13
2010,2,Eixample,9,la Nova Esquerra de l'Eixample,46,2127,..,2,0
2010,2,Eixample,9,la Nova Esquerra de l'Eixample,46,2127,..,2,1
2010,2,Eixample,9,la Nova Esquerra de l'Eixample,46,2127,..,2,3
2010,2,Eixample,9,la Nova Esquerra de l'Eixample,46,2127,5,2,4
2010,2,Eixample,9,la Nova Esquerra de l'Eixample,46,2127,11,2,5
2010,2,Eixample,9,la Nova Esquerra de l'Eixample,46,2127,11,2,6
2010,2,Eixample,9,la Nova Esquerra de l'Eixample,46,2127,5,2,7
2010,2,Eixample,9,la Nova Esquerra de l'Eixample,46,2127,5,2,8
2010,2,Eixample,9,la Nova Esquerra de l'Eixample,46,2127,..,2,9
2010,2,Eixample,9,la Nova Esquerra de l'Eixample,46,2127,..,2,10
2010,2,Eixample,9,la Nova Esquerra de l'Eixample,46,2127,..,2,11
2010,2,Eixample,9,la Nova Esquerra de l'Eixample,46,2127,..,2,12
2010,2,Eixample,9,la Nova Esquerra de l'Eixample,46,2127,..,2,13
2010,2,Eixample,9,la Nova Esquerra de l'Eixample,46,2127,..,2,14
2010,2,Eixample,9,la Nova Esquerra de l'Eixample,46,2128,..,1,0
2010,2,Eixample,9,la Nova Esquerra de l'Eixample,46,2128,..,1,1
2010,2,Eixample,9,la Nova Esquerra de l'Eixample,46,2128,..,1,2
2010,2,Eixample,9,la Nova Esquerra de l'Eixample,46,2128,..,1,3
2010,2,Eixample,9,la Nova Esquerra de l'Eixample,46,2128,9,1,4
2010,2,Eixample,9,la Nova Esquerra de l'Eixample,46,2128,19,1,5
2010,2,Eixample,9,la Nova Esquerra de l'Eixample,46,2128,10,1,6
2010,2,Eixample,9,la Nova Esquerra de l'Eixample,46,2128,..,1,7
2010,2,Eixample,9,la Nova Esquerra de l'Eixample,46,2128,..,1,8
2010,2,Eixample,9,la Nova Esquerra de l'Eixample,46,2128,..,1,9
2010,2,Eixample,9,la Nova Esquerra de l'Eixample,46,2128,..,1,11
2010,2,Eixample,9,la Nova Esquerra de l'Eixample,46,2128,..,1,12
2010,2,Eixample,9,la Nova Esquerra de l'Eixample,46,2128,..,1,16
2010,2,Eixample,9,la Nova Esquerra de l'Eixample,46,2128,..,1,17
2010,2,Eixample,9,la Nova Esquerra de l'Eixample,46,2128,6,2,0
2010,2,Eixample,9,la Nova Esquerra de l'Eixample,46,2128,..,2,1
2010,2,Eixample,9,la Nova Esquerra de l'Eixample,46,2128,..,2,2
2010,2,Eixample,9,la Nova Esquerra de l'Eixample,46,2128,..,2,3
2010,2,Eixample,9,la Nova Esquerra de l'Eixample,46,2128,9,2,4
2010,2,Eixample,9,la Nova Esquerra de l'Eixample,46,2128,5,2,5
2010,2,Eixample,9,la Nova Esquerra de l'Eixample,46,2128,7,2,6
2010,2,Eixample,9,la Nova Esquerra de l'Eixample,46,2128,5,2,7
2010,2,Eixample,9,la Nova Esquerra de l'Eixample,46,2128,..,2,8
2010,2,Eixample,9,la Nova Esquerra de l'Eixample,46,2128,5,2,9
2010,2,Eixample,9,la Nova Esquerra de l'Eixample,46,2129,..,1,0
2010,2,Eixample,9,la Nova Esquerra de l'Eixample,46,2129,..,1,1
2010,2,Eixample,9,la Nova Esquerra de l'Eixample,46,2129,10,1,4
2010,2,Eixample,9,la Nova Esquerra de l'Eixample,46,2129,8,1,5
2010,2,Eixample,9,la Nova Esquerra de l'Eixample,46,2129,7,1,6
2010,2,Eixample,9,la Nova Esquerra de l'Eixample,46,2129,..,1,7
2010,2,Eixample,9,la Nova Esquerra de l'Eixample,46,2129,..,1,8
2010,2,Eixample,9,la Nova Esquerra de l'Eixample,46,2129,..,1,10
2010,2,Eixample,9,la Nova Esquerra de l'Eixample,46,2129,..,1,12
2010,2,Eixample,9,la Nova Esquerra de l'Eixample,46,2129,..,1,13
2010,2,Eixample,9,la Nova Esquerra de l'Eixample,46,2129,7,2,4
2010,2,Eixample,9,la Nova Esquerra de l'Eixample,46,2129,8,2,5
2010,2,Eixample,9,la Nova Esquerra de l'Eixample,46,2129,6,2,6
2010,2,Eixample,9,la Nova Esquerra de l'Eixample,46,2129,5,2,7
2010,2,Eixample,9,la Nova Esquerra de l'Eixample,46,2129,..,2,8
2010,2,Eixample,9,la Nova Esquerra de l'Eixample,46,2129,..,2,9
2010,2,Eixample,9,la Nova Esquerra de l'Eixample,46,2129,..,2,10
2010,2,Eixample,9,la Nova Esquerra de l'Eixample,46,2129,..,2,11
2010,2,Eixample,9,la Nova Esquerra de l'Eixample,47,2130,..,1,0
2010,2,Eixample,9,la Nova Esquerra de l'Eixample,47,2130,..,1,2
2010,2,Eixample,9,la Nova Esquerra de l'Eixample,47,2130,9,1,4
2010,2,Eixample,9,la Nova Esquerra de l'Eixample,47,2130,..,1,5
2010,2,Eixample,9,la Nova Esquerra de l'Eixample,47,2130,5,1,6
2010,2,Eixample,9,la Nova Esquerra de l'Eixample,47,2130,..,1,8
2010,2,Eixample,9,la Nova Esquerra de l'Eixample,47,2130,..,1,10
2010,2,Eixample,9,la Nova Esquerra de l'Eixample,47,2130,..,1,11
2010,2,Eixample,9,la Nova Esquerra de l'Eixample,47,2130,..,1,16
2010,2,Eixample,9,la Nova Esquerra de l'Eixample,47,2130,..,1,19
2010,2,Eixample,9,la Nova Esquerra de l'Eixample,47,2130,..,2,0
2010,2,Eixample,9,la Nova Esquerra de l'Eixample,47,2130,..,2,4
2010,2,Eixample,9,la Nova Esquerra de l'Eixample,47,2130,..,2,5
2010,2,Eixample,9,la Nova Esquerra de l'Eixample,47,2130,..,2,6
2010,2,Eixample,9,la Nova Esquerra de l'Eixample,47,2130,..,2,7
2010,2,Eixample,9,la Nova Esquerra de l'Eixample,47,2130,..,2,8
2010,2,Eixample,9,la Nova Esquerra de l'Eixample,47,2131,..,1,0
2010,2,Eixample,9,la Nova Esquerra de l'Eixample,47,2131,..,1,3
2010,2,Eixample,9,la Nova Esquerra de l'Eixample,47,2131,5,1,4
2010,2,Eixample,9,la Nova Esquerra de l'Eixample,47,2131,15,1,5
2010,2,Eixample,9,la Nova Esquerra de l'Eixample,47,2131,..,1,6
2010,2,Eixample,9,la Nova Esquerra de l'Eixample,47,2131,6,1,7
2010,2,Eixample,9,la Nova Esquerra de l'Eixample,47,2131,5,1,8
2010,2,Eixample,9,la Nova Esquerra de l'Eixample,47,2131,..,1,9
2010,2,Eixample,9,la Nova Esquerra de l'Eixample,47,2131,..,1,10
2010,2,Eixample,9,la Nova Esquerra de l'Eixample,47,2131,..,1,11
2010,2,Eixample,9,la Nova Esquerra de l'Eixample,47,2131,..,1,12
2010,2,Eixample,9,la Nova Esquerra de l'Eixample,47,2131,..,1,14
2010,2,Eixample,9,la Nova Esquerra de l'Eixample,47,2131,..,1,15
2010,2,Eixample,9,la Nova Esquerra de l'Eixample,47,2131,..,2,0
2010,2,Eixample,9,la Nova Esquerra de l'Eixample,47,2131,..,2,1
2010,2,Eixample,9,la Nova Esquerra de l'Eixample,47,2131,..,2,3
2010,2,Eixample,9,la Nova Esquerra de l'Eixample,47,2131,6,2,4
2010,2,Eixample,9,la Nova Esquerra de l'Eixample,47,2131,11,2,5
2010,2,Eixample,9,la Nova Esquerra de l'Eixample,47,2131,..,2,6
2010,2,Eixample,9,la Nova Esquerra de l'Eixample,47,2131,5,2,7
2010,2,Eixample,9,la Nova Esquerra de l'Eixample,47,2131,6,2,8
2010,2,Eixample,9,la Nova Esquerra de l'Eixample,47,2131,..,2,9
2010,2,Eixample,9,la Nova Esquerra de l'Eixample,47,2131,..,2,10
2010,2,Eixample,9,la Nova Esquerra de l'Eixample,47,2131,..,2,11
2010,2,Eixample,9,la Nova Esquerra de l'Eixample,47,2131,..,2,13
2010,2,Eixample,9,la Nova Esquerra de l'Eixample,47,2132,..,1,0
2010,2,Eixample,9,la Nova Esquerra de l'Eixample,47,2132,..,1,1
2010,2,Eixample,9,la Nova Esquerra de l'Eixample,47,2132,..,1,3
2010,2,Eixample,9,la Nova Esquerra de l'Eixample,47,2132,..,1,4
2010,2,Eixample,9,la Nova Esquerra de l'Eixample,47,2132,12,1,5
2010,2,Eixample,9,la Nova Esquerra de l'Eixample,47,2132,5,1,6
2010,2,Eixample,9,la Nova Esquerra de l'Eixample,47,2132,..,1,7
2010,2,Eixample,9,la Nova Esquerra de l'Eixample,47,2132,..,1,8
2010,2,Eixample,9,la Nova Esquerra de l'Eixample,47,2132,..,1,9
2010,2,Eixample,9,la Nova Esquerra de l'Eixample,47,2132,..,1,11
2010,2,Eixample,9,la Nova Esquerra de l'Eixample,47,2132,..,1,13
2010,2,Eixample,9,la Nova Esquerra de l'Eixample,47,2132,..,1,16
2010,2,Eixample,9,la Nova Esquerra de l'Eixample,47,2132,..,2,0
2010,2,Eixample,9,la Nova Esquerra de l'Eixample,47,2132,..,2,1
2010,2,Eixample,9,la Nova Esquerra de l'Eixample,47,2132,5,2,4
2010,2,Eixample,9,la Nova Esquerra de l'Eixample,47,2132,..,2,5
2010,2,Eixample,9,la Nova Esquerra de l'Eixample,47,2132,8,2,6
2010,2,Eixample,9,la Nova Esquerra de l'Eixample,47,2132,..,2,7
2010,2,Eixample,9,la Nova Esquerra de l'Eixample,47,2132,..,2,8
2010,2,Eixample,9,la Nova Esquerra de l'Eixample,47,2132,..,2,11
2010,2,Eixample,9,la Nova Esquerra de l'Eixample,47,2132,..,2,13
2010,2,Eixample,9,la Nova Esquerra de l'Eixample,47,2133,..,1,0
2010,2,Eixample,9,la Nova Esquerra de l'Eixample,47,2133,..,1,3
2010,2,Eixample,9,la Nova Esquerra de l'Eixample,47,2133,..,1,4
2010,2,Eixample,9,la Nova Esquerra de l'Eixample,47,2133,..,1,5
2010,2,Eixample,9,la Nova Esquerra de l'Eixample,47,2133,..,1,6
2010,2,Eixample,9,la Nova Esquerra de l'Eixample,47,2133,..,1,7
2010,2,Eixample,9,la Nova Esquerra de l'Eixample,47,2133,..,1,10
2010,2,Eixample,9,la Nova Esquerra de l'Eixample,47,2133,..,1,12
2010,2,Eixample,9,la Nova Esquerra de l'Eixample,47,2133,..,1,13
2010,2,Eixample,9,la Nova Esquerra de l'Eixample,47,2133,..,1,17
2010,2,Eixample,9,la Nova Esquerra de l'Eixample,47,2133,..,2,0
2010,2,Eixample,9,la Nova Esquerra de l'Eixample,47,2133,..,2,4
2010,2,Eixample,9,la Nova Esquerra de l'Eixample,47,2133,..,2,5
2010,2,Eixample,9,la Nova Esquerra de l'Eixample,47,2133,..,2,6
2010,2,Eixample,9,la Nova Esquerra de l'Eixample,47,2133,..,2,7
2010,2,Eixample,9,la Nova Esquerra de l'Eixample,47,2133,..,2,8
2010,2,Eixample,9,la Nova Esquerra de l'Eixample,47,2133,..,2,10
2010,2,Eixample,9,la Nova Esquerra de l'Eixample,47,2133,..,2,14
2010,2,Eixample,9,la Nova Esquerra de l'Eixample,47,2133,..,2,16
2010,2,Eixample,9,la Nova Esquerra de l'Eixample,47,2134,..,1,0
2010,2,Eixample,9,la Nova Esquerra de l'Eixample,47,2134,..,1,1
2010,2,Eixample,9,la Nova Esquerra de l'Eixample,47,2134,..,1,3
2010,2,Eixample,9,la Nova Esquerra de l'Eixample,47,2134,9,1,4
2010,2,Eixample,9,la Nova Esquerra de l'Eixample,47,2134,13,1,5
2010,2,Eixample,9,la Nova Esquerra de l'Eixample,47,2134,5,1,6
2010,2,Eixample,9,la Nova Esquerra de l'Eixample,47,2134,7,1,7
2010,2,Eixample,9,la Nova Esquerra de l'Eixample,47,2134,..,1,9
2010,2,Eixample,9,la Nova Esquerra de l'Eixample,47,2134,..,1,10
2010,2,Eixample,9,la Nova Esquerra de l'Eixample,47,2134,..,1,11
2010,2,Eixample,9,la Nova Esquerra de l'Eixample,47,2134,..,1,13
2010,2,Eixample,9,la Nova Esquerra de l'Eixample,47,2134,..,1,15
2010,2,Eixample,9,la Nova Esquerra de l'Eixample,47,2134,..,1,16
2010,2,Eixample,9,la Nova Esquerra de l'Eixample,47,2134,..,1,17
2010,2,Eixample,9,la Nova Esquerra de l'Eixample,47,2134,5,2,4
2010,2,Eixample,9,la Nova Esquerra de l'Eixample,47,2134,7,2,5
2010,2,Eixample,9,la Nova Esquerra de l'Eixample,47,2134,6,2,6
2010,2,Eixample,9,la Nova Esquerra de l'Eixample,47,2134,7,2,7
2010,2,Eixample,9,la Nova Esquerra de l'Eixample,47,2134,..,2,8
2010,2,Eixample,9,la Nova Esquerra de l'Eixample,47,2134,..,2,9
2010,2,Eixample,9,la Nova Esquerra de l'Eixample,47,2134,..,2,10
2010,2,Eixample,9,la Nova Esquerra de l'Eixample,47,2134,..,2,11
2010,2,Eixample,9,la Nova Esquerra de l'Eixample,47,2134,..,2,14
2010,2,Eixample,9,la Nova Esquerra de l'Eixample,47,2134,..,2,17
2010,2,Eixample,9,la Nova Esquerra de l'Eixample,47,2135,..,1,0
2010,2,Eixample,9,la Nova Esquerra de l'Eixample,47,2135,..,1,2
2010,2,Eixample,9,la Nova Esquerra de l'Eixample,47,2135,13,1,4
2010,2,Eixample,9,la Nova Esquerra de l'Eixample,47,2135,22,1,5
2010,2,Eixample,9,la Nova Esquerra de l'Eixample,47,2135,9,1,6
2010,2,Eixample,9,la Nova Esquerra de l'Eixample,47,2135,..,1,7
2010,2,Eixample,9,la Nova Esquerra de l'Eixample,47,2135,..,1,8
2010,2,Eixample,9,la Nova Esquerra de l'Eixample,47,2135,..,1,9
2010,2,Eixample,9,la Nova Esquerra de l'Eixample,47,2135,..,1,10
2010,2,Eixample,9,la Nova Esquerra de l'Eixample,47,2135,..,1,11
2010,2,Eixample,9,la Nova Esquerra de l'Eixample,47,2135,..,1,12
2010,2,Eixample,9,la Nova Esquerra de l'Eixample,47,2135,..,2,1
2010,2,Eixample,9,la Nova Esquerra de l'Eixample,47,2135,..,2,3
2010,2,Eixample,9,la Nova Esquerra de l'Eixample,47,2135,..,2,4
2010,2,Eixample,9,la Nova Esquerra de l'Eixample,47,2135,14,2,5
2010,2,Eixample,9,la Nova Esquerra de l'Eixample,47,2135,8,2,6
2010,2,Eixample,9,la Nova Esquerra de l'Eixample,47,2135,..,2,7
2010,2,Eixample,9,la Nova Esquerra de l'Eixample,47,2135,..,2,8
2010,2,Eixample,9,la Nova Esquerra de l'Eixample,47,2135,..,2,9
2010,2,Eixample,9,la Nova Esquerra de l'Eixample,47,2135,..,2,10
2010,2,Eixample,9,la Nova Esquerra de l'Eixample,47,2135,..,2,14
2010,2,Eixample,9,la Nova Esquerra de l'Eixample,47,2136,..,1,0
2010,2,Eixample,9,la Nova Esquerra de l'Eixample,47,2136,6,1,4
2010,2,Eixample,9,la Nova Esquerra de l'Eixample,47,2136,..,1,5
2010,2,Eixample,9,la Nova Esquerra de l'Eixample,47,2136,..,1,6
2010,2,Eixample,9,la Nova Esquerra de l'Eixample,47,2136,..,1,7
2010,2,Eixample,9,la Nova Esquerra de l'Eixample,47,2136,..,1,8
2010,2,Eixample,9,la Nova Esquerra de l'Eixample,47,2136,..,1,9
2010,2,Eixample,9,la Nova Esquerra de l'Eixample,47,2136,..,1,10
2010,2,Eixample,9,la Nova Esquerra de l'Eixample,47,2136,..,2,3
2010,2,Eixample,9,la Nova Esquerra de l'Eixample,47,2136,..,2,4
2010,2,Eixample,9,la Nova Esquerra de l'Eixample,47,2136,13,2,5
2010,2,Eixample,9,la Nova Esquerra de l'Eixample,47,2136,6,2,6
2010,2,Eixample,9,la Nova Esquerra de l'Eixample,47,2136,..,2,7
2010,2,Eixample,9,la Nova Esquerra de l'Eixample,47,2136,..,2,8
2010,2,Eixample,9,la Nova Esquerra de l'Eixample,47,2136,..,2,9
2010,2,Eixample,9,la Nova Esquerra de l'Eixample,48,2137,6,1,0
2010,2,Eixample,9,la Nova Esquerra de l'Eixample,48,2137,..,1,1
2010,2,Eixample,9,la Nova Esquerra de l'Eixample,48,2137,13,1,4
2010,2,Eixample,9,la Nova Esquerra de l'Eixample,48,2137,8,1,5
2010,2,Eixample,9,la Nova Esquerra de l'Eixample,48,2137,13,1,6
2010,2,Eixample,9,la Nova Esquerra de l'Eixample,48,2137,..,1,7
2010,2,Eixample,9,la Nova Esquerra de l'Eixample,48,2137,..,1,8
2010,2,Eixample,9,la Nova Esquerra de l'Eixample,48,2137,..,1,9
2010,2,Eixample,9,la Nova Esquerra de l'Eixample,48,2137,..,1,10
2010,2,Eixample,9,la Nova Esquerra de l'Eixample,48,2137,..,1,11
2010,2,Eixample,9,la Nova Esquerra de l'Eixample,48,2137,..,1,14
2010,2,Eixample,9,la Nova Esquerra de l'Eixample,48,2137,..,1,15
2010,2,Eixample,9,la Nova Esquerra de l'Eixample,48,2137,..,1,16
2010,2,Eixample,9,la Nova Esquerra de l'Eixample,48,2137,..,2,0
2010,2,Eixample,9,la Nova Esquerra de l'Eixample,48,2137,..,2,1
2010,2,Eixample,9,la Nova Esquerra de l'Eixample,48,2137,..,2,3
2010,2,Eixample,9,la Nova Esquerra de l'Eixample,48,2137,9,2,4
2010,2,Eixample,9,la Nova Esquerra de l'Eixample,48,2137,10,2,5
2010,2,Eixample,9,la Nova Esquerra de l'Eixample,48,2137,6,2,6
2010,2,Eixample,9,la Nova Esquerra de l'Eixample,48,2137,6,2,7
2010,2,Eixample,9,la Nova Esquerra de l'Eixample,48,2137,..,2,8
2010,2,Eixample,9,la Nova Esquerra de l'Eixample,48,2137,..,2,9
2010,2,Eixample,9,la Nova Esquerra de l'Eixample,48,2137,..,2,12
2010,2,Eixample,9,la Nova Esquerra de l'Eixample,48,2137,..,2,13
2010,2,Eixample,9,la Nova Esquerra de l'Eixample,48,2137,..,2,15
2010,2,Eixample,9,la Nova Esquerra de l'Eixample,48,2138,..,1,0
2010,2,Eixample,9,la Nova Esquerra de l'Eixample,48,2138,..,1,3
2010,2,Eixample,9,la Nova Esquerra de l'Eixample,48,2138,11,1,4
2010,2,Eixample,9,la Nova Esquerra de l'Eixample,48,2138,9,1,5
2010,2,Eixample,9,la Nova Esquerra de l'Eixample,48,2138,6,1,6
2010,2,Eixample,9,la Nova Esquerra de l'Eixample,48,2138,..,1,7
2010,2,Eixample,9,la Nova Esquerra de l'Eixample,48,2138,..,1,8
2010,2,Eixample,9,la Nova Esquerra de l'Eixample,48,2138,..,1,9
2010,2,Eixample,9,la Nova Esquerra de l'Eixample,48,2138,..,1,10
2010,2,Eixample,9,la Nova Esquerra de l'Eixample,48,2138,..,1,11
2010,2,Eixample,9,la Nova Esquerra de l'Eixample,48,2138,..,1,12
2010,2,Eixample,9,la Nova Esquerra de l'Eixample,48,2138,..,1,13
2010,2,Eixample,9,la Nova Esquerra de l'Eixample,48,2138,..,1,14
2010,2,Eixample,9,la Nova Esquerra de l'Eixample,48,2138,..,1,16
2010,2,Eixample,9,la Nova Esquerra de l'Eixample,48,2138,7,2,4
2010,2,Eixample,9,la Nova Esquerra de l'Eixample,48,2138,8,2,5
2010,2,Eixample,9,la Nova Esquerra de l'Eixample,48,2138,11,2,6
2010,2,Eixample,9,la Nova Esquerra de l'Eixample,48,2138,..,2,7
2010,2,Eixample,9,la Nova Esquerra de l'Eixample,48,2138,..,2,8
2010,2,Eixample,9,la Nova Esquerra de l'Eixample,48,2138,..,2,9
2010,2,Eixample,9,la Nova Esquerra de l'Eixample,48,2138,..,2,10
2010,2,Eixample,9,la Nova Esquerra de l'Eixample,48,2138,..,2,11
2010,2,Eixample,9,la Nova Esquerra de l'Eixample,48,2139,..,1,0
2010,2,Eixample,9,la Nova Esquerra de l'Eixample,48,2139,..,1,1
2010,2,Eixample,9,la Nova Esquerra de l'Eixample,48,2139,..,1,2
2010,2,Eixample,9,la Nova Esquerra de l'Eixample,48,2139,..,1,3
2010,2,Eixample,9,la Nova Esquerra de l'Eixample,48,2139,11,1,4
2010,2,Eixample,9,la Nova Esquerra de l'Eixample,48,2139,15,1,5
2010,2,Eixample,9,la Nova Esquerra de l'Eixample,48,2139,17,1,6
2010,2,Eixample,9,la Nova Esquerra de l'Eixample,48,2139,5,1,7
2010,2,Eixample,9,la Nova Esquerra de l'Eixample,48,2139,..,1,8
2010,2,Eixample,9,la Nova Esquerra de l'Eixample,48,2139,..,1,9
2010,2,Eixample,9,la Nova Esquerra de l'Eixample,48,2139,..,1,10
2010,2,Eixample,9,la Nova Esquerra de l'Eixample,48,2139,..,1,11
2010,2,Eixample,9,la Nova Esquerra de l'Eixample,48,2139,..,1,12
2010,2,Eixample,9,la Nova Esquerra de l'Eixample,48,2139,..,1,14
2010,2,Eixample,9,la Nova Esquerra de l'Eixample,48,2139,..,1,16
2010,2,Eixample,9,la Nova Esquerra de l'Eixample,48,2139,..,2,0
2010,2,Eixample,9,la Nova Esquerra de l'Eixample,48,2139,..,2,2
2010,2,Eixample,9,la Nova Esquerra de l'Eixample,48,2139,5,2,3
2010,2,Eixample,9,la Nova Esquerra de l'Eixample,48,2139,8,2,4
2010,2,Eixample,9,la Nova Esquerra de l'Eixample,48,2139,13,2,5
2010,2,Eixample,9,la Nova Esquerra de l'Eixample,48,2139,9,2,6
2010,2,Eixample,9,la Nova Esquerra de l'Eixample,48,2139,5,2,7
2010,2,Eixample,9,la Nova Esquerra de l'Eixample,48,2139,..,2,8
2010,2,Eixample,9,la Nova Esquerra de l'Eixample,48,2139,..,2,9
2010,2,Eixample,9,la Nova Esquerra de l'Eixample,48,2139,..,2,10
2010,2,Eixample,9,la Nova Esquerra de l'Eixample,48,2139,..,2,11
2010,2,Eixample,9,la Nova Esquerra de l'Eixample,48,2139,..,2,13
2010,2,Eixample,9,la Nova Esquerra de l'Eixample,48,2139,..,2,14
2010,2,Eixample,9,la Nova Esquerra de l'Eixample,48,2140,..,1,0
2010,2,Eixample,9,la Nova Esquerra de l'Eixample,48,2140,..,1,2
2010,2,Eixample,9,la Nova Esquerra de l'Eixample,48,2140,..,1,3
2010,2,Eixample,9,la Nova Esquerra de l'Eixample,48,2140,15,1,4
2010,2,Eixample,9,la Nova Esquerra de l'Eixample,48,2140,18,1,5
2010,2,Eixample,9,la Nova Esquerra de l'Eixample,48,2140,14,1,6
2010,2,Eixample,9,la Nova Esquerra de l'Eixample,48,2140,5,1,7
2010,2,Eixample,9,la Nova Esquerra de l'Eixample,48,2140,5,1,8
2010,2,Eixample,9,la Nova Esquerra de l'Eixample,48,2140,..,1,10
2010,2,Eixample,9,la Nova Esquerra de l'Eixample,48,2140,..,1,11
2010,2,Eixample,9,la Nova Esquerra de l'Eixample,48,2140,..,1,13
2010,2,Eixample,9,la Nova Esquerra de l'Eixample,48,2140,..,1,14
2010,2,Eixample,9,la Nova Esquerra de l'Eixample,48,2140,..,1,17
2010,2,Eixample,9,la Nova Esquerra de l'Eixample,48,2140,..,2,0
2010,2,Eixample,9,la Nova Esquerra de l'Eixample,48,2140,..,2,2
2010,2,Eixample,9,la Nova Esquerra de l'Eixample,48,2140,..,2,3
2010,2,Eixample,9,la Nova Esquerra de l'Eixample,48,2140,..,2,4
2010,2,Eixample,9,la Nova Esquerra de l'Eixample,48,2140,8,2,5
2010,2,Eixample,9,la Nova Esquerra de l'Eixample,48,2140,10,2,6
2010,2,Eixample,9,la Nova Esquerra de l'Eixample,48,2140,6,2,7
2010,2,Eixample,9,la Nova Esquerra de l'Eixample,48,2140,..,2,8
2010,2,Eixample,9,la Nova Esquerra de l'Eixample,48,2140,..,2,9
2010,2,Eixample,9,la Nova Esquerra de l'Eixample,48,2141,6,1,0
2010,2,Eixample,9,la Nova Esquerra de l'Eixample,48,2141,..,1,1
2010,2,Eixample,9,la Nova Esquerra de l'Eixample,48,2141,..,1,2
2010,2,Eixample,9,la Nova Esquerra de l'Eixample,48,2141,..,1,3
2010,2,Eixample,9,la Nova Esquerra de l'Eixample,48,2141,8,1,4
2010,2,Eixample,9,la Nova Esquerra de l'Eixample,48,2141,12,1,5
2010,2,Eixample,9,la Nova Esquerra de l'Eixample,48,2141,14,1,6
2010,2,Eixample,9,la Nova Esquerra de l'Eixample,48,2141,..,1,7
2010,2,Eixample,9,la Nova Esquerra de l'Eixample,48,2141,7,1,8
2010,2,Eixample,9,la Nova Esquerra de l'Eixample,48,2141,..,1,10
2010,2,Eixample,9,la Nova Esquerra de l'Eixample,48,2141,..,1,11
2010,2,Eixample,9,la Nova Esquerra de l'Eixample,48,2141,..,1,13
2010,2,Eixample,9,la Nova Esquerra de l'Eixample,48,2141,..,1,14
2010,2,Eixample,9,la Nova Esquerra de l'Eixample,48,2141,..,1,15
2010,2,Eixample,9,la Nova Esquerra de l'Eixample,48,2141,..,1,17
2010,2,Eixample,9,la Nova Esquerra de l'Eixample,48,2141,..,2,0
2010,2,Eixample,9,la Nova Esquerra de l'Eixample,48,2141,..,2,2
2010,2,Eixample,9,la Nova Esquerra de l'Eixample,48,2141,..,2,3
2010,2,Eixample,9,la Nova Esquerra de l'Eixample,48,2141,9,2,4
2010,2,Eixample,9,la Nova Esquerra de l'Eixample,48,2141,11,2,5
2010,2,Eixample,9,la Nova Esquerra de l'Eixample,48,2141,13,2,6
2010,2,Eixample,9,la Nova Esquerra de l'Eixample,48,2141,..,2,7
2010,2,Eixample,9,la Nova Esquerra de l'Eixample,48,2141,..,2,8
2010,2,Eixample,9,la Nova Esquerra de l'Eixample,48,2141,..,2,9
2010,2,Eixample,9,la Nova Esquerra de l'Eixample,48,2141,..,2,10
2010,2,Eixample,9,la Nova Esquerra de l'Eixample,48,2141,..,2,11
2010,2,Eixample,9,la Nova Esquerra de l'Eixample,48,2141,..,2,14
2010,2,Eixample,9,la Nova Esquerra de l'Eixample,49,2142,6,1,0
2010,2,Eixample,9,la Nova Esquerra de l'Eixample,49,2142,..,1,1
2010,2,Eixample,9,la Nova Esquerra de l'Eixample,49,2142,..,1,2
2010,2,Eixample,9,la Nova Esquerra de l'Eixample,49,2142,..,1,3
2010,2,Eixample,9,la Nova Esquerra de l'Eixample,49,2142,12,1,4
2010,2,Eixample,9,la Nova Esquerra de l'Eixample,49,2142,18,1,5
2010,2,Eixample,9,la Nova Esquerra de l'Eixample,49,2142,9,1,6
2010,2,Eixample,9,la Nova Esquerra de l'Eixample,49,2142,5,1,7
2010,2,Eixample,9,la Nova Esquerra de l'Eixample,49,2142,..,1,8
2010,2,Eixample,9,la Nova Esquerra de l'Eixample,49,2142,8,1,9
2010,2,Eixample,9,la Nova Esquerra de l'Eixample,49,2142,..,1,10
2010,2,Eixample,9,la Nova Esquerra de l'Eixample,49,2142,..,1,11
2010,2,Eixample,9,la Nova Esquerra de l'Eixample,49,2142,..,1,12
2010,2,Eixample,9,la Nova Esquerra de l'Eixample,49,2142,..,1,14
2010,2,Eixample,9,la Nova Esquerra de l'Eixample,49,2142,..,1,15
2010,2,Eixample,9,la Nova Esquerra de l'Eixample,49,2142,..,1,17
2010,2,Eixample,9,la Nova Esquerra de l'Eixample,49,2142,..,2,0
2010,2,Eixample,9,la Nova Esquerra de l'Eixample,49,2142,..,2,1
2010,2,Eixample,9,la Nova Esquerra de l'Eixample,49,2142,..,2,2
2010,2,Eixample,9,la Nova Esquerra de l'Eixample,49,2142,..,2,3
2010,2,Eixample,9,la Nova Esquerra de l'Eixample,49,2142,11,2,4
2010,2,Eixample,9,la Nova Esquerra de l'Eixample,49,2142,17,2,5
2010,2,Eixample,9,la Nova Esquerra de l'Eixample,49,2142,9,2,6
2010,2,Eixample,9,la Nova Esquerra de l'Eixample,49,2142,6,2,7
2010,2,Eixample,9,la Nova Esquerra de l'Eixample,49,2142,8,2,8
2010,2,Eixample,9,la Nova Esquerra de l'Eixample,49,2142,..,2,9
2010,2,Eixample,9,la Nova Esquerra de l'Eixample,49,2142,..,2,10
2010,2,Eixample,9,la Nova Esquerra de l'Eixample,49,2142,..,2,13
2010,2,Eixample,9,la Nova Esquerra de l'Eixample,49,2143,..,1,1
2010,2,Eixample,9,la Nova Esquerra de l'Eixample,49,2143,..,1,2
2010,2,Eixample,9,la Nova Esquerra de l'Eixample,49,2143,..,1,3
2010,2,Eixample,9,la Nova Esquerra de l'Eixample,49,2143,6,1,4
2010,2,Eixample,9,la Nova Esquerra de l'Eixample,49,2143,6,1,5
2010,2,Eixample,9,la Nova Esquerra de l'Eixample,49,2143,..,1,6
2010,2,Eixample,9,la Nova Esquerra de l'Eixample,49,2143,..,1,7
2010,2,Eixample,9,la Nova Esquerra de l'Eixample,49,2143,..,1,8
2010,2,Eixample,9,la Nova Esquerra de l'Eixample,49,2143,..,1,9
2010,2,Eixample,9,la Nova Esquerra de l'Eixample,49,2143,..,1,10
2010,2,Eixample,9,la Nova Esquerra de l'Eixample,49,2143,..,1,12
2010,2,Eixample,9,la Nova Esquerra de l'Eixample,49,2143,..,1,13
2010,2,Eixample,9,la Nova Esquerra de l'Eixample,49,2143,..,1,15
2010,2,Eixample,9,la Nova Esquerra de l'Eixample,49,2143,..,1,16
2010,2,Eixample,9,la Nova Esquerra de l'Eixample,49,2143,..,2,3
2010,2,Eixample,9,la Nova Esquerra de l'Eixample,49,2143,..,2,4
2010,2,Eixample,9,la Nova Esquerra de l'Eixample,49,2143,9,2,5
2010,2,Eixample,9,la Nova Esquerra de l'Eixample,49,2143,6,2,6
2010,2,Eixample,9,la Nova Esquerra de l'Eixample,49,2143,..,2,7
2010,2,Eixample,9,la Nova Esquerra de l'Eixample,49,2143,6,2,8
2010,2,Eixample,9,la Nova Esquerra de l'Eixample,49,2143,6,2,9
2010,2,Eixample,9,la Nova Esquerra de l'Eixample,49,2143,..,2,11
2010,2,Eixample,9,la Nova Esquerra de l'Eixample,49,2143,..,2,12
2010,2,Eixample,9,la Nova Esquerra de l'Eixample,49,2143,..,2,16
2010,2,Eixample,9,la Nova Esquerra de l'Eixample,49,2144,..,1,0
2010,2,Eixample,9,la Nova Esquerra de l'Eixample,49,2144,..,1,1
2010,2,Eixample,9,la Nova Esquerra de l'Eixample,49,2144,..,1,2
2010,2,Eixample,9,la Nova Esquerra de l'Eixample,49,2144,..,1,3
2010,2,Eixample,9,la Nova Esquerra de l'Eixample,49,2144,16,1,4
2010,2,Eixample,9,la Nova Esquerra de l'Eixample,49,2144,19,1,5
2010,2,Eixample,9,la Nova Esquerra de l'Eixample,49,2144,9,1,6
2010,2,Eixample,9,la Nova Esquerra de l'Eixample,49,2144,..,1,7
2010,2,Eixample,9,la Nova Esquerra de l'Eixample,49,2144,6,1,8
2010,2,Eixample,9,la Nova Esquerra de l'Eixample,49,2144,..,1,9
2010,2,Eixample,9,la Nova Esquerra de l'Eixample,49,2144,..,1,11
2010,2,Eixample,9,la Nova Esquerra de l'Eixample,49,2144,..,1,14
2010,2,Eixample,9,la Nova Esquerra de l'Eixample,49,2144,..,1,15
2010,2,Eixample,9,la Nova Esquerra de l'Eixample,49,2144,..,2,0
2010,2,Eixample,9,la Nova Esquerra de l'Eixample,49,2144,..,2,3
2010,2,Eixample,9,la Nova Esquerra de l'Eixample,49,2144,5,2,4
2010,2,Eixample,9,la Nova Esquerra de l'Eixample,49,2144,16,2,5
2010,2,Eixample,9,la Nova Esquerra de l'Eixample,49,2144,8,2,6
2010,2,Eixample,9,la Nova Esquerra de l'Eixample,49,2144,5,2,7
2010,2,Eixample,9,la Nova Esquerra de l'Eixample,49,2144,..,2,8
2010,2,Eixample,9,la Nova Esquerra de l'Eixample,49,2144,5,2,9
2010,2,Eixample,9,la Nova Esquerra de l'Eixample,49,2144,..,2,10
2010,2,Eixample,9,la Nova Esquerra de l'Eixample,49,2144,..,2,11
2010,2,Eixample,9,la Nova Esquerra de l'Eixample,49,2144,..,2,13
2010,2,Eixample,9,la Nova Esquerra de l'Eixample,49,2144,..,2,16
2010,2,Eixample,9,la Nova Esquerra de l'Eixample,49,2145,..,1,1
2010,2,Eixample,9,la Nova Esquerra de l'Eixample,49,2145,..,1,2
2010,2,Eixample,9,la Nova Esquerra de l'Eixample,49,2145,..,1,4
2010,2,Eixample,9,la Nova Esquerra de l'Eixample,49,2145,13,1,5
2010,2,Eixample,9,la Nova Esquerra de l'Eixample,49,2145,..,1,6
2010,2,Eixample,9,la Nova Esquerra de l'Eixample,49,2145,..,1,7
2010,2,Eixample,9,la Nova Esquerra de l'Eixample,49,2145,..,1,8
2010,2,Eixample,9,la Nova Esquerra de l'Eixample,49,2145,..,1,9
2010,2,Eixample,9,la Nova Esquerra de l'Eixample,49,2145,..,1,12
2010,2,Eixample,9,la Nova Esquerra de l'Eixample,49,2145,..,1,17
2010,2,Eixample,9,la Nova Esquerra de l'Eixample,49,2145,..,2,1
2010,2,Eixample,9,la Nova Esquerra de l'Eixample,49,2145,..,2,2
2010,2,Eixample,9,la Nova Esquerra de l'Eixample,49,2145,..,2,3
2010,2,Eixample,9,la Nova Esquerra de l'Eixample,49,2145,..,2,4
2010,2,Eixample,9,la Nova Esquerra de l'Eixample,49,2145,8,2,5
2010,2,Eixample,9,la Nova Esquerra de l'Eixample,49,2145,6,2,6
2010,2,Eixample,9,la Nova Esquerra de l'Eixample,49,2145,5,2,7
2010,2,Eixample,9,la Nova Esquerra de l'Eixample,49,2145,..,2,8
2010,2,Eixample,9,la Nova Esquerra de l'Eixample,49,2145,..,2,9
2010,2,Eixample,9,la Nova Esquerra de l'Eixample,49,2145,..,2,13
2010,2,Eixample,9,la Nova Esquerra de l'Eixample,50,2146,..,1,0
2010,2,Eixample,9,la Nova Esquerra de l'Eixample,50,2146,..,1,3
2010,2,Eixample,9,la Nova Esquerra de l'Eixample,50,2146,5,1,4
2010,2,Eixample,9,la Nova Esquerra de l'Eixample,50,2146,8,1,5
2010,2,Eixample,9,la Nova Esquerra de l'Eixample,50,2146,5,1,6
2010,2,Eixample,9,la Nova Esquerra de l'Eixample,50,2146,5,1,7
2010,2,Eixample,9,la Nova Esquerra de l'Eixample,50,2146,..,1,8
2010,2,Eixample,9,la Nova Esquerra de l'Eixample,50,2146,..,1,9
2010,2,Eixample,9,la Nova Esquerra de l'Eixample,50,2146,..,1,10
2010,2,Eixample,9,la Nova Esquerra de l'Eixample,50,2146,..,1,11
2010,2,Eixample,9,la Nova Esquerra de l'Eixample,50,2146,..,1,14
2010,2,Eixample,9,la Nova Esquerra de l'Eixample,50,2146,..,2,0
2010,2,Eixample,9,la Nova Esquerra de l'Eixample,50,2146,..,2,1
2010,2,Eixample,9,la Nova Esquerra de l'Eixample,50,2146,..,2,2
2010,2,Eixample,9,la Nova Esquerra de l'Eixample,50,2146,..,2,3
2010,2,Eixample,9,la Nova Esquerra de l'Eixample,50,2146,..,2,4
2010,2,Eixample,9,la Nova Esquerra de l'Eixample,50,2146,8,2,5
2010,2,Eixample,9,la Nova Esquerra de l'Eixample,50,2146,7,2,6
2010,2,Eixample,9,la Nova Esquerra de l'Eixample,50,2146,..,2,7
2010,2,Eixample,9,la Nova Esquerra de l'Eixample,50,2146,..,2,8
2010,2,Eixample,9,la Nova Esquerra de l'Eixample,50,2146,..,2,9
2010,2,Eixample,9,la Nova Esquerra de l'Eixample,50,2146,..,2,10
2010,2,Eixample,9,la Nova Esquerra de l'Eixample,50,2146,..,2,11
2010,2,Eixample,9,la Nova Esquerra de l'Eixample,50,2147,..,1,0
2010,2,Eixample,9,la Nova Esquerra de l'Eixample,50,2147,..,1,2
2010,2,Eixample,9,la Nova Esquerra de l'Eixample,50,2147,..,1,3
2010,2,Eixample,9,la Nova Esquerra de l'Eixample,50,2147,15,1,4
2010,2,Eixample,9,la Nova Esquerra de l'Eixample,50,2147,15,1,5
2010,2,Eixample,9,la Nova Esquerra de l'Eixample,50,2147,13,1,6
2010,2,Eixample,9,la Nova Esquerra de l'Eixample,50,2147,8,1,7
2010,2,Eixample,9,la Nova Esquerra de l'Eixample,50,2147,5,1,8
2010,2,Eixample,9,la Nova Esquerra de l'Eixample,50,2147,8,1,9
2010,2,Eixample,9,la Nova Esquerra de l'Eixample,50,2147,..,1,10
2010,2,Eixample,9,la Nova Esquerra de l'Eixample,50,2147,..,1,11
2010,2,Eixample,9,la Nova Esquerra de l'Eixample,50,2147,..,1,15
2010,2,Eixample,9,la Nova Esquerra de l'Eixample,50,2147,7,2,0
2010,2,Eixample,9,la Nova Esquerra de l'Eixample,50,2147,..,2,1
2010,2,Eixample,9,la Nova Esquerra de l'Eixample,50,2147,..,2,2
2010,2,Eixample,9,la Nova Esquerra de l'Eixample,50,2147,..,2,3
2010,2,Eixample,9,la Nova Esquerra de l'Eixample,50,2147,12,2,4
2010,2,Eixample,9,la Nova Esquerra de l'Eixample,50,2147,9,2,5
2010,2,Eixample,9,la Nova Esquerra de l'Eixample,50,2147,9,2,6
2010,2,Eixample,9,la Nova Esquerra de l'Eixample,50,2147,13,2,7
2010,2,Eixample,9,la Nova Esquerra de l'Eixample,50,2147,5,2,8
2010,2,Eixample,9,la Nova Esquerra de l'Eixample,50,2147,..,2,9
2010,2,Eixample,9,la Nova Esquerra de l'Eixample,50,2147,..,2,10
2010,2,Eixample,9,la Nova Esquerra de l'Eixample,50,2147,..,2,12
2010,2,Eixample,9,la Nova Esquerra de l'Eixample,50,2147,..,2,13
2010,2,Eixample,9,la Nova Esquerra de l'Eixample,50,2148,..,1,0
2010,2,Eixample,9,la Nova Esquerra de l'Eixample,50,2148,..,1,1
2010,2,Eixample,9,la Nova Esquerra de l'Eixample,50,2148,..,1,2
2010,2,Eixample,9,la Nova Esquerra de l'Eixample,50,2148,5,1,4
2010,2,Eixample,9,la Nova Esquerra de l'Eixample,50,2148,18,1,5
2010,2,Eixample,9,la Nova Esquerra de l'Eixample,50,2148,7,1,6
2010,2,Eixample,9,la Nova Esquerra de l'Eixample,50,2148,7,1,7
2010,2,Eixample,9,la Nova Esquerra de l'Eixample,50,2148,..,1,8
2010,2,Eixample,9,la Nova Esquerra de l'Eixample,50,2148,..,1,9
2010,2,Eixample,9,la Nova Esquerra de l'Eixample,50,2148,..,1,10
2010,2,Eixample,9,la Nova Esquerra de l'Eixample,50,2148,..,1,12
2010,2,Eixample,9,la Nova Esquerra de l'Eixample,50,2148,..,1,16
2010,2,Eixample,9,la Nova Esquerra de l'Eixample,50,2148,..,2,0
2010,2,Eixample,9,la Nova Esquerra de l'Eixample,50,2148,..,2,2
2010,2,Eixample,9,la Nova Esquerra de l'Eixample,50,2148,5,2,3
2010,2,Eixample,9,la Nova Esquerra de l'Eixample,50,2148,6,2,4
2010,2,Eixample,9,la Nova Esquerra de l'Eixample,50,2148,16,2,5
2010,2,Eixample,9,la Nova Esquerra de l'Eixample,50,2148,7,2,6
2010,2,Eixample,9,la Nova Esquerra de l'Eixample,50,2148,9,2,7
2010,2,Eixample,9,la Nova Esquerra de l'Eixample,50,2148,7,2,8
2010,2,Eixample,9,la Nova Esquerra de l'Eixample,50,2148,..,2,9
2010,2,Eixample,9,la Nova Esquerra de l'Eixample,50,2148,..,2,10
2010,2,Eixample,9,la Nova Esquerra de l'Eixample,50,2148,..,2,12
2010,2,Eixample,9,la Nova Esquerra de l'Eixample,50,2149,..,1,0
2010,2,Eixample,9,la Nova Esquerra de l'Eixample,50,2149,..,1,1
2010,2,Eixample,9,la Nova Esquerra de l'Eixample,50,2149,..,1,2
2010,2,Eixample,9,la Nova Esquerra de l'Eixample,50,2149,..,1,3
2010,2,Eixample,9,la Nova Esquerra de l'Eixample,50,2149,13,1,4
2010,2,Eixample,9,la Nova Esquerra de l'Eixample,50,2149,17,1,5
2010,2,Eixample,9,la Nova Esquerra de l'Eixample,50,2149,9,1,6
2010,2,Eixample,9,la Nova Esquerra de l'Eixample,50,2149,..,1,7
2010,2,Eixample,9,la Nova Esquerra de l'Eixample,50,2149,5,1,8
2010,2,Eixample,9,la Nova Esquerra de l'Eixample,50,2149,..,2,0
2010,2,Eixample,9,la Nova Esquerra de l'Eixample,50,2149,..,2,1
2010,2,Eixample,9,la Nova Esquerra de l'Eixample,50,2149,..,2,2
2010,2,Eixample,9,la Nova Esquerra de l'Eixample,50,2149,..,2,3
2010,2,Eixample,9,la Nova Esquerra de l'Eixample,50,2149,6,2,4
2010,2,Eixample,9,la Nova Esquerra de l'Eixample,50,2149,16,2,5
2010,2,Eixample,9,la Nova Esquerra de l'Eixample,50,2149,7,2,6
2010,2,Eixample,9,la Nova Esquerra de l'Eixample,50,2149,10,2,7
2010,2,Eixample,9,la Nova Esquerra de l'Eixample,50,2149,..,2,8
2010,2,Eixample,9,la Nova Esquerra de l'Eixample,50,2149,..,2,10
2010,2,Eixample,9,la Nova Esquerra de l'Eixample,50,2149,..,2,12
2010,2,Eixample,9,la Nova Esquerra de l'Eixample,50,2149,..,2,14
2010,2,Eixample,10,Sant Antoni,51,2150,..,1,0
2010,2,Eixample,10,Sant Antoni,51,2150,..,1,1
2010,2,Eixample,10,Sant Antoni,51,2150,..,1,2
2010,2,Eixample,10,Sant Antoni,51,2150,..,1,3
2010,2,Eixample,10,Sant Antoni,51,2150,7,1,4
2010,2,Eixample,10,Sant Antoni,51,2150,15,1,5
2010,2,Eixample,10,Sant Antoni,51,2150,6,1,6
2010,2,Eixample,10,Sant Antoni,51,2150,..,1,7
2010,2,Eixample,10,Sant Antoni,51,2150,..,1,8
2010,2,Eixample,10,Sant Antoni,51,2150,..,1,9
2010,2,Eixample,10,Sant Antoni,51,2150,..,1,10
2010,2,Eixample,10,Sant Antoni,51,2150,..,1,11
2010,2,Eixample,10,Sant Antoni,51,2150,..,1,12
2010,2,Eixample,10,Sant Antoni,51,2150,..,1,14
2010,2,Eixample,10,Sant Antoni,51,2150,..,2,2
2010,2,Eixample,10,Sant Antoni,51,2150,..,2,3
2010,2,Eixample,10,Sant Antoni,51,2150,6,2,4
2010,2,Eixample,10,Sant Antoni,51,2150,14,2,5
2010,2,Eixample,10,Sant Antoni,51,2150,11,2,6
2010,2,Eixample,10,Sant Antoni,51,2150,..,2,7
2010,2,Eixample,10,Sant Antoni,51,2150,..,2,8
2010,2,Eixample,10,Sant Antoni,51,2150,..,2,9
2010,2,Eixample,10,Sant Antoni,51,2150,..,2,10
2010,2,Eixample,10,Sant Antoni,51,2150,..,2,11
2010,2,Eixample,10,Sant Antoni,51,2150,..,2,12
2010,2,Eixample,10,Sant Antoni,51,2151,..,1,2
2010,2,Eixample,10,Sant Antoni,51,2151,5,1,4
2010,2,Eixample,10,Sant Antoni,51,2151,14,1,5
2010,2,Eixample,10,Sant Antoni,51,2151,..,1,6
2010,2,Eixample,10,Sant Antoni,51,2151,..,1,7
2010,2,Eixample,10,Sant Antoni,51,2151,..,1,8
2010,2,Eixample,10,Sant Antoni,51,2151,..,1,9
2010,2,Eixample,10,Sant Antoni,51,2151,..,1,10
2010,2,Eixample,10,Sant Antoni,51,2151,..,1,11
2010,2,Eixample,10,Sant Antoni,51,2151,..,1,12
2010,2,Eixample,10,Sant Antoni,51,2151,..,1,19
2010,2,Eixample,10,Sant Antoni,51,2151,..,2,0
2010,2,Eixample,10,Sant Antoni,51,2151,..,2,1
2010,2,Eixample,10,Sant Antoni,51,2151,..,2,2
2010,2,Eixample,10,Sant Antoni,51,2151,..,2,3
2010,2,Eixample,10,Sant Antoni,51,2151,..,2,4
2010,2,Eixample,10,Sant Antoni,51,2151,10,2,5
2010,2,Eixample,10,Sant Antoni,51,2151,9,2,6
2010,2,Eixample,10,Sant Antoni,51,2151,9,2,7
2010,2,Eixample,10,Sant Antoni,51,2151,..,2,8
2010,2,Eixample,10,Sant Antoni,51,2151,5,2,9
2010,2,Eixample,10,Sant Antoni,51,2151,..,2,10
2010,2,Eixample,10,Sant Antoni,51,2151,..,2,12
2010,2,Eixample,10,Sant Antoni,51,2151,..,2,17
2010,2,Eixample,10,Sant Antoni,51,2152,..,1,0
2010,2,Eixample,10,Sant Antoni,51,2152,7,1,4
2010,2,Eixample,10,Sant Antoni,51,2152,7,1,5
2010,2,Eixample,10,Sant Antoni,51,2152,..,1,6
2010,2,Eixample,10,Sant Antoni,51,2152,..,1,7
2010,2,Eixample,10,Sant Antoni,51,2152,..,1,8
2010,2,Eixample,10,Sant Antoni,51,2152,..,1,9
2010,2,Eixample,10,Sant Antoni,51,2152,..,1,11
2010,2,Eixample,10,Sant Antoni,51,2152,..,1,12
2010,2,Eixample,10,Sant Antoni,51,2152,..,1,15
2010,2,Eixample,10,Sant Antoni,51,2152,..,2,0
2010,2,Eixample,10,Sant Antoni,51,2152,6,2,4
2010,2,Eixample,10,Sant Antoni,51,2152,..,2,5
2010,2,Eixample,10,Sant Antoni,51,2152,..,2,6
2010,2,Eixample,10,Sant Antoni,51,2152,..,2,7
2010,2,Eixample,10,Sant Antoni,51,2152,..,2,8
2010,2,Eixample,10,Sant Antoni,51,2152,..,2,10
2010,2,Eixample,10,Sant Antoni,51,2152,..,2,13
2010,2,Eixample,10,Sant Antoni,51,2152,..,2,14
2010,2,Eixample,10,Sant Antoni,51,2153,..,1,3
2010,2,Eixample,10,Sant Antoni,51,2153,..,1,4
2010,2,Eixample,10,Sant Antoni,51,2153,8,1,5
2010,2,Eixample,10,Sant Antoni,51,2153,..,1,6
2010,2,Eixample,10,Sant Antoni,51,2153,7,1,7
2010,2,Eixample,10,Sant Antoni,51,2153,..,1,8
2010,2,Eixample,10,Sant Antoni,51,2153,..,1,11
2010,2,Eixample,10,Sant Antoni,51,2153,..,1,13
2010,2,Eixample,10,Sant Antoni,51,2153,..,1,15
2010,2,Eixample,10,Sant Antoni,51,2153,..,1,16
2010,2,Eixample,10,Sant Antoni,51,2153,..,2,0
2010,2,Eixample,10,Sant Antoni,51,2153,..,2,1
2010,2,Eixample,10,Sant Antoni,51,2153,..,2,3
2010,2,Eixample,10,Sant Antoni,51,2153,..,2,4
2010,2,Eixample,10,Sant Antoni,51,2153,7,2,5
2010,2,Eixample,10,Sant Antoni,51,2153,..,2,6
2010,2,Eixample,10,Sant Antoni,51,2153,..,2,7
2010,2,Eixample,10,Sant Antoni,51,2153,..,2,8
2010,2,Eixample,10,Sant Antoni,51,2153,..,2,10
2010,2,Eixample,10,Sant Antoni,51,2153,..,2,11
2010,2,Eixample,10,Sant Antoni,51,2154,6,1,3
2010,2,Eixample,10,Sant Antoni,51,2154,9,1,4
2010,2,Eixample,10,Sant Antoni,51,2154,7,1,5
2010,2,Eixample,10,Sant Antoni,51,2154,5,1,6
2010,2,Eixample,10,Sant Antoni,51,2154,..,1,7
2010,2,Eixample,10,Sant Antoni,51,2154,..,1,8
2010,2,Eixample,10,Sant Antoni,51,2154,..,1,9
2010,2,Eixample,10,Sant Antoni,51,2154,..,1,11
2010,2,Eixample,10,Sant Antoni,51,2154,..,1,12
2010,2,Eixample,10,Sant Antoni,51,2154,..,1,14
2010,2,Eixample,10,Sant Antoni,51,2154,..,1,15
2010,2,Eixample,10,Sant Antoni,51,2154,..,2,0
2010,2,Eixample,10,Sant Antoni,51,2154,..,2,2
2010,2,Eixample,10,Sant Antoni,51,2154,..,2,3
2010,2,Eixample,10,Sant Antoni,51,2154,9,2,4
2010,2,Eixample,10,Sant Antoni,51,2154,..,2,5
2010,2,Eixample,10,Sant Antoni,51,2154,5,2,6
2010,2,Eixample,10,Sant Antoni,51,2154,6,2,7
2010,2,Eixample,10,Sant Antoni,51,2154,..,2,8
2010,2,Eixample,10,Sant Antoni,51,2154,..,2,9
2010,2,Eixample,10,Sant Antoni,51,2154,..,2,10
2010,2,Eixample,10,Sant Antoni,51,2154,..,2,12
2010,2,Eixample,10,Sant Antoni,51,2155,..,1,0
2010,2,Eixample,10,Sant Antoni,51,2155,..,1,1
2010,2,Eixample,10,Sant Antoni,51,2155,..,1,3
2010,2,Eixample,10,Sant Antoni,51,2155,9,1,4
2010,2,Eixample,10,Sant Antoni,51,2155,16,1,5
2010,2,Eixample,10,Sant Antoni,51,2155,10,1,6
2010,2,Eixample,10,Sant Antoni,51,2155,..,1,8
2010,2,Eixample,10,Sant Antoni,51,2155,..,1,9
2010,2,Eixample,10,Sant Antoni,51,2155,..,1,10
2010,2,Eixample,10,Sant Antoni,51,2155,..,1,13
2010,2,Eixample,10,Sant Antoni,51,2155,..,2,0
2010,2,Eixample,10,Sant Antoni,51,2155,..,2,1
2010,2,Eixample,10,Sant Antoni,51,2155,..,2,3
2010,2,Eixample,10,Sant Antoni,51,2155,5,2,4
2010,2,Eixample,10,Sant Antoni,51,2155,..,2,5
2010,2,Eixample,10,Sant Antoni,51,2155,10,2,6
2010,2,Eixample,10,Sant Antoni,51,2155,..,2,7
2010,2,Eixample,10,Sant Antoni,51,2155,..,2,8
2010,2,Eixample,10,Sant Antoni,51,2155,..,2,9
2010,2,Eixample,10,Sant Antoni,51,2155,..,2,10
2010,2,Eixample,10,Sant Antoni,51,2155,..,2,11
2010,2,Eixample,10,Sant Antoni,51,2156,..,1,0
2010,2,Eixample,10,Sant Antoni,51,2156,..,1,3
2010,2,Eixample,10,Sant Antoni,51,2156,..,1,4
2010,2,Eixample,10,Sant Antoni,51,2156,11,1,5
2010,2,Eixample,10,Sant Antoni,51,2156,..,1,6
2010,2,Eixample,10,Sant Antoni,51,2156,..,1,8
2010,2,Eixample,10,Sant Antoni,51,2156,..,1,9
2010,2,Eixample,10,Sant Antoni,51,2156,..,1,11
2010,2,Eixample,10,Sant Antoni,51,2156,..,1,13
2010,2,Eixample,10,Sant Antoni,51,2156,..,1,14
2010,2,Eixample,10,Sant Antoni,51,2156,..,1,17
2010,2,Eixample,10,Sant Antoni,51,2156,..,2,0
2010,2,Eixample,10,Sant Antoni,51,2156,..,2,1
2010,2,Eixample,10,Sant Antoni,51,2156,..,2,2
2010,2,Eixample,10,Sant Antoni,51,2156,..,2,3
2010,2,Eixample,10,Sant Antoni,51,2156,..,2,4
2010,2,Eixample,10,Sant Antoni,51,2156,..,2,5
2010,2,Eixample,10,Sant Antoni,51,2156,7,2,6
2010,2,Eixample,10,Sant Antoni,51,2156,..,2,7
2010,2,Eixample,10,Sant Antoni,51,2156,..,2,9
2010,2,Eixample,10,Sant Antoni,51,2156,..,2,11
2010,2,Eixample,10,Sant Antoni,51,2156,..,2,12
2010,2,Eixample,10,Sant Antoni,51,2156,..,2,13
2010,2,Eixample,10,Sant Antoni,51,2156,..,2,14
2010,2,Eixample,10,Sant Antoni,51,2157,..,1,0
2010,2,Eixample,10,Sant Antoni,51,2157,..,1,1
2010,2,Eixample,10,Sant Antoni,51,2157,..,1,2
2010,2,Eixample,10,Sant Antoni,51,2157,..,1,3
2010,2,Eixample,10,Sant Antoni,51,2157,6,1,4
2010,2,Eixample,10,Sant Antoni,51,2157,..,1,5
2010,2,Eixample,10,Sant Antoni,51,2157,7,1,6
2010,2,Eixample,10,Sant Antoni,51,2157,..,1,7
2010,2,Eixample,10,Sant Antoni,51,2157,..,1,9
2010,2,Eixample,10,Sant Antoni,51,2157,..,1,12
2010,2,Eixample,10,Sant Antoni,51,2157,..,1,14
2010,2,Eixample,10,Sant Antoni,51,2157,..,2,0
2010,2,Eixample,10,Sant Antoni,51,2157,..,2,1
2010,2,Eixample,10,Sant Antoni,51,2157,..,2,2
2010,2,Eixample,10,Sant Antoni,51,2157,..,2,3
2010,2,Eixample,10,Sant Antoni,51,2157,5,2,4
2010,2,Eixample,10,Sant Antoni,51,2157,9,2,5
2010,2,Eixample,10,Sant Antoni,51,2157,..,2,6
2010,2,Eixample,10,Sant Antoni,51,2157,..,2,7
2010,2,Eixample,10,Sant Antoni,51,2157,9,2,8
2010,2,Eixample,10,Sant Antoni,51,2157,..,2,9
2010,2,Eixample,10,Sant Antoni,51,2157,..,2,10
2010,2,Eixample,10,Sant Antoni,51,2157,..,2,12
2010,2,Eixample,10,Sant Antoni,51,2157,..,2,13
2010,2,Eixample,10,Sant Antoni,51,2157,..,2,14
2010,2,Eixample,10,Sant Antoni,52,2158,..,1,1
2010,2,Eixample,10,Sant Antoni,52,2158,..,1,2
2010,2,Eixample,10,Sant Antoni,52,2158,..,1,3
2010,2,Eixample,10,Sant Antoni,52,2158,6,1,4
2010,2,Eixample,10,Sant Antoni,52,2158,14,1,5
2010,2,Eixample,10,Sant Antoni,52,2158,7,1,6
2010,2,Eixample,10,Sant Antoni,52,2158,6,1,7
2010,2,Eixample,10,Sant Antoni,52,2158,..,1,8
2010,2,Eixample,10,Sant Antoni,52,2158,..,1,9
2010,2,Eixample,10,Sant Antoni,52,2158,..,1,10
2010,2,Eixample,10,Sant Antoni,52,2158,..,2,0
2010,2,Eixample,10,Sant Antoni,52,2158,..,2,1
2010,2,Eixample,10,Sant Antoni,52,2158,..,2,2
2010,2,Eixample,10,Sant Antoni,52,2158,..,2,3
2010,2,Eixample,10,Sant Antoni,52,2158,7,2,4
2010,2,Eixample,10,Sant Antoni,52,2158,15,2,5
2010,2,Eixample,10,Sant Antoni,52,2158,..,2,6
2010,2,Eixample,10,Sant Antoni,52,2158,6,2,7
2010,2,Eixample,10,Sant Antoni,52,2158,..,2,8
2010,2,Eixample,10,Sant Antoni,52,2158,..,2,9
2010,2,Eixample,10,Sant Antoni,52,2158,..,2,10
2010,2,Eixample,10,Sant Antoni,52,2158,..,2,12
2010,2,Eixample,10,Sant Antoni,52,2159,..,1,0
2010,2,Eixample,10,Sant Antoni,52,2159,..,1,2
2010,2,Eixample,10,Sant Antoni,52,2159,..,1,3
2010,2,Eixample,10,Sant Antoni,52,2159,10,1,4
2010,2,Eixample,10,Sant Antoni,52,2159,9,1,5
2010,2,Eixample,10,Sant Antoni,52,2159,7,1,6
2010,2,Eixample,10,Sant Antoni,52,2159,5,1,7
2010,2,Eixample,10,Sant Antoni,52,2159,..,1,8
2010,2,Eixample,10,Sant Antoni,52,2159,..,1,9
2010,2,Eixample,10,Sant Antoni,52,2159,..,1,11
2010,2,Eixample,10,Sant Antoni,52,2159,..,1,12
2010,2,Eixample,10,Sant Antoni,52,2159,..,1,14
2010,2,Eixample,10,Sant Antoni,52,2159,..,1,15
2010,2,Eixample,10,Sant Antoni,52,2159,..,2,0
2010,2,Eixample,10,Sant Antoni,52,2159,..,2,3
2010,2,Eixample,10,Sant Antoni,52,2159,5,2,4
2010,2,Eixample,10,Sant Antoni,52,2159,13,2,5
2010,2,Eixample,10,Sant Antoni,52,2159,7,2,6
2010,2,Eixample,10,Sant Antoni,52,2159,..,2,7
2010,2,Eixample,10,Sant Antoni,52,2159,6,2,8
2010,2,Eixample,10,Sant Antoni,52,2159,..,2,9
2010,2,Eixample,10,Sant Antoni,52,2159,..,2,11
2010,2,Eixample,10,Sant Antoni,52,2159,..,2,12
2010,2,Eixample,10,Sant Antoni,52,2160,..,1,0
2010,2,Eixample,10,Sant Antoni,52,2160,..,1,1
2010,2,Eixample,10,Sant Antoni,52,2160,..,1,2
2010,2,Eixample,10,Sant Antoni,52,2160,6,1,3
2010,2,Eixample,10,Sant Antoni,52,2160,6,1,4
2010,2,Eixample,10,Sant Antoni,52,2160,13,1,5
2010,2,Eixample,10,Sant Antoni,52,2160,5,1,6
2010,2,Eixample,10,Sant Antoni,52,2160,..,1,7
2010,2,Eixample,10,Sant Antoni,52,2160,..,1,8
2010,2,Eixample,10,Sant Antoni,52,2160,..,1,9
2010,2,Eixample,10,Sant Antoni,52,2160,..,1,10
2010,2,Eixample,10,Sant Antoni,52,2160,..,1,11
2010,2,Eixample,10,Sant Antoni,52,2160,..,2,0
2010,2,Eixample,10,Sant Antoni,52,2160,..,2,1
2010,2,Eixample,10,Sant Antoni,52,2160,..,2,2
2010,2,Eixample,10,Sant Antoni,52,2160,9,2,4
2010,2,Eixample,10,Sant Antoni,52,2160,15,2,5
2010,2,Eixample,10,Sant Antoni,52,2160,15,2,6
2010,2,Eixample,10,Sant Antoni,52,2160,5,2,7
2010,2,Eixample,10,Sant Antoni,52,2160,5,2,8
2010,2,Eixample,10,Sant Antoni,52,2160,..,2,9
2010,2,Eixample,10,Sant Antoni,52,2160,..,2,10
2010,2,Eixample,10,Sant Antoni,52,2160,..,2,12
2010,2,Eixample,10,Sant Antoni,52,2161,..,1,0
2010,2,Eixample,10,Sant Antoni,52,2161,..,1,4
2010,2,Eixample,10,Sant Antoni,52,2161,12,1,5
2010,2,Eixample,10,Sant Antoni,52,2161,6,1,6
2010,2,Eixample,10,Sant Antoni,52,2161,..,1,7
2010,2,Eixample,10,Sant Antoni,52,2161,..,1,8
2010,2,Eixample,10,Sant Antoni,52,2161,..,1,9
2010,2,Eixample,10,Sant Antoni,52,2161,..,1,10
2010,2,Eixample,10,Sant Antoni,52,2161,..,1,11
2010,2,Eixample,10,Sant Antoni,52,2161,..,1,12
2010,2,Eixample,10,Sant Antoni,52,2161,..,1,14
2010,2,Eixample,10,Sant Antoni,52,2161,..,2,1
2010,2,Eixample,10,Sant Antoni,52,2161,7,2,4
2010,2,Eixample,10,Sant Antoni,52,2161,11,2,5
2010,2,Eixample,10,Sant Antoni,52,2161,9,2,6
2010,2,Eixample,10,Sant Antoni,52,2161,..,2,8
2010,2,Eixample,10,Sant Antoni,52,2161,..,2,9
2010,2,Eixample,10,Sant Antoni,52,2161,..,2,10
2010,2,Eixample,10,Sant Antoni,52,2161,..,2,12
2010,2,Eixample,10,Sant Antoni,52,2161,..,2,17
2010,2,Eixample,10,Sant Antoni,52,2162,..,1,0
2010,2,Eixample,10,Sant Antoni,52,2162,..,1,1
2010,2,Eixample,10,Sant Antoni,52,2162,..,1,2
2010,2,Eixample,10,Sant Antoni,52,2162,7,1,4
2010,2,Eixample,10,Sant Antoni,52,2162,11,1,5
2010,2,Eixample,10,Sant Antoni,52,2162,5,1,6
2010,2,Eixample,10,Sant Antoni,52,2162,6,1,7
2010,2,Eixample,10,Sant Antoni,52,2162,..,1,8
2010,2,Eixample,10,Sant Antoni,52,2162,..,1,9
2010,2,Eixample,10,Sant Antoni,52,2162,..,1,10
2010,2,Eixample,10,Sant Antoni,52,2162,..,1,15
2010,2,Eixample,10,Sant Antoni,52,2162,..,2,0
2010,2,Eixample,10,Sant Antoni,52,2162,..,2,1
2010,2,Eixample,10,Sant Antoni,52,2162,..,2,3
2010,2,Eixample,10,Sant Antoni,52,2162,8,2,4
2010,2,Eixample,10,Sant Antoni,52,2162,13,2,5
2010,2,Eixample,10,Sant Antoni,52,2162,12,2,6
2010,2,Eixample,10,Sant Antoni,52,2162,5,2,7
2010,2,Eixample,10,Sant Antoni,52,2162,..,2,8
2010,2,Eixample,10,Sant Antoni,52,2162,..,2,9
2010,2,Eixample,10,Sant Antoni,52,2162,..,2,10
2010,2,Eixample,10,Sant Antoni,52,2162,..,2,11
2010,2,Eixample,10,Sant Antoni,53,2163,..,1,0
2010,2,Eixample,10,Sant Antoni,53,2163,..,1,2
2010,2,Eixample,10,Sant Antoni,53,2163,..,1,3
2010,2,Eixample,10,Sant Antoni,53,2163,7,1,4
2010,2,Eixample,10,Sant Antoni,53,2163,24,1,5
2010,2,Eixample,10,Sant Antoni,53,2163,5,1,6
2010,2,Eixample,10,Sant Antoni,53,2163,..,1,7
2010,2,Eixample,10,Sant Antoni,53,2163,..,1,8
2010,2,Eixample,10,Sant Antoni,53,2163,..,1,10
2010,2,Eixample,10,Sant Antoni,53,2163,..,1,11
2010,2,Eixample,10,Sant Antoni,53,2163,..,1,14
2010,2,Eixample,10,Sant Antoni,53,2163,..,2,0
2010,2,Eixample,10,Sant Antoni,53,2163,..,2,1
2010,2,Eixample,10,Sant Antoni,53,2163,..,2,3
2010,2,Eixample,10,Sant Antoni,53,2163,9,2,4
2010,2,Eixample,10,Sant Antoni,53,2163,7,2,5
2010,2,Eixample,10,Sant Antoni,53,2163,11,2,6
2010,2,Eixample,10,Sant Antoni,53,2163,5,2,7
2010,2,Eixample,10,Sant Antoni,53,2163,..,2,8
2010,2,Eixample,10,Sant Antoni,53,2163,..,2,10
2010,2,Eixample,10,Sant Antoni,53,2163,..,2,11
2010,2,Eixample,10,Sant Antoni,53,2163,..,2,12
2010,2,Eixample,10,Sant Antoni,53,2163,..,2,15
2010,2,Eixample,10,Sant Antoni,53,2164,..,1,0
2010,2,Eixample,10,Sant Antoni,53,2164,..,1,2
2010,2,Eixample,10,Sant Antoni,53,2164,..,1,3
2010,2,Eixample,10,Sant Antoni,53,2164,8,1,4
2010,2,Eixample,10,Sant Antoni,53,2164,20,1,5
2010,2,Eixample,10,Sant Antoni,53,2164,5,1,6
2010,2,Eixample,10,Sant Antoni,53,2164,7,1,7
2010,2,Eixample,10,Sant Antoni,53,2164,..,1,11
2010,2,Eixample,10,Sant Antoni,53,2164,..,1,12
2010,2,Eixample,10,Sant Antoni,53,2164,..,1,14
2010,2,Eixample,10,Sant Antoni,53,2164,..,2,0
2010,2,Eixample,10,Sant Antoni,53,2164,..,2,2
2010,2,Eixample,10,Sant Antoni,53,2164,..,2,4
2010,2,Eixample,10,Sant Antoni,53,2164,13,2,5
2010,2,Eixample,10,Sant Antoni,53,2164,9,2,6
2010,2,Eixample,10,Sant Antoni,53,2164,5,2,7
2010,2,Eixample,10,Sant Antoni,53,2164,..,2,8
2010,2,Eixample,10,Sant Antoni,53,2164,..,2,9
2010,2,Eixample,10,Sant Antoni,53,2164,..,2,12
2010,2,Eixample,10,Sant Antoni,53,2164,..,2,13
2010,2,Eixample,10,Sant Antoni,53,2164,..,2,15
2010,2,Eixample,10,Sant Antoni,53,2165,..,1,0
2010,2,Eixample,10,Sant Antoni,53,2165,..,1,1
2010,2,Eixample,10,Sant Antoni,53,2165,..,1,2
2010,2,Eixample,10,Sant Antoni,53,2165,..,1,3
2010,2,Eixample,10,Sant Antoni,53,2165,6,1,4
2010,2,Eixample,10,Sant Antoni,53,2165,18,1,5
2010,2,Eixample,10,Sant Antoni,53,2165,10,1,6
2010,2,Eixample,10,Sant Antoni,53,2165,..,1,7
2010,2,Eixample,10,Sant Antoni,53,2165,..,1,8
2010,2,Eixample,10,Sant Antoni,53,2165,..,1,9
2010,2,Eixample,10,Sant Antoni,53,2165,..,1,10
2010,2,Eixample,10,Sant Antoni,53,2165,..,1,11
2010,2,Eixample,10,Sant Antoni,53,2165,..,1,12
2010,2,Eixample,10,Sant Antoni,53,2165,..,1,13
2010,2,Eixample,10,Sant Antoni,53,2165,5,2,0
2010,2,Eixample,10,Sant Antoni,53,2165,..,2,2
2010,2,Eixample,10,Sant Antoni,53,2165,6,2,4
2010,2,Eixample,10,Sant Antoni,53,2165,14,2,5
2010,2,Eixample,10,Sant Antoni,53,2165,19,2,6
2010,2,Eixample,10,Sant Antoni,53,2165,10,2,7
2010,2,Eixample,10,Sant Antoni,53,2165,..,2,8
2010,2,Eixample,10,Sant Antoni,53,2165,5,2,9
2010,2,Eixample,10,Sant Antoni,53,2165,..,2,11
2010,2,Eixample,10,Sant Antoni,53,2165,..,2,13
2010,2,Eixample,10,Sant Antoni,54,2166,..,1,2
2010,2,Eixample,10,Sant Antoni,54,2166,6,1,3
2010,2,Eixample,10,Sant Antoni,54,2166,12,1,4
2010,2,Eixample,10,Sant Antoni,54,2166,17,1,5
2010,2,Eixample,10,Sant Antoni,54,2166,13,1,6
2010,2,Eixample,10,Sant Antoni,54,2166,..,1,7
2010,2,Eixample,10,Sant Antoni,54,2166,..,1,8
2010,2,Eixample,10,Sant Antoni,54,2166,..,1,9
2010,2,Eixample,10,Sant Antoni,54,2166,..,1,10
2010,2,Eixample,10,Sant Antoni,54,2166,..,1,11
2010,2,Eixample,10,Sant Antoni,54,2166,..,1,13
2010,2,Eixample,10,Sant Antoni,54,2166,..,1,16
2010,2,Eixample,10,Sant Antoni,54,2166,..,2,0
2010,2,Eixample,10,Sant Antoni,54,2166,..,2,2
2010,2,Eixample,10,Sant Antoni,54,2166,..,2,3
2010,2,Eixample,10,Sant Antoni,54,2166,13,2,4
2010,2,Eixample,10,Sant Antoni,54,2166,13,2,5
2010,2,Eixample,10,Sant Antoni,54,2166,20,2,6
2010,2,Eixample,10,Sant Antoni,54,2166,7,2,7
2010,2,Eixample,10,Sant Antoni,54,2166,..,2,8
2010,2,Eixample,10,Sant Antoni,54,2166,..,2,9
2010,2,Eixample,10,Sant Antoni,54,2166,..,2,10
2010,2,Eixample,10,Sant Antoni,54,2166,..,2,11
2010,2,Eixample,10,Sant Antoni,54,2167,..,1,0
2010,2,Eixample,10,Sant Antoni,54,2167,..,1,1
2010,2,Eixample,10,Sant Antoni,54,2167,..,1,2
2010,2,Eixample,10,Sant Antoni,54,2167,6,1,3
2010,2,Eixample,10,Sant Antoni,54,2167,12,1,4
2010,2,Eixample,10,Sant Antoni,54,2167,15,1,5
2010,2,Eixample,10,Sant Antoni,54,2167,6,1,6
2010,2,Eixample,10,Sant Antoni,54,2167,..,1,7
2010,2,Eixample,10,Sant Antoni,54,2167,..,1,8
2010,2,Eixample,10,Sant Antoni,54,2167,..,1,9
2010,2,Eixample,10,Sant Antoni,54,2167,..,1,11
2010,2,Eixample,10,Sant Antoni,54,2167,..,1,12
2010,2,Eixample,10,Sant Antoni,54,2167,..,1,13
2010,2,Eixample,10,Sant Antoni,54,2167,..,1,17
2010,2,Eixample,10,Sant Antoni,54,2167,..,2,0
2010,2,Eixample,10,Sant Antoni,54,2167,..,2,1
2010,2,Eixample,10,Sant Antoni,54,2167,..,2,2
2010,2,Eixample,10,Sant Antoni,54,2167,6,2,4
2010,2,Eixample,10,Sant Antoni,54,2167,13,2,5
2010,2,Eixample,10,Sant Antoni,54,2167,9,2,6
2010,2,Eixample,10,Sant Antoni,54,2167,7,2,7
2010,2,Eixample,10,Sant Antoni,54,2167,..,2,8
2010,2,Eixample,10,Sant Antoni,54,2167,..,2,9
2010,2,Eixample,10,Sant Antoni,54,2167,..,2,10
2010,2,Eixample,10,Sant Antoni,54,2167,..,2,11
2010,2,Eixample,10,Sant Antoni,54,2167,..,2,17
2010,2,Eixample,10,Sant Antoni,54,2168,..,1,1
2010,2,Eixample,10,Sant Antoni,54,2168,..,1,3
2010,2,Eixample,10,Sant Antoni,54,2168,..,1,4
2010,2,Eixample,10,Sant Antoni,54,2168,16,1,5
2010,2,Eixample,10,Sant Antoni,54,2168,11,1,6
2010,2,Eixample,10,Sant Antoni,54,2168,7,1,7
2010,2,Eixample,10,Sant Antoni,54,2168,..,1,8
2010,2,Eixample,10,Sant Antoni,54,2168,..,1,9
2010,2,Eixample,10,Sant Antoni,54,2168,..,1,10
2010,2,Eixample,10,Sant Antoni,54,2168,..,1,11
2010,2,Eixample,10,Sant Antoni,54,2168,..,1,12
2010,2,Eixample,10,Sant Antoni,54,2168,..,1,13
2010,2,Eixample,10,Sant Antoni,54,2168,..,1,14
2010,2,Eixample,10,Sant Antoni,54,2168,..,1,16
2010,2,Eixample,10,Sant Antoni,54,2168,..,1,18
2010,2,Eixample,10,Sant Antoni,54,2168,5,2,0
2010,2,Eixample,10,Sant Antoni,54,2168,..,2,2
2010,2,Eixample,10,Sant Antoni,54,2168,..,2,3
2010,2,Eixample,10,Sant Antoni,54,2168,9,2,4
2010,2,Eixample,10,Sant Antoni,54,2168,16,2,5
2010,2,Eixample,10,Sant Antoni,54,2168,12,2,6
2010,2,Eixample,10,Sant Antoni,54,2168,9,2,7
2010,2,Eixample,10,Sant Antoni,54,2168,..,2,8
2010,2,Eixample,10,Sant Antoni,54,2168,5,2,9
2010,2,Eixample,10,Sant Antoni,54,2168,..,2,10
2010,2,Eixample,10,Sant Antoni,54,2168,..,2,13
2010,2,Eixample,10,Sant Antoni,55,2169,..,1,1
2010,2,Eixample,10,Sant Antoni,55,2169,..,1,3
2010,2,Eixample,10,Sant Antoni,55,2169,5,1,4
2010,2,Eixample,10,Sant Antoni,55,2169,8,1,5
2010,2,Eixample,10,Sant Antoni,55,2169,11,1,6
2010,2,Eixample,10,Sant Antoni,55,2169,..,1,7
2010,2,Eixample,10,Sant Antoni,55,2169,..,1,8
2010,2,Eixample,10,Sant Antoni,55,2169,..,1,9
2010,2,Eixample,10,Sant Antoni,55,2169,..,1,17
2010,2,Eixample,10,Sant Antoni,55,2169,..,2,0
2010,2,Eixample,10,Sant Antoni,55,2169,..,2,1
2010,2,Eixample,10,Sant Antoni,55,2169,..,2,3
2010,2,Eixample,10,Sant Antoni,55,2169,6,2,4
2010,2,Eixample,10,Sant Antoni,55,2169,10,2,5
2010,2,Eixample,10,Sant Antoni,55,2169,13,2,6
2010,2,Eixample,10,Sant Antoni,55,2169,9,2,7
2010,2,Eixample,10,Sant Antoni,55,2169,..,2,8
2010,2,Eixample,10,Sant Antoni,55,2169,..,2,9
2010,2,Eixample,10,Sant Antoni,55,2169,..,2,10
2010,2,Eixample,10,Sant Antoni,55,2169,..,2,11
2010,2,Eixample,10,Sant Antoni,55,2170,..,1,1
2010,2,Eixample,10,Sant Antoni,55,2170,..,1,3
2010,2,Eixample,10,Sant Antoni,55,2170,6,1,4
2010,2,Eixample,10,Sant Antoni,55,2170,14,1,5
2010,2,Eixample,10,Sant Antoni,55,2170,10,1,6
2010,2,Eixample,10,Sant Antoni,55,2170,..,1,7
2010,2,Eixample,10,Sant Antoni,55,2170,..,1,8
2010,2,Eixample,10,Sant Antoni,55,2170,..,1,9
2010,2,Eixample,10,Sant Antoni,55,2170,..,1,10
2010,2,Eixample,10,Sant Antoni,55,2170,..,1,12
2010,2,Eixample,10,Sant Antoni,55,2170,..,1,13
2010,2,Eixample,10,Sant Antoni,55,2170,..,1,14
2010,2,Eixample,10,Sant Antoni,55,2170,..,2,0
2010,2,Eixample,10,Sant Antoni,55,2170,..,2,1
2010,2,Eixample,10,Sant Antoni,55,2170,..,2,2
2010,2,Eixample,10,Sant Antoni,55,2170,..,2,3
2010,2,Eixample,10,Sant Antoni,55,2170,..,2,4
2010,2,Eixample,10,Sant Antoni,55,2170,12,2,5
2010,2,Eixample,10,Sant Antoni,55,2170,7,2,6
2010,2,Eixample,10,Sant Antoni,55,2170,5,2,7
2010,2,Eixample,10,Sant Antoni,55,2170,5,2,8
2010,2,Eixample,10,Sant Antoni,55,2170,..,2,10
2010,2,Eixample,10,Sant Antoni,55,2170,..,2,12
2010,2,Eixample,10,Sant Antoni,55,2170,..,2,15
2010,2,Eixample,10,Sant Antoni,55,2170,..,2,17
2010,2,Eixample,10,Sant Antoni,55,2171,..,1,0
2010,2,Eixample,10,Sant Antoni,55,2171,6,1,1
2010,2,Eixample,10,Sant Antoni,55,2171,..,1,2
2010,2,Eixample,10,Sant Antoni,55,2171,5,1,3
2010,2,Eixample,10,Sant Antoni,55,2171,10,1,4
2010,2,Eixample,10,Sant Antoni,55,2171,11,1,5
2010,2,Eixample,10,Sant Antoni,55,2171,10,1,6
2010,2,Eixample,10,Sant Antoni,55,2171,..,1,7
2010,2,Eixample,10,Sant Antoni,55,2171,..,1,8
2010,2,Eixample,10,Sant Antoni,55,2171,..,1,9
2010,2,Eixample,10,Sant Antoni,55,2171,..,1,11
2010,2,Eixample,10,Sant Antoni,55,2171,..,1,13
2010,2,Eixample,10,Sant Antoni,55,2171,5,2,0
2010,2,Eixample,10,Sant Antoni,55,2171,..,2,1
2010,2,Eixample,10,Sant Antoni,55,2171,..,2,2
2010,2,Eixample,10,Sant Antoni,55,2171,..,2,3
2010,2,Eixample,10,Sant Antoni,55,2171,11,2,4
2010,2,Eixample,10,Sant Antoni,55,2171,12,2,5
2010,2,Eixample,10,Sant Antoni,55,2171,10,2,6
2010,2,Eixample,10,Sant Antoni,55,2171,6,2,7
2010,2,Eixample,10,Sant Antoni,55,2171,..,2,8
2010,2,Eixample,10,Sant Antoni,55,2171,..,2,10
2010,2,Eixample,10,Sant Antoni,55,2171,..,2,11
2010,2,Eixample,10,Sant Antoni,55,2172,..,1,0
2010,2,Eixample,10,Sant Antoni,55,2172,..,1,2
2010,2,Eixample,10,Sant Antoni,55,2172,..,1,3
2010,2,Eixample,10,Sant Antoni,55,2172,9,1,4
2010,2,Eixample,10,Sant Antoni,55,2172,15,1,5
2010,2,Eixample,10,Sant Antoni,55,2172,5,1,6
2010,2,Eixample,10,Sant Antoni,55,2172,5,1,7
2010,2,Eixample,10,Sant Antoni,55,2172,5,1,8
2010,2,Eixample,10,Sant Antoni,55,2172,..,1,9
2010,2,Eixample,10,Sant Antoni,55,2172,..,1,13
2010,2,Eixample,10,Sant Antoni,55,2172,..,2,0
2010,2,Eixample,10,Sant Antoni,55,2172,..,2,1
2010,2,Eixample,10,Sant Antoni,55,2172,..,2,3
2010,2,Eixample,10,Sant Antoni,55,2172,11,2,4
2010,2,Eixample,10,Sant Antoni,55,2172,11,2,5
2010,2,Eixample,10,Sant Antoni,55,2172,13,2,6
2010,2,Eixample,10,Sant Antoni,55,2172,5,2,7
2010,2,Eixample,10,Sant Antoni,55,2172,..,2,9
2010,2,Eixample,10,Sant Antoni,55,2172,..,2,10
2010,2,Eixample,10,Sant Antoni,55,2172,..,2,11
2010,2,Eixample,10,Sant Antoni,55,2172,..,2,12
2010,2,Eixample,10,Sant Antoni,55,2172,..,2,13
2010,2,Eixample,10,Sant Antoni,55,2173,..,1,0
2010,2,Eixample,10,Sant Antoni,55,2173,..,1,1
2010,2,Eixample,10,Sant Antoni,55,2173,..,1,2
2010,2,Eixample,10,Sant Antoni,55,2173,5,1,3
2010,2,Eixample,10,Sant Antoni,55,2173,..,1,4
2010,2,Eixample,10,Sant Antoni,55,2173,19,1,5
2010,2,Eixample,10,Sant Antoni,55,2173,8,1,6
2010,2,Eixample,10,Sant Antoni,55,2173,7,1,7
2010,2,Eixample,10,Sant Antoni,55,2173,6,1,8
2010,2,Eixample,10,Sant Antoni,55,2173,..,1,9
2010,2,Eixample,10,Sant Antoni,55,2173,..,1,10
2010,2,Eixample,10,Sant Antoni,55,2173,..,1,11
2010,2,Eixample,10,Sant Antoni,55,2173,..,1,12
2010,2,Eixample,10,Sant Antoni,55,2173,..,1,13
2010,2,Eixample,10,Sant Antoni,55,2173,..,1,16
2010,2,Eixample,10,Sant Antoni,55,2173,..,1,17
2010,2,Eixample,10,Sant Antoni,55,2173,..,1,18
2010,2,Eixample,10,Sant Antoni,55,2173,..,2,1
2010,2,Eixample,10,Sant Antoni,55,2173,..,2,2
2010,2,Eixample,10,Sant Antoni,55,2173,..,2,3
2010,2,Eixample,10,Sant Antoni,55,2173,7,2,4
2010,2,Eixample,10,Sant Antoni,55,2173,14,2,5
2010,2,Eixample,10,Sant Antoni,55,2173,9,2,6
2010,2,Eixample,10,Sant Antoni,55,2173,8,2,7
2010,2,Eixample,10,Sant Antoni,55,2173,..,2,8
2010,2,Eixample,10,Sant Antoni,55,2173,6,2,9
2010,2,Eixample,10,Sant Antoni,55,2173,..,2,10
2010,2,Eixample,10,Sant Antoni,55,2173,..,2,11
2010,2,Eixample,10,Sant Antoni,55,2173,..,2,12
2010,2,Eixample,10,Sant Antoni,55,2173,..,2,13
2010,2,Eixample,10,Sant Antoni,55,2173,..,2,18
2010,3,Sants-Montjuïc,11,el Poble-sec,56,3001,..,1,0
2010,3,Sants-Montjuïc,11,el Poble-sec,56,3001,..,1,1
2010,3,Sants-Montjuïc,11,el Poble-sec,56,3001,..,1,2
2010,3,Sants-Montjuïc,11,el Poble-sec,56,3001,..,1,3
2010,3,Sants-Montjuïc,11,el Poble-sec,56,3001,5,1,4
2010,3,Sants-Montjuïc,11,el Poble-sec,56,3001,11,1,5
2010,3,Sants-Montjuïc,11,el Poble-sec,56,3001,9,1,6
2010,3,Sants-Montjuïc,11,el Poble-sec,56,3001,..,1,7
2010,3,Sants-Montjuïc,11,el Poble-sec,56,3001,..,1,8
2010,3,Sants-Montjuïc,11,el Poble-sec,56,3001,..,1,9
2010,3,Sants-Montjuïc,11,el Poble-sec,56,3001,..,1,10
2010,3,Sants-Montjuïc,11,el Poble-sec,56,3001,..,1,11
2010,3,Sants-Montjuïc,11,el Poble-sec,56,3001,..,1,12
2010,3,Sants-Montjuïc,11,el Poble-sec,56,3001,..,1,17
2010,3,Sants-Montjuïc,11,el Poble-sec,56,3001,..,2,0
2010,3,Sants-Montjuïc,11,el Poble-sec,56,3001,..,2,2
2010,3,Sants-Montjuïc,11,el Poble-sec,56,3001,..,2,3
2010,3,Sants-Montjuïc,11,el Poble-sec,56,3001,7,2,4
2010,3,Sants-Montjuïc,11,el Poble-sec,56,3001,11,2,5
2010,3,Sants-Montjuïc,11,el Poble-sec,56,3001,13,2,6
2010,3,Sants-Montjuïc,11,el Poble-sec,56,3001,6,2,7
2010,3,Sants-Montjuïc,11,el Poble-sec,56,3001,..,2,8
2010,3,Sants-Montjuïc,11,el Poble-sec,56,3001,..,2,9
2010,3,Sants-Montjuïc,11,el Poble-sec,56,3001,..,2,10
2010,3,Sants-Montjuïc,11,el Poble-sec,56,3001,..,2,11
2010,3,Sants-Montjuïc,11,el Poble-sec,56,3001,..,2,13
2010,3,Sants-Montjuïc,11,el Poble-sec,56,3002,..,1,0
2010,3,Sants-Montjuïc,11,el Poble-sec,56,3002,..,1,1
2010,3,Sants-Montjuïc,11,el Poble-sec,56,3002,..,1,2
2010,3,Sants-Montjuïc,11,el Poble-sec,56,3002,5,1,3
2010,3,Sants-Montjuïc,11,el Poble-sec,56,3002,10,1,4
2010,3,Sants-Montjuïc,11,el Poble-sec,56,3002,17,1,5
2010,3,Sants-Montjuïc,11,el Poble-sec,56,3002,13,1,6
2010,3,Sants-Montjuïc,11,el Poble-sec,56,3002,5,1,7
2010,3,Sants-Montjuïc,11,el Poble-sec,56,3002,7,1,8
2010,3,Sants-Montjuïc,11,el Poble-sec,56,3002,6,1,9
2010,3,Sants-Montjuïc,11,el Poble-sec,56,3002,..,1,10
2010,3,Sants-Montjuïc,11,el Poble-sec,56,3002,..,1,12
2010,3,Sants-Montjuïc,11,el Poble-sec,56,3002,..,1,13
2010,3,Sants-Montjuïc,11,el Poble-sec,56,3002,..,1,14
2010,3,Sants-Montjuïc,11,el Poble-sec,56,3002,5,2,0
2010,3,Sants-Montjuïc,11,el Poble-sec,56,3002,..,2,1
2010,3,Sants-Montjuïc,11,el Poble-sec,56,3002,5,2,2
2010,3,Sants-Montjuïc,11,el Poble-sec,56,3002,6,2,3
2010,3,Sants-Montjuïc,11,el Poble-sec,56,3002,14,2,4
2010,3,Sants-Montjuïc,11,el Poble-sec,56,3002,29,2,5
2010,3,Sants-Montjuïc,11,el Poble-sec,56,3002,16,2,6
2010,3,Sants-Montjuïc,11,el Poble-sec,56,3002,12,2,7
2010,3,Sants-Montjuïc,11,el Poble-sec,56,3002,5,2,8
2010,3,Sants-Montjuïc,11,el Poble-sec,56,3002,..,2,9
2010,3,Sants-Montjuïc,11,el Poble-sec,56,3002,..,2,10
2010,3,Sants-Montjuïc,11,el Poble-sec,56,3002,..,2,11
2010,3,Sants-Montjuïc,11,el Poble-sec,56,3002,..,2,12
2010,3,Sants-Montjuïc,11,el Poble-sec,56,3002,..,2,14
2010,3,Sants-Montjuïc,11,el Poble-sec,56,3002,..,2,15
2010,3,Sants-Montjuïc,11,el Poble-sec,56,3003,6,1,0
2010,3,Sants-Montjuïc,11,el Poble-sec,56,3003,..,1,1
2010,3,Sants-Montjuïc,11,el Poble-sec,56,3003,..,1,2
2010,3,Sants-Montjuïc,11,el Poble-sec,56,3003,..,1,3
2010,3,Sants-Montjuïc,11,el Poble-sec,56,3003,7,1,4
2010,3,Sants-Montjuïc,11,el Poble-sec,56,3003,22,1,5
2010,3,Sants-Montjuïc,11,el Poble-sec,56,3003,7,1,6
2010,3,Sants-Montjuïc,11,el Poble-sec,56,3003,9,1,7
2010,3,Sants-Montjuïc,11,el Poble-sec,56,3003,9,1,8
2010,3,Sants-Montjuïc,11,el Poble-sec,56,3003,5,1,9
2010,3,Sants-Montjuïc,11,el Poble-sec,56,3003,..,1,10
2010,3,Sants-Montjuïc,11,el Poble-sec,56,3003,..,1,11
2010,3,Sants-Montjuïc,11,el Poble-sec,56,3003,..,1,12
2010,3,Sants-Montjuïc,11,el Poble-sec,56,3003,..,1,14
2010,3,Sants-Montjuïc,11,el Poble-sec,56,3003,..,1,16
2010,3,Sants-Montjuïc,11,el Poble-sec,56,3003,..,1,17
2010,3,Sants-Montjuïc,11,el Poble-sec,56,3003,5,2,0
2010,3,Sants-Montjuïc,11,el Poble-sec,56,3003,..,2,1
2010,3,Sants-Montjuïc,11,el Poble-sec,56,3003,..,2,2
2010,3,Sants-Montjuïc,11,el Poble-sec,56,3003,9,2,3
2010,3,Sants-Montjuïc,11,el Poble-sec,56,3003,6,2,4
2010,3,Sants-Montjuïc,11,el Poble-sec,56,3003,16,2,5
2010,3,Sants-Montjuïc,11,el Poble-sec,56,3003,12,2,6
2010,3,Sants-Montjuïc,11,el Poble-sec,56,3003,9,2,7
2010,3,Sants-Montjuïc,11,el Poble-sec,56,3003,6,2,8
2010,3,Sants-Montjuïc,11,el Poble-sec,56,3003,6,2,9
2010,3,Sants-Montjuïc,11,el Poble-sec,56,3003,..,2,10
2010,3,Sants-Montjuïc,11,el Poble-sec,56,3003,..,2,11
2010,3,Sants-Montjuïc,11,el Poble-sec,56,3004,..,1,0
2010,3,Sants-Montjuïc,11,el Poble-sec,56,3004,..,1,1
2010,3,Sants-Montjuïc,11,el Poble-sec,56,3004,..,1,2
2010,3,Sants-Montjuïc,11,el Poble-sec,56,3004,..,1,3
2010,3,Sants-Montjuïc,11,el Poble-sec,56,3004,5,1,4
2010,3,Sants-Montjuïc,11,el Poble-sec,56,3004,13,1,5
2010,3,Sants-Montjuïc,11,el Poble-sec,56,3004,7,1,6
2010,3,Sants-Montjuïc,11,el Poble-sec,56,3004,6,1,7
2010,3,Sants-Montjuïc,11,el Poble-sec,56,3004,..,1,8
2010,3,Sants-Montjuïc,11,el Poble-sec,56,3004,..,1,9
2010,3,Sants-Montjuïc,11,el Poble-sec,56,3004,..,1,10
2010,3,Sants-Montjuïc,11,el Poble-sec,56,3004,..,1,11
2010,3,Sants-Montjuïc,11,el Poble-sec,56,3004,..,1,15
2010,3,Sants-Montjuïc,11,el Poble-sec,56,3004,..,2,3
2010,3,Sants-Montjuïc,11,el Poble-sec,56,3004,8,2,4
2010,3,Sants-Montjuïc,11,el Poble-sec,56,3004,16,2,5
2010,3,Sants-Montjuïc,11,el Poble-sec,56,3004,6,2,6
2010,3,Sants-Montjuïc,11,el Poble-sec,56,3004,..,2,7
2010,3,Sants-Montjuïc,11,el Poble-sec,56,3004,..,2,8
2010,3,Sants-Montjuïc,11,el Poble-sec,56,3004,..,2,9
2010,3,Sants-Montjuïc,11,el Poble-sec,56,3004,..,2,15
2010,3,Sants-Montjuïc,11,el Poble-sec,56,3004,..,2,16
2010,3,Sants-Montjuïc,11,el Poble-sec,56,3004,..,2,17
2010,3,Sants-Montjuïc,11,el Poble-sec,56,3005,..,1,0
2010,3,Sants-Montjuïc,11,el Poble-sec,56,3005,..,1,4
2010,3,Sants-Montjuïc,11,el Poble-sec,56,3005,8,1,5
2010,3,Sants-Montjuïc,11,el Poble-sec,56,3005,8,1,6
2010,3,Sants-Montjuïc,11,el Poble-sec,56,3005,5,1,7
2010,3,Sants-Montjuïc,11,el Poble-sec,56,3005,..,1,8
2010,3,Sants-Montjuïc,11,el Poble-sec,56,3005,..,1,9
2010,3,Sants-Montjuïc,11,el Poble-sec,56,3005,..,1,15
2010,3,Sants-Montjuïc,11,el Poble-sec,56,3005,..,2,0
2010,3,Sants-Montjuïc,11,el Poble-sec,56,3005,..,2,1
2010,3,Sants-Montjuïc,11,el Poble-sec,56,3005,5,2,2
2010,3,Sants-Montjuïc,11,el Poble-sec,56,3005,..,2,3
2010,3,Sants-Montjuïc,11,el Poble-sec,56,3005,..,2,4
2010,3,Sants-Montjuïc,11,el Poble-sec,56,3005,5,2,5
2010,3,Sants-Montjuïc,11,el Poble-sec,56,3005,10,2,6
2010,3,Sants-Montjuïc,11,el Poble-sec,56,3005,5,2,7
2010,3,Sants-Montjuïc,11,el Poble-sec,56,3005,..,2,8
2010,3,Sants-Montjuïc,11,el Poble-sec,56,3005,..,2,9
2010,3,Sants-Montjuïc,11,el Poble-sec,56,3005,..,2,10
2010,3,Sants-Montjuïc,11,el Poble-sec,56,3005,..,2,11
2010,3,Sants-Montjuïc,11,el Poble-sec,56,3005,..,2,12
2010,3,Sants-Montjuïc,11,el Poble-sec,56,3005,..,2,13
2010,3,Sants-Montjuïc,11,el Poble-sec,56,3006,..,1,0
2010,3,Sants-Montjuïc,11,el Poble-sec,56,3006,..,1,1
2010,3,Sants-Montjuïc,11,el Poble-sec,56,3006,5,1,2
2010,3,Sants-Montjuïc,11,el Poble-sec,56,3006,..,1,3
2010,3,Sants-Montjuïc,11,el Poble-sec,56,3006,6,1,4
2010,3,Sants-Montjuïc,11,el Poble-sec,56,3006,11,1,5
2010,3,Sants-Montjuïc,11,el Poble-sec,56,3006,10,1,6
2010,3,Sants-Montjuïc,11,el Poble-sec,56,3006,5,1,7
2010,3,Sants-Montjuïc,11,el Poble-sec,56,3006,..,1,8
2010,3,Sants-Montjuïc,11,el Poble-sec,56,3006,..,1,9
2010,3,Sants-Montjuïc,11,el Poble-sec,56,3006,..,1,10
2010,3,Sants-Montjuïc,11,el Poble-sec,56,3006,..,1,15
2010,3,Sants-Montjuïc,11,el Poble-sec,56,3006,..,2,0
2010,3,Sants-Montjuïc,11,el Poble-sec,56,3006,..,2,1
2010,3,Sants-Montjuïc,11,el Poble-sec,56,3006,..,2,2
2010,3,Sants-Montjuïc,11,el Poble-sec,56,3006,..,2,3
2010,3,Sants-Montjuïc,11,el Poble-sec,56,3006,9,2,4
2010,3,Sants-Montjuïc,11,el Poble-sec,56,3006,10,2,5
2010,3,Sants-Montjuïc,11,el Poble-sec,56,3006,9,2,6
2010,3,Sants-Montjuïc,11,el Poble-sec,56,3006,13,2,7
2010,3,Sants-Montjuïc,11,el Poble-sec,56,3006,..,2,8
2010,3,Sants-Montjuïc,11,el Poble-sec,56,3006,..,2,9
2010,3,Sants-Montjuïc,11,el Poble-sec,56,3006,..,2,10
2010,3,Sants-Montjuïc,11,el Poble-sec,56,3006,..,2,16
2010,3,Sants-Montjuïc,11,el Poble-sec,56,3006,..,2,17
2010,3,Sants-Montjuïc,11,el Poble-sec,56,3007,..,1,0
2010,3,Sants-Montjuïc,11,el Poble-sec,56,3007,..,1,1
2010,3,Sants-Montjuïc,11,el Poble-sec,56,3007,..,1,2
2010,3,Sants-Montjuïc,11,el Poble-sec,56,3007,7,1,3
2010,3,Sants-Montjuïc,11,el Poble-sec,56,3007,6,1,4
2010,3,Sants-Montjuïc,11,el Poble-sec,56,3007,..,1,5
2010,3,Sants-Montjuïc,11,el Poble-sec,56,3007,10,1,6
2010,3,Sants-Montjuïc,11,el Poble-sec,56,3007,..,1,7
2010,3,Sants-Montjuïc,11,el Poble-sec,56,3007,9,1,8
2010,3,Sants-Montjuïc,11,el Poble-sec,56,3007,..,1,11
2010,3,Sants-Montjuïc,11,el Poble-sec,56,3007,..,1,12
2010,3,Sants-Montjuïc,11,el Poble-sec,56,3007,..,2,0
2010,3,Sants-Montjuïc,11,el Poble-sec,56,3007,..,2,1
2010,3,Sants-Montjuïc,11,el Poble-sec,56,3007,..,2,2
2010,3,Sants-Montjuïc,11,el Poble-sec,56,3007,..,2,3
2010,3,Sants-Montjuïc,11,el Poble-sec,56,3007,6,2,4
2010,3,Sants-Montjuïc,11,el Poble-sec,56,3007,18,2,5
2010,3,Sants-Montjuïc,11,el Poble-sec,56,3007,7,2,6
2010,3,Sants-Montjuïc,11,el Poble-sec,56,3007,..,2,7
2010,3,Sants-Montjuïc,11,el Poble-sec,56,3007,..,2,8
2010,3,Sants-Montjuïc,11,el Poble-sec,56,3007,..,2,9
2010,3,Sants-Montjuïc,11,el Poble-sec,56,3007,..,2,10
2010,3,Sants-Montjuïc,11,el Poble-sec,56,3007,..,2,17
2010,3,Sants-Montjuïc,11,el Poble-sec,56,3008,..,1,0
2010,3,Sants-Montjuïc,11,el Poble-sec,56,3008,..,1,1
2010,3,Sants-Montjuïc,11,el Poble-sec,56,3008,..,1,2
2010,3,Sants-Montjuïc,11,el Poble-sec,56,3008,..,1,3
2010,3,Sants-Montjuïc,11,el Poble-sec,56,3008,11,1,4
2010,3,Sants-Montjuïc,11,el Poble-sec,56,3008,12,1,5
2010,3,Sants-Montjuïc,11,el Poble-sec,56,3008,7,1,6
2010,3,Sants-Montjuïc,11,el Poble-sec,56,3008,..,1,7
2010,3,Sants-Montjuïc,11,el Poble-sec,56,3008,..,1,8
2010,3,Sants-Montjuïc,11,el Poble-sec,56,3008,..,1,10
2010,3,Sants-Montjuïc,11,el Poble-sec,56,3008,..,1,11
2010,3,Sants-Montjuïc,11,el Poble-sec,56,3008,..,1,13
2010,3,Sants-Montjuïc,11,el Poble-sec,56,3008,..,2,0
2010,3,Sants-Montjuïc,11,el Poble-sec,56,3008,..,2,1
2010,3,Sants-Montjuïc,11,el Poble-sec,56,3008,..,2,2
2010,3,Sants-Montjuïc,11,el Poble-sec,56,3008,..,2,3
2010,3,Sants-Montjuïc,11,el Poble-sec,56,3008,6,2,4
2010,3,Sants-Montjuïc,11,el Poble-sec,56,3008,10,2,5
2010,3,Sants-Montjuïc,11,el Poble-sec,56,3008,7,2,6
2010,3,Sants-Montjuïc,11,el Poble-sec,56,3008,7,2,7
2010,3,Sants-Montjuïc,11,el Poble-sec,56,3008,..,2,8
2010,3,Sants-Montjuïc,11,el Poble-sec,56,3008,..,2,9
2010,3,Sants-Montjuïc,11,el Poble-sec,56,3008,..,2,10
2010,3,Sants-Montjuïc,11,el Poble-sec,56,3008,..,2,15
2010,3,Sants-Montjuïc,11,el Poble-sec,56,3009,..,1,0
2010,3,Sants-Montjuïc,11,el Poble-sec,56,3009,..,1,1
2010,3,Sants-Montjuïc,11,el Poble-sec,56,3009,..,1,3
2010,3,Sants-Montjuïc,11,el Poble-sec,56,3009,..,1,4
2010,3,Sants-Montjuïc,11,el Poble-sec,56,3009,10,1,5
2010,3,Sants-Montjuïc,11,el Poble-sec,56,3009,7,1,6
2010,3,Sants-Montjuïc,11,el Poble-sec,56,3009,..,1,7
2010,3,Sants-Montjuïc,11,el Poble-sec,56,3009,..,1,8
2010,3,Sants-Montjuïc,11,el Poble-sec,56,3009,..,1,9
2010,3,Sants-Montjuïc,11,el Poble-sec,56,3009,..,1,10
2010,3,Sants-Montjuïc,11,el Poble-sec,56,3009,..,1,11
2010,3,Sants-Montjuïc,11,el Poble-sec,56,3009,..,1,12
2010,3,Sants-Montjuïc,11,el Poble-sec,56,3009,..,1,14
2010,3,Sants-Montjuïc,11,el Poble-sec,56,3009,..,2,0
2010,3,Sants-Montjuïc,11,el Poble-sec,56,3009,..,2,1
2010,3,Sants-Montjuïc,11,el Poble-sec,56,3009,..,2,2
2010,3,Sants-Montjuïc,11,el Poble-sec,56,3009,..,2,3
2010,3,Sants-Montjuïc,11,el Poble-sec,56,3009,..,2,4
2010,3,Sants-Montjuïc,11,el Poble-sec,56,3009,6,2,5
2010,3,Sants-Montjuïc,11,el Poble-sec,56,3009,7,2,6
2010,3,Sants-Montjuïc,11,el Poble-sec,56,3009,5,2,7
2010,3,Sants-Montjuïc,11,el Poble-sec,56,3009,..,2,8
2010,3,Sants-Montjuïc,11,el Poble-sec,56,3009,..,2,9
2010,3,Sants-Montjuïc,11,el Poble-sec,57,3010,..,1,0
2010,3,Sants-Montjuïc,11,el Poble-sec,57,3010,..,1,1
2010,3,Sants-Montjuïc,11,el Poble-sec,57,3010,..,1,2
2010,3,Sants-Montjuïc,11,el Poble-sec,57,3010,8,1,3
2010,3,Sants-Montjuïc,11,el Poble-sec,57,3010,14,1,4
2010,3,Sants-Montjuïc,11,el Poble-sec,57,3010,15,1,5
2010,3,Sants-Montjuïc,11,el Poble-sec,57,3010,5,1,6
2010,3,Sants-Montjuïc,11,el Poble-sec,57,3010,5,1,7
2010,3,Sants-Montjuïc,11,el Poble-sec,57,3010,..,1,8
2010,3,Sants-Montjuïc,11,el Poble-sec,57,3010,..,1,9
2010,3,Sants-Montjuïc,11,el Poble-sec,57,3010,..,1,10
2010,3,Sants-Montjuïc,11,el Poble-sec,57,3010,..,1,11
2010,3,Sants-Montjuïc,11,el Poble-sec,57,3010,..,1,12
2010,3,Sants-Montjuïc,11,el Poble-sec,57,3010,..,2,0
2010,3,Sants-Montjuïc,11,el Poble-sec,57,3010,..,2,1
2010,3,Sants-Montjuïc,11,el Poble-sec,57,3010,..,2,2
2010,3,Sants-Montjuïc,11,el Poble-sec,57,3010,6,2,3
2010,3,Sants-Montjuïc,11,el Poble-sec,57,3010,14,2,4
2010,3,Sants-Montjuïc,11,el Poble-sec,57,3010,13,2,5
2010,3,Sants-Montjuïc,11,el Poble-sec,57,3010,16,2,6
2010,3,Sants-Montjuïc,11,el Poble-sec,57,3010,7,2,7
2010,3,Sants-Montjuïc,11,el Poble-sec,57,3010,..,2,8
2010,3,Sants-Montjuïc,11,el Poble-sec,57,3010,6,2,9
2010,3,Sants-Montjuïc,11,el Poble-sec,57,3010,6,2,10
2010,3,Sants-Montjuïc,11,el Poble-sec,57,3010,..,2,11
2010,3,Sants-Montjuïc,11,el Poble-sec,57,3010,..,2,12
2010,3,Sants-Montjuïc,11,el Poble-sec,57,3011,..,1,0
2010,3,Sants-Montjuïc,11,el Poble-sec,57,3011,..,1,2
2010,3,Sants-Montjuïc,11,el Poble-sec,57,3011,8,1,3
2010,3,Sants-Montjuïc,11,el Poble-sec,57,3011,15,1,4
2010,3,Sants-Montjuïc,11,el Poble-sec,57,3011,17,1,5
2010,3,Sants-Montjuïc,11,el Poble-sec,57,3011,25,1,6
2010,3,Sants-Montjuïc,11,el Poble-sec,57,3011,7,1,7
2010,3,Sants-Montjuïc,11,el Poble-sec,57,3011,..,1,8
2010,3,Sants-Montjuïc,11,el Poble-sec,57,3011,5,1,9
2010,3,Sants-Montjuïc,11,el Poble-sec,57,3011,..,1,10
2010,3,Sants-Montjuïc,11,el Poble-sec,57,3011,..,1,11
2010,3,Sants-Montjuïc,11,el Poble-sec,57,3011,..,2,0
2010,3,Sants-Montjuïc,11,el Poble-sec,57,3011,..,2,1
2010,3,Sants-Montjuïc,11,el Poble-sec,57,3011,..,2,2
2010,3,Sants-Montjuïc,11,el Poble-sec,57,3011,10,2,3
2010,3,Sants-Montjuïc,11,el Poble-sec,57,3011,11,2,4
2010,3,Sants-Montjuïc,11,el Poble-sec,57,3011,22,2,5
2010,3,Sants-Montjuïc,11,el Poble-sec,57,3011,25,2,6
2010,3,Sants-Montjuïc,11,el Poble-sec,57,3011,13,2,7
2010,3,Sants-Montjuïc,11,el Poble-sec,57,3011,11,2,8
2010,3,Sants-Montjuïc,11,el Poble-sec,57,3011,..,2,9
2010,3,Sants-Montjuïc,11,el Poble-sec,57,3011,..,2,10
2010,3,Sants-Montjuïc,11,el Poble-sec,57,3011,..,2,11
2010,3,Sants-Montjuïc,11,el Poble-sec,57,3012,..,1,0
2010,3,Sants-Montjuïc,11,el Poble-sec,57,3012,6,1,1
2010,3,Sants-Montjuïc,11,el Poble-sec,57,3012,..,1,2
2010,3,Sants-Montjuïc,11,el Poble-sec,57,3012,..,1,3
2010,3,Sants-Montjuïc,11,el Poble-sec,57,3012,12,1,4
2010,3,Sants-Montjuïc,11,el Poble-sec,57,3012,21,1,5
2010,3,Sants-Montjuïc,11,el Poble-sec,57,3012,21,1,6
2010,3,Sants-Montjuïc,11,el Poble-sec,57,3012,8,1,7
2010,3,Sants-Montjuïc,11,el Poble-sec,57,3012,7,1,8
2010,3,Sants-Montjuïc,11,el Poble-sec,57,3012,..,1,9
2010,3,Sants-Montjuïc,11,el Poble-sec,57,3012,..,1,10
2010,3,Sants-Montjuïc,11,el Poble-sec,57,3012,..,2,0
2010,3,Sants-Montjuïc,11,el Poble-sec,57,3012,..,2,1
2010,3,Sants-Montjuïc,11,el Poble-sec,57,3012,..,2,2
2010,3,Sants-Montjuïc,11,el Poble-sec,57,3012,..,2,3
2010,3,Sants-Montjuïc,11,el Poble-sec,57,3012,12,2,4
2010,3,Sants-Montjuïc,11,el Poble-sec,57,3012,26,2,5
2010,3,Sants-Montjuïc,11,el Poble-sec,57,3012,22,2,6
2010,3,Sants-Montjuïc,11,el Poble-sec,57,3012,13,2,7
2010,3,Sants-Montjuïc,11,el Poble-sec,57,3012,10,2,8
2010,3,Sants-Montjuïc,11,el Poble-sec,57,3012,7,2,9
2010,3,Sants-Montjuïc,11,el Poble-sec,57,3012,..,2,10
2010,3,Sants-Montjuïc,11,el Poble-sec,57,3012,..,2,12
2010,3,Sants-Montjuïc,11,el Poble-sec,57,3012,..,2,14
2010,3,Sants-Montjuïc,11,el Poble-sec,57,3013,..,1,0
2010,3,Sants-Montjuïc,11,el Poble-sec,57,3013,..,1,1
2010,3,Sants-Montjuïc,11,el Poble-sec,57,3013,6,1,4
2010,3,Sants-Montjuïc,11,el Poble-sec,57,3013,15,1,5
2010,3,Sants-Montjuïc,11,el Poble-sec,57,3013,9,1,6
2010,3,Sants-Montjuïc,11,el Poble-sec,57,3013,8,1,7
2010,3,Sants-Montjuïc,11,el Poble-sec,57,3013,..,1,8
2010,3,Sants-Montjuïc,11,el Poble-sec,57,3013,..,1,9
2010,3,Sants-Montjuïc,11,el Poble-sec,57,3013,..,1,10
2010,3,Sants-Montjuïc,11,el Poble-sec,57,3013,..,1,11
2010,3,Sants-Montjuïc,11,el Poble-sec,57,3013,..,1,12
2010,3,Sants-Montjuïc,11,el Poble-sec,57,3013,..,1,13
2010,3,Sants-Montjuïc,11,el Poble-sec,57,3013,..,1,14
2010,3,Sants-Montjuïc,11,el Poble-sec,57,3013,..,1,15
2010,3,Sants-Montjuïc,11,el Poble-sec,57,3013,..,2,0
2010,3,Sants-Montjuïc,11,el Poble-sec,57,3013,..,2,1
2010,3,Sants-Montjuïc,11,el Poble-sec,57,3013,10,2,2
2010,3,Sants-Montjuïc,11,el Poble-sec,57,3013,8,2,3
2010,3,Sants-Montjuïc,11,el Poble-sec,57,3013,13,2,4
2010,3,Sants-Montjuïc,11,el Poble-sec,57,3013,25,2,5
2010,3,Sants-Montjuïc,11,el Poble-sec,57,3013,17,2,6
2010,3,Sants-Montjuïc,11,el Poble-sec,57,3013,12,2,7
2010,3,Sants-Montjuïc,11,el Poble-sec,57,3013,9,2,8
2010,3,Sants-Montjuïc,11,el Poble-sec,57,3013,5,2,9
2010,3,Sants-Montjuïc,11,el Poble-sec,57,3013,..,2,10
2010,3,Sants-Montjuïc,11,el Poble-sec,57,3013,..,2,11
2010,3,Sants-Montjuïc,11,el Poble-sec,57,3013,..,2,12
2010,3,Sants-Montjuïc,11,el Poble-sec,57,3013,..,2,13
2010,3,Sants-Montjuïc,11,el Poble-sec,57,3014,..,1,0
2010,3,Sants-Montjuïc,11,el Poble-sec,57,3014,..,1,1
2010,3,Sants-Montjuïc,11,el Poble-sec,57,3014,..,1,2
2010,3,Sants-Montjuïc,11,el Poble-sec,57,3014,..,1,3
2010,3,Sants-Montjuïc,11,el Poble-sec,57,3014,14,1,4
2010,3,Sants-Montjuïc,11,el Poble-sec,57,3014,17,1,5
2010,3,Sants-Montjuïc,11,el Poble-sec,57,3014,13,1,6
2010,3,Sants-Montjuïc,11,el Poble-sec,57,3014,..,1,7
2010,3,Sants-Montjuïc,11,el Poble-sec,57,3014,5,1,8
2010,3,Sants-Montjuïc,11,el Poble-sec,57,3014,..,1,9
2010,3,Sants-Montjuïc,11,el Poble-sec,57,3014,5,1,10
2010,3,Sants-Montjuïc,11,el Poble-sec,57,3014,..,1,13
2010,3,Sants-Montjuïc,11,el Poble-sec,57,3014,..,1,16
2010,3,Sants-Montjuïc,11,el Poble-sec,57,3014,..,2,0
2010,3,Sants-Montjuïc,11,el Poble-sec,57,3014,5,2,2
2010,3,Sants-Montjuïc,11,el Poble-sec,57,3014,..,2,3
2010,3,Sants-Montjuïc,11,el Poble-sec,57,3014,11,2,4
2010,3,Sants-Montjuïc,11,el Poble-sec,57,3014,29,2,5
2010,3,Sants-Montjuïc,11,el Poble-sec,57,3014,18,2,6
2010,3,Sants-Montjuïc,11,el Poble-sec,57,3014,10,2,7
2010,3,Sants-Montjuïc,11,el Poble-sec,57,3014,10,2,8
2010,3,Sants-Montjuïc,11,el Poble-sec,57,3014,5,2,9
2010,3,Sants-Montjuïc,11,el Poble-sec,57,3014,..,2,10
2010,3,Sants-Montjuïc,11,el Poble-sec,57,3014,..,2,11
2010,3,Sants-Montjuïc,11,el Poble-sec,57,3015,8,1,0
2010,3,Sants-Montjuïc,11,el Poble-sec,57,3015,..,1,1
2010,3,Sants-Montjuïc,11,el Poble-sec,57,3015,..,1,2
2010,3,Sants-Montjuïc,11,el Poble-sec,57,3015,..,1,3
2010,3,Sants-Montjuïc,11,el Poble-sec,57,3015,13,1,4
2010,3,Sants-Montjuïc,11,el Poble-sec,57,3015,34,1,5
2010,3,Sants-Montjuïc,11,el Poble-sec,57,3015,22,1,6
2010,3,Sants-Montjuïc,11,el Poble-sec,57,3015,6,1,7
2010,3,Sants-Montjuïc,11,el Poble-sec,57,3015,6,1,8
2010,3,Sants-Montjuïc,11,el Poble-sec,57,3015,5,1,9
2010,3,Sants-Montjuïc,11,el Poble-sec,57,3015,..,1,10
2010,3,Sants-Montjuïc,11,el Poble-sec,57,3015,..,1,11
2010,3,Sants-Montjuïc,11,el Poble-sec,57,3015,..,1,12
2010,3,Sants-Montjuïc,11,el Poble-sec,57,3015,..,1,16
2010,3,Sants-Montjuïc,11,el Poble-sec,57,3015,12,2,0
2010,3,Sants-Montjuïc,11,el Poble-sec,57,3015,..,2,1
2010,3,Sants-Montjuïc,11,el Poble-sec,57,3015,7,2,2
2010,3,Sants-Montjuïc,11,el Poble-sec,57,3015,..,2,3
2010,3,Sants-Montjuïc,11,el Poble-sec,57,3015,27,2,4
2010,3,Sants-Montjuïc,11,el Poble-sec,57,3015,32,2,5
2010,3,Sants-Montjuïc,11,el Poble-sec,57,3015,42,2,6
2010,3,Sants-Montjuïc,11,el Poble-sec,57,3015,16,2,7
2010,3,Sants-Montjuïc,11,el Poble-sec,57,3015,11,2,8
2010,3,Sants-Montjuïc,11,el Poble-sec,57,3015,..,2,9
2010,3,Sants-Montjuïc,11,el Poble-sec,57,3015,..,2,10
2010,3,Sants-Montjuïc,11,el Poble-sec,57,3015,5,2,11
2010,3,Sants-Montjuïc,11,el Poble-sec,57,3015,..,2,12
2010,3,Sants-Montjuïc,11,el Poble-sec,57,3016,..,1,0
2010,3,Sants-Montjuïc,11,el Poble-sec,57,3016,..,1,1
2010,3,Sants-Montjuïc,11,el Poble-sec,57,3016,..,1,2
2010,3,Sants-Montjuïc,11,el Poble-sec,57,3016,5,1,3
2010,3,Sants-Montjuïc,11,el Poble-sec,57,3016,6,1,4
2010,3,Sants-Montjuïc,11,el Poble-sec,57,3016,11,1,5
2010,3,Sants-Montjuïc,11,el Poble-sec,57,3016,8,1,6
2010,3,Sants-Montjuïc,11,el Poble-sec,57,3016,..,1,7
2010,3,Sants-Montjuïc,11,el Poble-sec,57,3016,..,1,8
2010,3,Sants-Montjuïc,11,el Poble-sec,57,3016,..,1,9
2010,3,Sants-Montjuïc,11,el Poble-sec,57,3016,..,1,10
2010,3,Sants-Montjuïc,11,el Poble-sec,57,3016,..,1,11
2010,3,Sants-Montjuïc,11,el Poble-sec,57,3016,..,1,12
2010,3,Sants-Montjuïc,11,el Poble-sec,57,3016,..,1,15
2010,3,Sants-Montjuïc,11,el Poble-sec,57,3016,..,2,0
2010,3,Sants-Montjuïc,11,el Poble-sec,57,3016,..,2,1
2010,3,Sants-Montjuïc,11,el Poble-sec,57,3016,..,2,2
2010,3,Sants-Montjuïc,11,el Poble-sec,57,3016,5,2,3
2010,3,Sants-Montjuïc,11,el Poble-sec,57,3016,7,2,4
2010,3,Sants-Montjuïc,11,el Poble-sec,57,3016,10,2,5
2010,3,Sants-Montjuïc,11,el Poble-sec,57,3016,14,2,6
2010,3,Sants-Montjuïc,11,el Poble-sec,57,3016,8,2,7
2010,3,Sants-Montjuïc,11,el Poble-sec,57,3016,5,2,8
2010,3,Sants-Montjuïc,11,el Poble-sec,57,3016,..,2,9
2010,3,Sants-Montjuïc,11,el Poble-sec,57,3016,..,2,10
2010,3,Sants-Montjuïc,11,el Poble-sec,57,3016,..,2,11
2010,3,Sants-Montjuïc,11,el Poble-sec,57,3016,..,2,12
2010,3,Sants-Montjuïc,11,el Poble-sec,57,3016,..,2,13
2010,3,Sants-Montjuïc,11,el Poble-sec,57,3016,..,2,15
2010,3,Sants-Montjuïc,11,el Poble-sec,57,3016,..,2,16
2010,3,Sants-Montjuïc,11,el Poble-sec,57,3017,9,1,0
2010,3,Sants-Montjuïc,11,el Poble-sec,57,3017,7,1,1
2010,3,Sants-Montjuïc,11,el Poble-sec,57,3017,..,1,2
2010,3,Sants-Montjuïc,11,el Poble-sec,57,3017,..,1,3
2010,3,Sants-Montjuïc,11,el Poble-sec,57,3017,..,1,4
2010,3,Sants-Montjuïc,11,el Poble-sec,57,3017,16,1,5
2010,3,Sants-Montjuïc,11,el Poble-sec,57,3017,7,1,6
2010,3,Sants-Montjuïc,11,el Poble-sec,57,3017,11,1,7
2010,3,Sants-Montjuïc,11,el Poble-sec,57,3017,..,1,8
2010,3,Sants-Montjuïc,11,el Poble-sec,57,3017,..,1,9
2010,3,Sants-Montjuïc,11,el Poble-sec,57,3017,..,1,11
2010,3,Sants-Montjuïc,11,el Poble-sec,57,3017,..,1,13
2010,3,Sants-Montjuïc,11,el Poble-sec,57,3017,..,1,14
2010,3,Sants-Montjuïc,11,el Poble-sec,57,3017,..,1,17
2010,3,Sants-Montjuïc,11,el Poble-sec,57,3017,..,2,0
2010,3,Sants-Montjuïc,11,el Poble-sec,57,3017,..,2,1
2010,3,Sants-Montjuïc,11,el Poble-sec,57,3017,..,2,2
2010,3,Sants-Montjuïc,11,el Poble-sec,57,3017,..,2,3
2010,3,Sants-Montjuïc,11,el Poble-sec,57,3017,14,2,4
2010,3,Sants-Montjuïc,11,el Poble-sec,57,3017,31,2,5
2010,3,Sants-Montjuïc,11,el Poble-sec,57,3017,26,2,6
2010,3,Sants-Montjuïc,11,el Poble-sec,57,3017,18,2,7
2010,3,Sants-Montjuïc,11,el Poble-sec,57,3017,16,2,8
2010,3,Sants-Montjuïc,11,el Poble-sec,57,3017,7,2,9
2010,3,Sants-Montjuïc,11,el Poble-sec,57,3017,..,2,10
2010,3,Sants-Montjuïc,11,el Poble-sec,57,3017,..,2,11
2010,3,Sants-Montjuïc,11,el Poble-sec,57,3017,..,2,12
2010,3,Sants-Montjuïc,11,el Poble-sec,57,3017,..,2,13
2010,3,Sants-Montjuïc,11,el Poble-sec,58,3018,..,1,0
2010,3,Sants-Montjuïc,11,el Poble-sec,58,3018,..,1,1
2010,3,Sants-Montjuïc,11,el Poble-sec,58,3018,..,1,2
2010,3,Sants-Montjuïc,11,el Poble-sec,58,3018,..,1,3
2010,3,Sants-Montjuïc,11,el Poble-sec,58,3018,7,1,4
2010,3,Sants-Montjuïc,11,el Poble-sec,58,3018,..,1,5
2010,3,Sants-Montjuïc,11,el Poble-sec,58,3018,9,1,6
2010,3,Sants-Montjuïc,11,el Poble-sec,58,3018,..,1,7
2010,3,Sants-Montjuïc,11,el Poble-sec,58,3018,..,1,8
2010,3,Sants-Montjuïc,11,el Poble-sec,58,3018,..,1,9
2010,3,Sants-Montjuïc,11,el Poble-sec,58,3018,..,1,14
2010,3,Sants-Montjuïc,11,el Poble-sec,58,3018,..,1,16
2010,3,Sants-Montjuïc,11,el Poble-sec,58,3018,7,2,0
2010,3,Sants-Montjuïc,11,el Poble-sec,58,3018,..,2,1
2010,3,Sants-Montjuïc,11,el Poble-sec,58,3018,..,2,2
2010,3,Sants-Montjuïc,11,el Poble-sec,58,3018,..,2,3
2010,3,Sants-Montjuïc,11,el Poble-sec,58,3018,..,2,4
2010,3,Sants-Montjuïc,11,el Poble-sec,58,3018,..,2,6
2010,3,Sants-Montjuïc,11,el Poble-sec,58,3018,9,2,7
2010,3,Sants-Montjuïc,11,el Poble-sec,58,3018,..,2,8
2010,3,Sants-Montjuïc,11,el Poble-sec,58,3018,5,2,9
2010,3,Sants-Montjuïc,11,el Poble-sec,58,3018,..,2,10
2010,3,Sants-Montjuïc,11,el Poble-sec,58,3018,..,2,11
2010,3,Sants-Montjuïc,11,el Poble-sec,58,3019,..,1,1
2010,3,Sants-Montjuïc,11,el Poble-sec,58,3019,..,1,2
2010,3,Sants-Montjuïc,11,el Poble-sec,58,3019,..,1,3
2010,3,Sants-Montjuïc,11,el Poble-sec,58,3019,12,1,4
2010,3,Sants-Montjuïc,11,el Poble-sec,58,3019,12,1,5
2010,3,Sants-Montjuïc,11,el Poble-sec,58,3019,7,1,6
2010,3,Sants-Montjuïc,11,el Poble-sec,58,3019,..,1,7
2010,3,Sants-Montjuïc,11,el Poble-sec,58,3019,5,1,8
2010,3,Sants-Montjuïc,11,el Poble-sec,58,3019,..,1,9
2010,3,Sants-Montjuïc,11,el Poble-sec,58,3019,..,1,10
2010,3,Sants-Montjuïc,11,el Poble-sec,58,3019,..,1,11
2010,3,Sants-Montjuïc,11,el Poble-sec,58,3019,..,1,12
2010,3,Sants-Montjuïc,11,el Poble-sec,58,3019,..,2,0
2010,3,Sants-Montjuïc,11,el Poble-sec,58,3019,..,2,1
2010,3,Sants-Montjuïc,11,el Poble-sec,58,3019,..,2,2
2010,3,Sants-Montjuïc,11,el Poble-sec,58,3019,..,2,3
2010,3,Sants-Montjuïc,11,el Poble-sec,58,3019,7,2,4
2010,3,Sants-Montjuïc,11,el Poble-sec,58,3019,13,2,5
2010,3,Sants-Montjuïc,11,el Poble-sec,58,3019,11,2,6
2010,3,Sants-Montjuïc,11,el Poble-sec,58,3019,10,2,7
2010,3,Sants-Montjuïc,11,el Poble-sec,58,3019,8,2,8
2010,3,Sants-Montjuïc,11,el Poble-sec,58,3019,..,2,9
2010,3,Sants-Montjuïc,11,el Poble-sec,58,3019,..,2,10
2010,3,Sants-Montjuïc,11,el Poble-sec,58,3019,..,2,12
2010,3,Sants-Montjuïc,11,el Poble-sec,58,3019,..,2,14
2010,3,Sants-Montjuïc,11,el Poble-sec,58,3020,..,1,0
2010,3,Sants-Montjuïc,11,el Poble-sec,58,3020,..,1,3
2010,3,Sants-Montjuïc,11,el Poble-sec,58,3020,7,1,4
2010,3,Sants-Montjuïc,11,el Poble-sec,58,3020,7,1,5
2010,3,Sants-Montjuïc,11,el Poble-sec,58,3020,..,1,6
2010,3,Sants-Montjuïc,11,el Poble-sec,58,3020,..,1,7
2010,3,Sants-Montjuïc,11,el Poble-sec,58,3020,..,1,8
2010,3,Sants-Montjuïc,11,el Poble-sec,58,3020,..,1,9
2010,3,Sants-Montjuïc,11,el Poble-sec,58,3020,..,1,10
2010,3,Sants-Montjuïc,11,el Poble-sec,58,3020,..,1,12
2010,3,Sants-Montjuïc,11,el Poble-sec,58,3020,..,1,14
2010,3,Sants-Montjuïc,11,el Poble-sec,58,3020,..,2,0
2010,3,Sants-Montjuïc,11,el Poble-sec,58,3020,..,2,3
2010,3,Sants-Montjuïc,11,el Poble-sec,58,3020,6,2,4
2010,3,Sants-Montjuïc,11,el Poble-sec,58,3020,5,2,5
2010,3,Sants-Montjuïc,11,el Poble-sec,58,3020,..,2,6
2010,3,Sants-Montjuïc,11,el Poble-sec,58,3020,..,2,7
2010,3,Sants-Montjuïc,11,el Poble-sec,58,3020,..,2,8
2010,3,Sants-Montjuïc,11,el Poble-sec,58,3020,..,2,9
2010,3,Sants-Montjuïc,11,el Poble-sec,58,3020,..,2,10
2010,3,Sants-Montjuïc,11,el Poble-sec,58,3020,..,2,11
2010,3,Sants-Montjuïc,11,el Poble-sec,58,3020,..,2,12
2010,3,Sants-Montjuïc,11,el Poble-sec,58,3021,..,1,0
2010,3,Sants-Montjuïc,11,el Poble-sec,58,3021,..,1,1
2010,3,Sants-Montjuïc,11,el Poble-sec,58,3021,..,1,4
2010,3,Sants-Montjuïc,11,el Poble-sec,58,3021,5,1,5
2010,3,Sants-Montjuïc,11,el Poble-sec,58,3021,..,1,6
2010,3,Sants-Montjuïc,11,el Poble-sec,58,3021,..,1,7
2010,3,Sants-Montjuïc,11,el Poble-sec,58,3021,..,1,8
2010,3,Sants-Montjuïc,11,el Poble-sec,58,3021,..,1,10
2010,3,Sants-Montjuïc,11,el Poble-sec,58,3021,..,1,11
2010,3,Sants-Montjuïc,11,el Poble-sec,58,3021,..,1,12
2010,3,Sants-Montjuïc,11,el Poble-sec,58,3021,..,1,15
2010,3,Sants-Montjuïc,11,el Poble-sec,58,3021,..,1,16
2010,3,Sants-Montjuïc,11,el Poble-sec,58,3021,..,2,0
2010,3,Sants-Montjuïc,11,el Poble-sec,58,3021,..,2,1
2010,3,Sants-Montjuïc,11,el Poble-sec,58,3021,..,2,3
2010,3,Sants-Montjuïc,11,el Poble-sec,58,3021,..,2,4
2010,3,Sants-Montjuïc,11,el Poble-sec,58,3021,..,2,5
2010,3,Sants-Montjuïc,11,el Poble-sec,58,3021,5,2,6
2010,3,Sants-Montjuïc,11,el Poble-sec,58,3021,..,2,7
2010,3,Sants-Montjuïc,11,el Poble-sec,58,3021,..,2,9
2010,3,Sants-Montjuïc,11,el Poble-sec,58,3021,..,2,10
2010,3,Sants-Montjuïc,11,el Poble-sec,58,3021,..,2,14
2010,3,Sants-Montjuïc,11,el Poble-sec,58,3021,..,2,16
2010,3,Sants-Montjuïc,11,el Poble-sec,58,3022,..,1,1
2010,3,Sants-Montjuïc,11,el Poble-sec,58,3022,..,1,3
2010,3,Sants-Montjuïc,11,el Poble-sec,58,3022,9,1,4
2010,3,Sants-Montjuïc,11,el Poble-sec,58,3022,7,1,5
2010,3,Sants-Montjuïc,11,el Poble-sec,58,3022,7,1,6
2010,3,Sants-Montjuïc,11,el Poble-sec,58,3022,6,1,7
2010,3,Sants-Montjuïc,11,el Poble-sec,58,3022,..,1,8
2010,3,Sants-Montjuïc,11,el Poble-sec,58,3022,..,1,9
2010,3,Sants-Montjuïc,11,el Poble-sec,58,3022,..,1,10
2010,3,Sants-Montjuïc,11,el Poble-sec,58,3022,..,1,11
2010,3,Sants-Montjuïc,11,el Poble-sec,58,3022,..,1,12
2010,3,Sants-Montjuïc,11,el Poble-sec,58,3022,..,1,13
2010,3,Sants-Montjuïc,11,el Poble-sec,58,3022,..,1,14
2010,3,Sants-Montjuïc,11,el Poble-sec,58,3022,..,2,0
2010,3,Sants-Montjuïc,11,el Poble-sec,58,3022,..,2,3
2010,3,Sants-Montjuïc,11,el Poble-sec,58,3022,7,2,4
2010,3,Sants-Montjuïc,11,el Poble-sec,58,3022,9,2,5
2010,3,Sants-Montjuïc,11,el Poble-sec,58,3022,11,2,6
2010,3,Sants-Montjuïc,11,el Poble-sec,58,3022,5,2,7
2010,3,Sants-Montjuïc,11,el Poble-sec,58,3022,7,2,8
2010,3,Sants-Montjuïc,11,el Poble-sec,58,3022,..,2,9
2010,3,Sants-Montjuïc,11,el Poble-sec,58,3022,..,2,10
2010,3,Sants-Montjuïc,11,el Poble-sec,58,3022,..,2,11
2010,3,Sants-Montjuïc,11,el Poble-sec,59,3023,..,1,0
2010,3,Sants-Montjuïc,11,el Poble-sec,59,3023,..,1,1
2010,3,Sants-Montjuïc,11,el Poble-sec,59,3023,..,1,2
2010,3,Sants-Montjuïc,11,el Poble-sec,59,3023,..,1,3
2010,3,Sants-Montjuïc,11,el Poble-sec,59,3023,10,1,4
2010,3,Sants-Montjuïc,11,el Poble-sec,59,3023,23,1,5
2010,3,Sants-Montjuïc,11,el Poble-sec,59,3023,13,1,6
2010,3,Sants-Montjuïc,11,el Poble-sec,59,3023,7,1,7
2010,3,Sants-Montjuïc,11,el Poble-sec,59,3023,..,1,8
2010,3,Sants-Montjuïc,11,el Poble-sec,59,3023,5,1,9
2010,3,Sants-Montjuïc,11,el Poble-sec,59,3023,..,1,10
2010,3,Sants-Montjuïc,11,el Poble-sec,59,3023,..,1,11
2010,3,Sants-Montjuïc,11,el Poble-sec,59,3023,..,1,13
2010,3,Sants-Montjuïc,11,el Poble-sec,59,3023,..,1,17
2010,3,Sants-Montjuïc,11,el Poble-sec,59,3023,6,2,0
2010,3,Sants-Montjuïc,11,el Poble-sec,59,3023,..,2,1
2010,3,Sants-Montjuïc,11,el Poble-sec,59,3023,..,2,2
2010,3,Sants-Montjuïc,11,el Poble-sec,59,3023,..,2,3
2010,3,Sants-Montjuïc,11,el Poble-sec,59,3023,18,2,4
2010,3,Sants-Montjuïc,11,el Poble-sec,59,3023,15,2,5
2010,3,Sants-Montjuïc,11,el Poble-sec,59,3023,15,2,6
2010,3,Sants-Montjuïc,11,el Poble-sec,59,3023,8,2,7
2010,3,Sants-Montjuïc,11,el Poble-sec,59,3023,11,2,8
2010,3,Sants-Montjuïc,11,el Poble-sec,59,3023,5,2,9
2010,3,Sants-Montjuïc,11,el Poble-sec,59,3023,..,2,10
2010,3,Sants-Montjuïc,11,el Poble-sec,59,3023,..,2,12
2010,3,Sants-Montjuïc,11,el Poble-sec,59,3023,..,2,13
2010,3,Sants-Montjuïc,11,el Poble-sec,59,3024,..,1,0
2010,3,Sants-Montjuïc,11,el Poble-sec,59,3024,6,1,1
2010,3,Sants-Montjuïc,11,el Poble-sec,59,3024,..,1,3
2010,3,Sants-Montjuïc,11,el Poble-sec,59,3024,10,1,4
2010,3,Sants-Montjuïc,11,el Poble-sec,59,3024,13,1,5
2010,3,Sants-Montjuïc,11,el Poble-sec,59,3024,19,1,6
2010,3,Sants-Montjuïc,11,el Poble-sec,59,3024,11,1,7
2010,3,Sants-Montjuïc,11,el Poble-sec,59,3024,5,1,8
2010,3,Sants-Montjuïc,11,el Poble-sec,59,3024,5,1,9
2010,3,Sants-Montjuïc,11,el Poble-sec,59,3024,..,1,10
2010,3,Sants-Montjuïc,11,el Poble-sec,59,3024,..,1,12
2010,3,Sants-Montjuïc,11,el Poble-sec,59,3024,..,1,15
2010,3,Sants-Montjuïc,11,el Poble-sec,59,3024,..,1,16
2010,3,Sants-Montjuïc,11,el Poble-sec,59,3024,9,2,0
2010,3,Sants-Montjuïc,11,el Poble-sec,59,3024,..,2,1
2010,3,Sants-Montjuïc,11,el Poble-sec,59,3024,..,2,2
2010,3,Sants-Montjuïc,11,el Poble-sec,59,3024,..,2,3
2010,3,Sants-Montjuïc,11,el Poble-sec,59,3024,8,2,4
2010,3,Sants-Montjuïc,11,el Poble-sec,59,3024,15,2,5
2010,3,Sants-Montjuïc,11,el Poble-sec,59,3024,16,2,6
2010,3,Sants-Montjuïc,11,el Poble-sec,59,3024,6,2,7
2010,3,Sants-Montjuïc,11,el Poble-sec,59,3024,18,2,8
2010,3,Sants-Montjuïc,11,el Poble-sec,59,3024,6,2,9
2010,3,Sants-Montjuïc,11,el Poble-sec,59,3024,..,2,10
2010,3,Sants-Montjuïc,11,el Poble-sec,59,3024,..,2,12
2010,3,Sants-Montjuïc,11,el Poble-sec,59,3024,..,2,13
2010,3,Sants-Montjuïc,11,el Poble-sec,59,3024,..,2,14
2010,3,Sants-Montjuïc,11,el Poble-sec,59,3024,..,2,15
2010,3,Sants-Montjuïc,12,la Marina del Prat Vermell,60,3025,..,1,0
2010,3,Sants-Montjuïc,12,la Marina del Prat Vermell,60,3025,..,1,2
2010,3,Sants-Montjuïc,12,la Marina del Prat Vermell,60,3025,..,1,3
2010,3,Sants-Montjuïc,12,la Marina del Prat Vermell,60,3025,..,1,4
2010,3,Sants-Montjuïc,12,la Marina del Prat Vermell,60,3025,..,1,5
2010,3,Sants-Montjuïc,12,la Marina del Prat Vermell,60,3025,..,1,6
2010,3,Sants-Montjuïc,12,la Marina del Prat Vermell,60,3025,..,1,7
2010,3,Sants-Montjuïc,12,la Marina del Prat Vermell,60,3025,..,1,9
2010,3,Sants-Montjuïc,12,la Marina del Prat Vermell,60,3025,..,2,0
2010,3,Sants-Montjuïc,12,la Marina del Prat Vermell,60,3025,..,2,1
2010,3,Sants-Montjuïc,12,la Marina del Prat Vermell,60,3025,..,2,3
2010,3,Sants-Montjuïc,12,la Marina del Prat Vermell,60,3025,..,2,4
2010,3,Sants-Montjuïc,12,la Marina del Prat Vermell,60,3025,..,2,5
2010,3,Sants-Montjuïc,12,la Marina del Prat Vermell,60,3025,5,2,6
2010,3,Sants-Montjuïc,12,la Marina del Prat Vermell,60,3025,..,2,7
2010,3,Sants-Montjuïc,12,la Marina del Prat Vermell,60,3025,..,2,8
2010,3,Sants-Montjuïc,12,la Marina del Prat Vermell,60,3025,..,2,9
2010,3,Sants-Montjuïc,13,la Marina de Port,61,3026,..,1,0
2010,3,Sants-Montjuïc,13,la Marina de Port,61,3026,..,1,1
2010,3,Sants-Montjuïc,13,la Marina de Port,61,3026,..,1,2
2010,3,Sants-Montjuïc,13,la Marina de Port,61,3026,..,1,4
2010,3,Sants-Montjuïc,13,la Marina de Port,61,3026,..,1,5
2010,3,Sants-Montjuïc,13,la Marina de Port,61,3026,..,1,6
2010,3,Sants-Montjuïc,13,la Marina de Port,61,3026,..,1,7
2010,3,Sants-Montjuïc,13,la Marina de Port,61,3026,..,1,8
2010,3,Sants-Montjuïc,13,la Marina de Port,61,3026,..,1,9
2010,3,Sants-Montjuïc,13,la Marina de Port,61,3026,..,1,11
2010,3,Sants-Montjuïc,13,la Marina de Port,61,3026,..,1,12
2010,3,Sants-Montjuïc,13,la Marina de Port,61,3026,..,1,13
2010,3,Sants-Montjuïc,13,la Marina de Port,61,3026,..,1,15
2010,3,Sants-Montjuïc,13,la Marina de Port,61,3026,..,2,2
2010,3,Sants-Montjuïc,13,la Marina de Port,61,3026,..,2,3
2010,3,Sants-Montjuïc,13,la Marina de Port,61,3026,..,2,5
2010,3,Sants-Montjuïc,13,la Marina de Port,61,3026,..,2,6
2010,3,Sants-Montjuïc,13,la Marina de Port,61,3026,..,2,7
2010,3,Sants-Montjuïc,13,la Marina de Port,61,3026,..,2,8
2010,3,Sants-Montjuïc,13,la Marina de Port,61,3026,..,2,9
2010,3,Sants-Montjuïc,13,la Marina de Port,61,3026,..,2,11
2010,3,Sants-Montjuïc,13,la Marina de Port,61,3026,..,2,12
2010,3,Sants-Montjuïc,13,la Marina de Port,61,3026,..,2,13
2010,3,Sants-Montjuïc,13,la Marina de Port,61,3026,..,2,16
2010,3,Sants-Montjuïc,13,la Marina de Port,61,3027,..,1,0
2010,3,Sants-Montjuïc,13,la Marina de Port,61,3027,..,1,2
2010,3,Sants-Montjuïc,13,la Marina de Port,61,3027,..,1,3
2010,3,Sants-Montjuïc,13,la Marina de Port,61,3027,..,1,4
2010,3,Sants-Montjuïc,13,la Marina de Port,61,3027,5,1,5
2010,3,Sants-Montjuïc,13,la Marina de Port,61,3027,6,1,6
2010,3,Sants-Montjuïc,13,la Marina de Port,61,3027,..,1,7
2010,3,Sants-Montjuïc,13,la Marina de Port,61,3027,..,1,8
2010,3,Sants-Montjuïc,13,la Marina de Port,61,3027,..,1,9
2010,3,Sants-Montjuïc,13,la Marina de Port,61,3027,..,1,13
2010,3,Sants-Montjuïc,13,la Marina de Port,61,3027,..,2,0
2010,3,Sants-Montjuïc,13,la Marina de Port,61,3027,..,2,1
2010,3,Sants-Montjuïc,13,la Marina de Port,61,3027,..,2,2
2010,3,Sants-Montjuïc,13,la Marina de Port,61,3027,..,2,3
2010,3,Sants-Montjuïc,13,la Marina de Port,61,3027,..,2,4
2010,3,Sants-Montjuïc,13,la Marina de Port,61,3027,7,2,5
2010,3,Sants-Montjuïc,13,la Marina de Port,61,3027,..,2,6
2010,3,Sants-Montjuïc,13,la Marina de Port,61,3027,..,2,8
2010,3,Sants-Montjuïc,13,la Marina de Port,61,3027,..,2,9
2010,3,Sants-Montjuïc,13,la Marina de Port,61,3027,..,2,10
2010,3,Sants-Montjuïc,13,la Marina de Port,61,3027,..,2,12
2010,3,Sants-Montjuïc,13,la Marina de Port,61,3027,..,2,13
2010,3,Sants-Montjuïc,13,la Marina de Port,61,3027,..,2,16
2010,3,Sants-Montjuïc,13,la Marina de Port,61,3028,..,1,0
2010,3,Sants-Montjuïc,13,la Marina de Port,61,3028,..,1,1
2010,3,Sants-Montjuïc,13,la Marina de Port,61,3028,..,1,3
2010,3,Sants-Montjuïc,13,la Marina de Port,61,3028,8,1,4
2010,3,Sants-Montjuïc,13,la Marina de Port,61,3028,..,1,5
2010,3,Sants-Montjuïc,13,la Marina de Port,61,3028,9,1,6
2010,3,Sants-Montjuïc,13,la Marina de Port,61,3028,8,1,7
2010,3,Sants-Montjuïc,13,la Marina de Port,61,3028,..,1,8
2010,3,Sants-Montjuïc,13,la Marina de Port,61,3028,..,1,9
2010,3,Sants-Montjuïc,13,la Marina de Port,61,3028,..,1,10
2010,3,Sants-Montjuïc,13,la Marina de Port,61,3028,..,1,11
2010,3,Sants-Montjuïc,13,la Marina de Port,61,3028,..,1,13
2010,3,Sants-Montjuïc,13,la Marina de Port,61,3028,..,1,16
2010,3,Sants-Montjuïc,13,la Marina de Port,61,3028,..,1,18
2010,3,Sants-Montjuïc,13,la Marina de Port,61,3028,..,2,0
2010,3,Sants-Montjuïc,13,la Marina de Port,61,3028,..,2,1
2010,3,Sants-Montjuïc,13,la Marina de Port,61,3028,..,2,2
2010,3,Sants-Montjuïc,13,la Marina de Port,61,3028,..,2,3
2010,3,Sants-Montjuïc,13,la Marina de Port,61,3028,..,2,4
2010,3,Sants-Montjuïc,13,la Marina de Port,61,3028,8,2,5
2010,3,Sants-Montjuïc,13,la Marina de Port,61,3028,5,2,6
2010,3,Sants-Montjuïc,13,la Marina de Port,61,3028,8,2,7
2010,3,Sants-Montjuïc,13,la Marina de Port,61,3028,7,2,8
2010,3,Sants-Montjuïc,13,la Marina de Port,61,3028,..,2,9
2010,3,Sants-Montjuïc,13,la Marina de Port,61,3028,..,2,10
2010,3,Sants-Montjuïc,13,la Marina de Port,61,3028,..,2,12
2010,3,Sants-Montjuïc,13,la Marina de Port,61,3029,..,1,0
2010,3,Sants-Montjuïc,13,la Marina de Port,61,3029,6,1,1
2010,3,Sants-Montjuïc,13,la Marina de Port,61,3029,..,1,2
2010,3,Sants-Montjuïc,13,la Marina de Port,61,3029,..,1,3
2010,3,Sants-Montjuïc,13,la Marina de Port,61,3029,..,1,4
2010,3,Sants-Montjuïc,13,la Marina de Port,61,3029,..,1,5
2010,3,Sants-Montjuïc,13,la Marina de Port,61,3029,..,1,6
2010,3,Sants-Montjuïc,13,la Marina de Port,61,3029,..,1,7
2010,3,Sants-Montjuïc,13,la Marina de Port,61,3029,..,1,8
2010,3,Sants-Montjuïc,13,la Marina de Port,61,3029,..,1,10
2010,3,Sants-Montjuïc,13,la Marina de Port,61,3029,..,1,14
2010,3,Sants-Montjuïc,13,la Marina de Port,61,3029,..,2,0
2010,3,Sants-Montjuïc,13,la Marina de Port,61,3029,..,2,1
2010,3,Sants-Montjuïc,13,la Marina de Port,61,3029,..,2,2
2010,3,Sants-Montjuïc,13,la Marina de Port,61,3029,..,2,4
2010,3,Sants-Montjuïc,13,la Marina de Port,61,3029,..,2,5
2010,3,Sants-Montjuïc,13,la Marina de Port,61,3029,..,2,7
2010,3,Sants-Montjuïc,13,la Marina de Port,61,3029,..,2,8
2010,3,Sants-Montjuïc,13,la Marina de Port,61,3029,..,2,9
2010,3,Sants-Montjuïc,13,la Marina de Port,61,3029,..,2,10
2010,3,Sants-Montjuïc,13,la Marina de Port,61,3029,..,2,11
2010,3,Sants-Montjuïc,13,la Marina de Port,61,3029,..,2,15
2010,3,Sants-Montjuïc,13,la Marina de Port,61,3030,..,1,0
2010,3,Sants-Montjuïc,13,la Marina de Port,61,3030,..,1,1
2010,3,Sants-Montjuïc,13,la Marina de Port,61,3030,..,1,3
2010,3,Sants-Montjuïc,13,la Marina de Port,61,3030,..,1,4
2010,3,Sants-Montjuïc,13,la Marina de Port,61,3030,..,1,5
2010,3,Sants-Montjuïc,13,la Marina de Port,61,3030,..,1,6
2010,3,Sants-Montjuïc,13,la Marina de Port,61,3030,..,1,7
2010,3,Sants-Montjuïc,13,la Marina de Port,61,3030,..,1,9
2010,3,Sants-Montjuïc,13,la Marina de Port,61,3030,..,1,10
2010,3,Sants-Montjuïc,13,la Marina de Port,61,3030,..,1,11
2010,3,Sants-Montjuïc,13,la Marina de Port,61,3030,..,1,13
2010,3,Sants-Montjuïc,13,la Marina de Port,61,3030,..,1,17
2010,3,Sants-Montjuïc,13,la Marina de Port,61,3030,..,2,0
2010,3,Sants-Montjuïc,13,la Marina de Port,61,3030,..,2,1
2010,3,Sants-Montjuïc,13,la Marina de Port,61,3030,..,2,3
2010,3,Sants-Montjuïc,13,la Marina de Port,61,3030,7,2,4
2010,3,Sants-Montjuïc,13,la Marina de Port,61,3030,..,2,5
2010,3,Sants-Montjuïc,13,la Marina de Port,61,3030,..,2,6
2010,3,Sants-Montjuïc,13,la Marina de Port,61,3030,..,2,7
2010,3,Sants-Montjuïc,13,la Marina de Port,61,3030,..,2,8
2010,3,Sants-Montjuïc,13,la Marina de Port,61,3030,..,2,9
2010,3,Sants-Montjuïc,13,la Marina de Port,61,3030,..,2,10
2010,3,Sants-Montjuïc,13,la Marina de Port,61,3030,..,2,12
2010,3,Sants-Montjuïc,13,la Marina de Port,62,3031,5,1,0
2010,3,Sants-Montjuïc,13,la Marina de Port,62,3031,..,1,1
2010,3,Sants-Montjuïc,13,la Marina de Port,62,3031,..,1,2
2010,3,Sants-Montjuïc,13,la Marina de Port,62,3031,..,1,3
2010,3,Sants-Montjuïc,13,la Marina de Port,62,3031,..,1,4
2010,3,Sants-Montjuïc,13,la Marina de Port,62,3031,10,1,5
2010,3,Sants-Montjuïc,13,la Marina de Port,62,3031,11,1,6
2010,3,Sants-Montjuïc,13,la Marina de Port,62,3031,5,1,7
2010,3,Sants-Montjuïc,13,la Marina de Port,62,3031,..,1,9
2010,3,Sants-Montjuïc,13,la Marina de Port,62,3031,..,1,10
2010,3,Sants-Montjuïc,13,la Marina de Port,62,3031,..,1,11
2010,3,Sants-Montjuïc,13,la Marina de Port,62,3031,..,1,15
2010,3,Sants-Montjuïc,13,la Marina de Port,62,3031,..,1,16
2010,3,Sants-Montjuïc,13,la Marina de Port,62,3031,..,1,17
2010,3,Sants-Montjuïc,13,la Marina de Port,62,3031,..,2,0
2010,3,Sants-Montjuïc,13,la Marina de Port,62,3031,6,2,1
2010,3,Sants-Montjuïc,13,la Marina de Port,62,3031,..,2,2
2010,3,Sants-Montjuïc,13,la Marina de Port,62,3031,6,2,3
2010,3,Sants-Montjuïc,13,la Marina de Port,62,3031,..,2,4
2010,3,Sants-Montjuïc,13,la Marina de Port,62,3031,8,2,5
2010,3,Sants-Montjuïc,13,la Marina de Port,62,3031,14,2,6
2010,3,Sants-Montjuïc,13,la Marina de Port,62,3031,5,2,7
2010,3,Sants-Montjuïc,13,la Marina de Port,62,3031,6,2,8
2010,3,Sants-Montjuïc,13,la Marina de Port,62,3031,..,2,9
2010,3,Sants-Montjuïc,13,la Marina de Port,62,3031,..,2,11
2010,3,Sants-Montjuïc,13,la Marina de Port,62,3031,..,2,13
2010,3,Sants-Montjuïc,13,la Marina de Port,62,3031,..,2,14
2010,3,Sants-Montjuïc,13,la Marina de Port,62,3032,..,1,0
2010,3,Sants-Montjuïc,13,la Marina de Port,62,3032,..,1,1
2010,3,Sants-Montjuïc,13,la Marina de Port,62,3032,..,1,2
2010,3,Sants-Montjuïc,13,la Marina de Port,62,3032,6,1,3
2010,3,Sants-Montjuïc,13,la Marina de Port,62,3032,7,1,4
2010,3,Sants-Montjuïc,13,la Marina de Port,62,3032,9,1,5
2010,3,Sants-Montjuïc,13,la Marina de Port,62,3032,..,1,6
2010,3,Sants-Montjuïc,13,la Marina de Port,62,3032,7,1,7
2010,3,Sants-Montjuïc,13,la Marina de Port,62,3032,6,1,8
2010,3,Sants-Montjuïc,13,la Marina de Port,62,3032,..,1,9
2010,3,Sants-Montjuïc,13,la Marina de Port,62,3032,..,1,10
2010,3,Sants-Montjuïc,13,la Marina de Port,62,3032,..,1,11
2010,3,Sants-Montjuïc,13,la Marina de Port,62,3032,..,1,16
2010,3,Sants-Montjuïc,13,la Marina de Port,62,3032,..,2,0
2010,3,Sants-Montjuïc,13,la Marina de Port,62,3032,..,2,1
2010,3,Sants-Montjuïc,13,la Marina de Port,62,3032,..,2,2
2010,3,Sants-Montjuïc,13,la Marina de Port,62,3032,..,2,3
2010,3,Sants-Montjuïc,13,la Marina de Port,62,3032,..,2,4
2010,3,Sants-Montjuïc,13,la Marina de Port,62,3032,9,2,5
2010,3,Sants-Montjuïc,13,la Marina de Port,62,3032,10,2,6
2010,3,Sants-Montjuïc,13,la Marina de Port,62,3032,6,2,7
2010,3,Sants-Montjuïc,13,la Marina de Port,62,3032,7,2,8
2010,3,Sants-Montjuïc,13,la Marina de Port,62,3032,..,2,9
2010,3,Sants-Montjuïc,13,la Marina de Port,62,3032,..,2,10
2010,3,Sants-Montjuïc,13,la Marina de Port,62,3032,..,2,11
2010,3,Sants-Montjuïc,13,la Marina de Port,62,3033,5,1,0
2010,3,Sants-Montjuïc,13,la Marina de Port,62,3033,..,1,1
2010,3,Sants-Montjuïc,13,la Marina de Port,62,3033,5,1,2
2010,3,Sants-Montjuïc,13,la Marina de Port,62,3033,5,1,3
2010,3,Sants-Montjuïc,13,la Marina de Port,62,3033,5,1,4
2010,3,Sants-Montjuïc,13,la Marina de Port,62,3033,10,1,5
2010,3,Sants-Montjuïc,13,la Marina de Port,62,3033,10,1,6
2010,3,Sants-Montjuïc,13,la Marina de Port,62,3033,6,1,7
2010,3,Sants-Montjuïc,13,la Marina de Port,62,3033,..,1,8
2010,3,Sants-Montjuïc,13,la Marina de Port,62,3033,..,1,9
2010,3,Sants-Montjuïc,13,la Marina de Port,62,3033,..,1,10
2010,3,Sants-Montjuïc,13,la Marina de Port,62,3033,..,1,11
2010,3,Sants-Montjuïc,13,la Marina de Port,62,3033,..,1,13
2010,3,Sants-Montjuïc,13,la Marina de Port,62,3033,..,2,0
2010,3,Sants-Montjuïc,13,la Marina de Port,62,3033,..,2,1
2010,3,Sants-Montjuïc,13,la Marina de Port,62,3033,..,2,2
2010,3,Sants-Montjuïc,13,la Marina de Port,62,3033,..,2,3
2010,3,Sants-Montjuïc,13,la Marina de Port,62,3033,11,2,4
2010,3,Sants-Montjuïc,13,la Marina de Port,62,3033,12,2,5
2010,3,Sants-Montjuïc,13,la Marina de Port,62,3033,8,2,6
2010,3,Sants-Montjuïc,13,la Marina de Port,62,3033,8,2,7
2010,3,Sants-Montjuïc,13,la Marina de Port,62,3033,..,2,8
2010,3,Sants-Montjuïc,13,la Marina de Port,62,3033,..,2,9
2010,3,Sants-Montjuïc,13,la Marina de Port,62,3033,..,2,10
2010,3,Sants-Montjuïc,13,la Marina de Port,62,3033,..,2,11
2010,3,Sants-Montjuïc,13,la Marina de Port,62,3033,..,2,12
2010,3,Sants-Montjuïc,13,la Marina de Port,62,3034,..,1,0
2010,3,Sants-Montjuïc,13,la Marina de Port,62,3034,..,1,1
2010,3,Sants-Montjuïc,13,la Marina de Port,62,3034,..,1,2
2010,3,Sants-Montjuïc,13,la Marina de Port,62,3034,..,1,3
2010,3,Sants-Montjuïc,13,la Marina de Port,62,3034,6,1,4
2010,3,Sants-Montjuïc,13,la Marina de Port,62,3034,8,1,5
2010,3,Sants-Montjuïc,13,la Marina de Port,62,3034,6,1,6
2010,3,Sants-Montjuïc,13,la Marina de Port,62,3034,..,1,7
2010,3,Sants-Montjuïc,13,la Marina de Port,62,3034,..,1,8
2010,3,Sants-Montjuïc,13,la Marina de Port,62,3034,..,1,9
2010,3,Sants-Montjuïc,13,la Marina de Port,62,3034,..,1,11
2010,3,Sants-Montjuïc,13,la Marina de Port,62,3034,..,1,12
2010,3,Sants-Montjuïc,13,la Marina de Port,62,3034,..,1,17
2010,3,Sants-Montjuïc,13,la Marina de Port,62,3034,..,2,0
2010,3,Sants-Montjuïc,13,la Marina de Port,62,3034,..,2,1
2010,3,Sants-Montjuïc,13,la Marina de Port,62,3034,..,2,2
2010,3,Sants-Montjuïc,13,la Marina de Port,62,3034,..,2,4
2010,3,Sants-Montjuïc,13,la Marina de Port,62,3034,..,2,5
2010,3,Sants-Montjuïc,13,la Marina de Port,62,3034,..,2,6
2010,3,Sants-Montjuïc,13,la Marina de Port,62,3034,..,2,7
2010,3,Sants-Montjuïc,13,la Marina de Port,62,3034,8,2,8
2010,3,Sants-Montjuïc,13,la Marina de Port,62,3034,..,2,9
2010,3,Sants-Montjuïc,13,la Marina de Port,62,3034,..,2,11
2010,3,Sants-Montjuïc,13,la Marina de Port,62,3034,..,2,12
2010,3,Sants-Montjuïc,13,la Marina de Port,62,3211,..,1,0
2010,3,Sants-Montjuïc,13,la Marina de Port,62,3211,..,1,1
2010,3,Sants-Montjuïc,13,la Marina de Port,62,3211,..,1,3
2010,3,Sants-Montjuïc,13,la Marina de Port,62,3211,..,1,4
2010,3,Sants-Montjuïc,13,la Marina de Port,62,3211,..,1,5
2010,3,Sants-Montjuïc,13,la Marina de Port,62,3211,7,1,6
2010,3,Sants-Montjuïc,13,la Marina de Port,62,3211,..,1,7
2010,3,Sants-Montjuïc,13,la Marina de Port,62,3211,..,1,8
2010,3,Sants-Montjuïc,13,la Marina de Port,62,3211,..,1,11
2010,3,Sants-Montjuïc,13,la Marina de Port,62,3211,..,1,14
2010,3,Sants-Montjuïc,13,la Marina de Port,62,3211,..,1,18
2010,3,Sants-Montjuïc,13,la Marina de Port,62,3211,..,2,0
2010,3,Sants-Montjuïc,13,la Marina de Port,62,3211,..,2,1
2010,3,Sants-Montjuïc,13,la Marina de Port,62,3211,..,2,2
2010,3,Sants-Montjuïc,13,la Marina de Port,62,3211,..,2,3
2010,3,Sants-Montjuïc,13,la Marina de Port,62,3211,..,2,5
2010,3,Sants-Montjuïc,13,la Marina de Port,62,3211,..,2,6
2010,3,Sants-Montjuïc,13,la Marina de Port,62,3211,..,2,7
2010,3,Sants-Montjuïc,13,la Marina de Port,62,3211,..,2,8
2010,3,Sants-Montjuïc,13,la Marina de Port,62,3211,..,2,9
2010,3,Sants-Montjuïc,13,la Marina de Port,62,3211,..,2,15
2010,3,Sants-Montjuïc,13,la Marina de Port,63,3035,7,1,0
2010,3,Sants-Montjuïc,13,la Marina de Port,63,3035,..,1,2
2010,3,Sants-Montjuïc,13,la Marina de Port,63,3035,..,1,3
2010,3,Sants-Montjuïc,13,la Marina de Port,63,3035,6,1,4
2010,3,Sants-Montjuïc,13,la Marina de Port,63,3035,15,1,5
2010,3,Sants-Montjuïc,13,la Marina de Port,63,3035,11,1,6
2010,3,Sants-Montjuïc,13,la Marina de Port,63,3035,..,1,7
2010,3,Sants-Montjuïc,13,la Marina de Port,63,3035,..,1,8
2010,3,Sants-Montjuïc,13,la Marina de Port,63,3035,..,1,9
2010,3,Sants-Montjuïc,13,la Marina de Port,63,3035,..,1,10
2010,3,Sants-Montjuïc,13,la Marina de Port,63,3035,..,1,11
2010,3,Sants-Montjuïc,13,la Marina de Port,63,3035,..,1,12
2010,3,Sants-Montjuïc,13,la Marina de Port,63,3035,..,1,13
2010,3,Sants-Montjuïc,13,la Marina de Port,63,3035,..,1,15
2010,3,Sants-Montjuïc,13,la Marina de Port,63,3035,..,2,0
2010,3,Sants-Montjuïc,13,la Marina de Port,63,3035,..,2,2
2010,3,Sants-Montjuïc,13,la Marina de Port,63,3035,..,2,3
2010,3,Sants-Montjuïc,13,la Marina de Port,63,3035,6,2,4
2010,3,Sants-Montjuïc,13,la Marina de Port,63,3035,10,2,5
2010,3,Sants-Montjuïc,13,la Marina de Port,63,3035,9,2,6
2010,3,Sants-Montjuïc,13,la Marina de Port,63,3035,7,2,7
2010,3,Sants-Montjuïc,13,la Marina de Port,63,3035,9,2,8
2010,3,Sants-Montjuïc,13,la Marina de Port,63,3035,..,2,9
2010,3,Sants-Montjuïc,13,la Marina de Port,63,3035,6,2,10
2010,3,Sants-Montjuïc,13,la Marina de Port,63,3035,..,2,11
2010,3,Sants-Montjuïc,13,la Marina de Port,63,3035,..,2,12
2010,3,Sants-Montjuïc,13,la Marina de Port,63,3035,..,2,15
2010,3,Sants-Montjuïc,13,la Marina de Port,63,3035,..,2,16
2010,3,Sants-Montjuïc,13,la Marina de Port,63,3035,..,2,17
2010,3,Sants-Montjuïc,13,la Marina de Port,63,3036,..,1,0
2010,3,Sants-Montjuïc,13,la Marina de Port,63,3036,..,1,1
2010,3,Sants-Montjuïc,13,la Marina de Port,63,3036,..,1,2
2010,3,Sants-Montjuïc,13,la Marina de Port,63,3036,..,1,3
2010,3,Sants-Montjuïc,13,la Marina de Port,63,3036,..,1,4
2010,3,Sants-Montjuïc,13,la Marina de Port,63,3036,16,1,5
2010,3,Sants-Montjuïc,13,la Marina de Port,63,3036,5,1,6
2010,3,Sants-Montjuïc,13,la Marina de Port,63,3036,5,1,7
2010,3,Sants-Montjuïc,13,la Marina de Port,63,3036,..,1,8
2010,3,Sants-Montjuïc,13,la Marina de Port,63,3036,..,1,9
2010,3,Sants-Montjuïc,13,la Marina de Port,63,3036,..,1,10
2010,3,Sants-Montjuïc,13,la Marina de Port,63,3036,..,1,13
2010,3,Sants-Montjuïc,13,la Marina de Port,63,3036,..,1,16
2010,3,Sants-Montjuïc,13,la Marina de Port,63,3036,..,2,0
2010,3,Sants-Montjuïc,13,la Marina de Port,63,3036,..,2,1
2010,3,Sants-Montjuïc,13,la Marina de Port,63,3036,..,2,2
2010,3,Sants-Montjuïc,13,la Marina de Port,63,3036,..,2,3
2010,3,Sants-Montjuïc,13,la Marina de Port,63,3036,6,2,4
2010,3,Sants-Montjuïc,13,la Marina de Port,63,3036,14,2,5
2010,3,Sants-Montjuïc,13,la Marina de Port,63,3036,16,2,6
2010,3,Sants-Montjuïc,13,la Marina de Port,63,3036,10,2,7
2010,3,Sants-Montjuïc,13,la Marina de Port,63,3036,..,2,8
2010,3,Sants-Montjuïc,13,la Marina de Port,63,3036,..,2,9
2010,3,Sants-Montjuïc,13,la Marina de Port,63,3036,..,2,10
2010,3,Sants-Montjuïc,13,la Marina de Port,63,3036,..,2,11
2010,3,Sants-Montjuïc,13,la Marina de Port,63,3036,..,2,12
2010,3,Sants-Montjuïc,13,la Marina de Port,63,3036,..,2,13
2010,3,Sants-Montjuïc,13,la Marina de Port,63,3036,..,2,16
2010,3,Sants-Montjuïc,13,la Marina de Port,63,3037,..,1,0
2010,3,Sants-Montjuïc,13,la Marina de Port,63,3037,..,1,1
2010,3,Sants-Montjuïc,13,la Marina de Port,63,3037,..,1,2
2010,3,Sants-Montjuïc,13,la Marina de Port,63,3037,..,1,3
2010,3,Sants-Montjuïc,13,la Marina de Port,63,3037,..,1,4
2010,3,Sants-Montjuïc,13,la Marina de Port,63,3037,..,1,5
2010,3,Sants-Montjuïc,13,la Marina de Port,63,3037,..,1,6
2010,3,Sants-Montjuïc,13,la Marina de Port,63,3037,..,1,7
2010,3,Sants-Montjuïc,13,la Marina de Port,63,3037,..,1,8
2010,3,Sants-Montjuïc,13,la Marina de Port,63,3037,..,1,9
2010,3,Sants-Montjuïc,13,la Marina de Port,63,3037,..,1,10
2010,3,Sants-Montjuïc,13,la Marina de Port,63,3037,..,1,11
2010,3,Sants-Montjuïc,13,la Marina de Port,63,3037,..,1,14
2010,3,Sants-Montjuïc,13,la Marina de Port,63,3037,..,1,16
2010,3,Sants-Montjuïc,13,la Marina de Port,63,3037,..,2,1
2010,3,Sants-Montjuïc,13,la Marina de Port,63,3037,..,2,4
2010,3,Sants-Montjuïc,13,la Marina de Port,63,3037,5,2,5
2010,3,Sants-Montjuïc,13,la Marina de Port,63,3037,5,2,6
2010,3,Sants-Montjuïc,13,la Marina de Port,63,3037,..,2,7
2010,3,Sants-Montjuïc,13,la Marina de Port,63,3037,..,2,8
2010,3,Sants-Montjuïc,13,la Marina de Port,63,3037,..,2,12
2010,3,Sants-Montjuïc,13,la Marina de Port,63,3037,..,2,16
2010,3,Sants-Montjuïc,13,la Marina de Port,63,3037,..,2,17
2010,3,Sants-Montjuïc,13,la Marina de Port,63,3212,7,1,0
2010,3,Sants-Montjuïc,13,la Marina de Port,63,3212,..,1,2
2010,3,Sants-Montjuïc,13,la Marina de Port,63,3212,..,1,3
2010,3,Sants-Montjuïc,13,la Marina de Port,63,3212,..,1,4
2010,3,Sants-Montjuïc,13,la Marina de Port,63,3212,14,1,5
2010,3,Sants-Montjuïc,13,la Marina de Port,63,3212,11,1,6
2010,3,Sants-Montjuïc,13,la Marina de Port,63,3212,10,1,7
2010,3,Sants-Montjuïc,13,la Marina de Port,63,3212,..,1,8
2010,3,Sants-Montjuïc,13,la Marina de Port,63,3212,..,1,10
2010,3,Sants-Montjuïc,13,la Marina de Port,63,3212,..,1,11
2010,3,Sants-Montjuïc,13,la Marina de Port,63,3212,..,1,12
2010,3,Sants-Montjuïc,13,la Marina de Port,63,3212,..,1,16
2010,3,Sants-Montjuïc,13,la Marina de Port,63,3212,..,1,17
2010,3,Sants-Montjuïc,13,la Marina de Port,63,3212,8,2,0
2010,3,Sants-Montjuïc,13,la Marina de Port,63,3212,..,2,1
2010,3,Sants-Montjuïc,13,la Marina de Port,63,3212,..,2,2
2010,3,Sants-Montjuïc,13,la Marina de Port,63,3212,..,2,3
2010,3,Sants-Montjuïc,13,la Marina de Port,63,3212,9,2,4
2010,3,Sants-Montjuïc,13,la Marina de Port,63,3212,17,2,5
2010,3,Sants-Montjuïc,13,la Marina de Port,63,3212,13,2,6
2010,3,Sants-Montjuïc,13,la Marina de Port,63,3212,8,2,7
2010,3,Sants-Montjuïc,13,la Marina de Port,63,3212,7,2,8
2010,3,Sants-Montjuïc,13,la Marina de Port,63,3212,..,2,9
2010,3,Sants-Montjuïc,13,la Marina de Port,63,3212,..,2,10
2010,3,Sants-Montjuïc,13,la Marina de Port,63,3212,..,2,11
2010,3,Sants-Montjuïc,13,la Marina de Port,63,3212,..,2,13
2010,3,Sants-Montjuïc,13,la Marina de Port,63,3213,..,1,0
2010,3,Sants-Montjuïc,13,la Marina de Port,63,3213,..,1,1
2010,3,Sants-Montjuïc,13,la Marina de Port,63,3213,8,1,2
2010,3,Sants-Montjuïc,13,la Marina de Port,63,3213,7,1,3
2010,3,Sants-Montjuïc,13,la Marina de Port,63,3213,9,1,4
2010,3,Sants-Montjuïc,13,la Marina de Port,63,3213,14,1,5
2010,3,Sants-Montjuïc,13,la Marina de Port,63,3213,19,1,6
2010,3,Sants-Montjuïc,13,la Marina de Port,63,3213,..,1,7
2010,3,Sants-Montjuïc,13,la Marina de Port,63,3213,6,1,8
2010,3,Sants-Montjuïc,13,la Marina de Port,63,3213,..,1,9
2010,3,Sants-Montjuïc,13,la Marina de Port,63,3213,..,1,11
2010,3,Sants-Montjuïc,13,la Marina de Port,63,3213,..,1,12
2010,3,Sants-Montjuïc,13,la Marina de Port,63,3213,..,1,13
2010,3,Sants-Montjuïc,13,la Marina de Port,63,3213,..,1,14
2010,3,Sants-Montjuïc,13,la Marina de Port,63,3213,..,1,17
2010,3,Sants-Montjuïc,13,la Marina de Port,63,3213,5,2,0
2010,3,Sants-Montjuïc,13,la Marina de Port,63,3213,..,2,1
2010,3,Sants-Montjuïc,13,la Marina de Port,63,3213,..,2,2
2010,3,Sants-Montjuïc,13,la Marina de Port,63,3213,8,2,3
2010,3,Sants-Montjuïc,13,la Marina de Port,63,3213,7,2,4
2010,3,Sants-Montjuïc,13,la Marina de Port,63,3213,13,2,5
2010,3,Sants-Montjuïc,13,la Marina de Port,63,3213,5,2,6
2010,3,Sants-Montjuïc,13,la Marina de Port,63,3213,9,2,7
2010,3,Sants-Montjuïc,13,la Marina de Port,63,3213,6,2,8
2010,3,Sants-Montjuïc,13,la Marina de Port,63,3213,6,2,9
2010,3,Sants-Montjuïc,13,la Marina de Port,63,3213,..,2,10
2010,3,Sants-Montjuïc,13,la Marina de Port,63,3213,..,2,11
2010,3,Sants-Montjuïc,13,la Marina de Port,63,3213,..,2,12
2010,3,Sants-Montjuïc,13,la Marina de Port,63,3213,..,2,13
2010,3,Sants-Montjuïc,13,la Marina de Port,63,3213,..,2,14
2010,3,Sants-Montjuïc,13,la Marina de Port,64,3038,..,1,1
2010,3,Sants-Montjuïc,13,la Marina de Port,64,3038,..,1,2
2010,3,Sants-Montjuïc,13,la Marina de Port,64,3038,..,1,4
2010,3,Sants-Montjuïc,13,la Marina de Port,64,3038,..,1,5
2010,3,Sants-Montjuïc,13,la Marina de Port,64,3038,5,1,6
2010,3,Sants-Montjuïc,13,la Marina de Port,64,3038,..,1,7
2010,3,Sants-Montjuïc,13,la Marina de Port,64,3038,..,1,8
2010,3,Sants-Montjuïc,13,la Marina de Port,64,3038,..,1,9
2010,3,Sants-Montjuïc,13,la Marina de Port,64,3038,..,1,11
2010,3,Sants-Montjuïc,13,la Marina de Port,64,3038,..,2,0
2010,3,Sants-Montjuïc,13,la Marina de Port,64,3038,..,2,2
2010,3,Sants-Montjuïc,13,la Marina de Port,64,3038,..,2,3
2010,3,Sants-Montjuïc,13,la Marina de Port,64,3038,..,2,4
2010,3,Sants-Montjuïc,13,la Marina de Port,64,3038,6,2,5
2010,3,Sants-Montjuïc,13,la Marina de Port,64,3038,..,2,6
2010,3,Sants-Montjuïc,13,la Marina de Port,64,3038,..,2,7
2010,3,Sants-Montjuïc,13,la Marina de Port,64,3039,..,1,0
2010,3,Sants-Montjuïc,13,la Marina de Port,64,3039,..,1,1
2010,3,Sants-Montjuïc,13,la Marina de Port,64,3039,..,1,2
2010,3,Sants-Montjuïc,13,la Marina de Port,64,3039,..,1,3
2010,3,Sants-Montjuïc,13,la Marina de Port,64,3039,12,1,4
2010,3,Sants-Montjuïc,13,la Marina de Port,64,3039,17,1,5
2010,3,Sants-Montjuïc,13,la Marina de Port,64,3039,10,1,6
2010,3,Sants-Montjuïc,13,la Marina de Port,64,3039,10,1,7
2010,3,Sants-Montjuïc,13,la Marina de Port,64,3039,..,1,8
2010,3,Sants-Montjuïc,13,la Marina de Port,64,3039,5,1,9
2010,3,Sants-Montjuïc,13,la Marina de Port,64,3039,..,1,10
2010,3,Sants-Montjuïc,13,la Marina de Port,64,3039,..,1,12
2010,3,Sants-Montjuïc,13,la Marina de Port,64,3039,..,1,13
2010,3,Sants-Montjuïc,13,la Marina de Port,64,3039,..,1,14
2010,3,Sants-Montjuïc,13,la Marina de Port,64,3039,..,1,15
2010,3,Sants-Montjuïc,13,la Marina de Port,64,3039,..,2,0
2010,3,Sants-Montjuïc,13,la Marina de Port,64,3039,..,2,1
2010,3,Sants-Montjuïc,13,la Marina de Port,64,3039,5,2,2
2010,3,Sants-Montjuïc,13,la Marina de Port,64,3039,5,2,3
2010,3,Sants-Montjuïc,13,la Marina de Port,64,3039,10,2,4
2010,3,Sants-Montjuïc,13,la Marina de Port,64,3039,9,2,5
2010,3,Sants-Montjuïc,13,la Marina de Port,64,3039,9,2,6
2010,3,Sants-Montjuïc,13,la Marina de Port,64,3039,10,2,7
2010,3,Sants-Montjuïc,13,la Marina de Port,64,3039,7,2,8
2010,3,Sants-Montjuïc,13,la Marina de Port,64,3039,..,2,9
2010,3,Sants-Montjuïc,13,la Marina de Port,64,3039,..,2,10
2010,3,Sants-Montjuïc,13,la Marina de Port,64,3039,..,2,12
2010,3,Sants-Montjuïc,13,la Marina de Port,64,3039,..,2,13
2010,3,Sants-Montjuïc,13,la Marina de Port,64,3039,..,2,14
2010,3,Sants-Montjuïc,13,la Marina de Port,64,3039,..,2,15
2010,3,Sants-Montjuïc,13,la Marina de Port,64,3039,..,2,16
2010,3,Sants-Montjuïc,14,la Font de la Guatlla,65,3040,..,1,2
2010,3,Sants-Montjuïc,14,la Font de la Guatlla,65,3040,..,1,3
2010,3,Sants-Montjuïc,14,la Font de la Guatlla,65,3040,..,1,4
2010,3,Sants-Montjuïc,14,la Font de la Guatlla,65,3040,7,1,5
2010,3,Sants-Montjuïc,14,la Font de la Guatlla,65,3040,..,1,6
2010,3,Sants-Montjuïc,14,la Font de la Guatlla,65,3040,..,1,11
2010,3,Sants-Montjuïc,14,la Font de la Guatlla,65,3040,..,1,15
2010,3,Sants-Montjuïc,14,la Font de la Guatlla,65,3040,..,1,16
2010,3,Sants-Montjuïc,14,la Font de la Guatlla,65,3040,..,2,0
2010,3,Sants-Montjuïc,14,la Font de la Guatlla,65,3040,..,2,1
2010,3,Sants-Montjuïc,14,la Font de la Guatlla,65,3040,..,2,4
2010,3,Sants-Montjuïc,14,la Font de la Guatlla,65,3040,9,2,5
2010,3,Sants-Montjuïc,14,la Font de la Guatlla,65,3040,5,2,6
2010,3,Sants-Montjuïc,14,la Font de la Guatlla,65,3040,..,2,7
2010,3,Sants-Montjuïc,14,la Font de la Guatlla,65,3040,..,2,8
2010,3,Sants-Montjuïc,14,la Font de la Guatlla,65,3040,..,2,9
2010,3,Sants-Montjuïc,14,la Font de la Guatlla,65,3040,..,2,11
2010,3,Sants-Montjuïc,14,la Font de la Guatlla,65,3040,..,2,16
2010,3,Sants-Montjuïc,14,la Font de la Guatlla,65,3041,..,1,0
2010,3,Sants-Montjuïc,14,la Font de la Guatlla,65,3041,12,1,4
2010,3,Sants-Montjuïc,14,la Font de la Guatlla,65,3041,7,1,5
2010,3,Sants-Montjuïc,14,la Font de la Guatlla,65,3041,7,1,6
2010,3,Sants-Montjuïc,14,la Font de la Guatlla,65,3041,..,1,7
2010,3,Sants-Montjuïc,14,la Font de la Guatlla,65,3041,..,1,8
2010,3,Sants-Montjuïc,14,la Font de la Guatlla,65,3041,..,1,10
2010,3,Sants-Montjuïc,14,la Font de la Guatlla,65,3041,..,1,11
2010,3,Sants-Montjuïc,14,la Font de la Guatlla,65,3041,..,1,13
2010,3,Sants-Montjuïc,14,la Font de la Guatlla,65,3041,..,1,15
2010,3,Sants-Montjuïc,14,la Font de la Guatlla,65,3041,..,2,0
2010,3,Sants-Montjuïc,14,la Font de la Guatlla,65,3041,..,2,1
2010,3,Sants-Montjuïc,14,la Font de la Guatlla,65,3041,..,2,2
2010,3,Sants-Montjuïc,14,la Font de la Guatlla,65,3041,..,2,3
2010,3,Sants-Montjuïc,14,la Font de la Guatlla,65,3041,8,2,4
2010,3,Sants-Montjuïc,14,la Font de la Guatlla,65,3041,8,2,5
2010,3,Sants-Montjuïc,14,la Font de la Guatlla,65,3041,5,2,6
2010,3,Sants-Montjuïc,14,la Font de la Guatlla,65,3041,7,2,7
2010,3,Sants-Montjuïc,14,la Font de la Guatlla,65,3041,..,2,8
2010,3,Sants-Montjuïc,14,la Font de la Guatlla,65,3041,..,2,9
2010,3,Sants-Montjuïc,14,la Font de la Guatlla,65,3041,..,2,14
2010,3,Sants-Montjuïc,14,la Font de la Guatlla,65,3041,..,2,19
2010,3,Sants-Montjuïc,14,la Font de la Guatlla,65,3042,..,1,1
2010,3,Sants-Montjuïc,14,la Font de la Guatlla,65,3042,..,1,2
2010,3,Sants-Montjuïc,14,la Font de la Guatlla,65,3042,..,1,3
2010,3,Sants-Montjuïc,14,la Font de la Guatlla,65,3042,8,1,4
2010,3,Sants-Montjuïc,14,la Font de la Guatlla,65,3042,10,1,5
2010,3,Sants-Montjuïc,14,la Font de la Guatlla,65,3042,..,1,6
2010,3,Sants-Montjuïc,14,la Font de la Guatlla,65,3042,..,1,7
2010,3,Sants-Montjuïc,14,la Font de la Guatlla,65,3042,..,1,8
2010,3,Sants-Montjuïc,14,la Font de la Guatlla,65,3042,..,1,9
2010,3,Sants-Montjuïc,14,la Font de la Guatlla,65,3042,..,1,10
2010,3,Sants-Montjuïc,14,la Font de la Guatlla,65,3042,..,1,12
2010,3,Sants-Montjuïc,14,la Font de la Guatlla,65,3042,..,1,13
2010,3,Sants-Montjuïc,14,la Font de la Guatlla,65,3042,..,1,16
2010,3,Sants-Montjuïc,14,la Font de la Guatlla,65,3042,..,2,0
2010,3,Sants-Montjuïc,14,la Font de la Guatlla,65,3042,5,2,2
2010,3,Sants-Montjuïc,14,la Font de la Guatlla,65,3042,..,2,3
2010,3,Sants-Montjuïc,14,la Font de la Guatlla,65,3042,..,2,4
2010,3,Sants-Montjuïc,14,la Font de la Guatlla,65,3042,7,2,5
2010,3,Sants-Montjuïc,14,la Font de la Guatlla,65,3042,..,2,6
2010,3,Sants-Montjuïc,14,la Font de la Guatlla,65,3042,8,2,7
2010,3,Sants-Montjuïc,14,la Font de la Guatlla,65,3042,..,2,8
2010,3,Sants-Montjuïc,14,la Font de la Guatlla,65,3042,..,2,9
2010,3,Sants-Montjuïc,14,la Font de la Guatlla,65,3042,..,2,10
2010,3,Sants-Montjuïc,14,la Font de la Guatlla,65,3042,..,2,13
2010,3,Sants-Montjuïc,14,la Font de la Guatlla,65,3042,..,2,15
2010,3,Sants-Montjuïc,14,la Font de la Guatlla,65,3042,..,2,17
2010,3,Sants-Montjuïc,14,la Font de la Guatlla,65,3043,..,1,0
2010,3,Sants-Montjuïc,14,la Font de la Guatlla,65,3043,..,1,1
2010,3,Sants-Montjuïc,14,la Font de la Guatlla,65,3043,..,1,2
2010,3,Sants-Montjuïc,14,la Font de la Guatlla,65,3043,..,1,3
2010,3,Sants-Montjuïc,14,la Font de la Guatlla,65,3043,6,1,4
2010,3,Sants-Montjuïc,14,la Font de la Guatlla,65,3043,8,1,5
2010,3,Sants-Montjuïc,14,la Font de la Guatlla,65,3043,10,1,6
2010,3,Sants-Montjuïc,14,la Font de la Guatlla,65,3043,9,1,7
2010,3,Sants-Montjuïc,14,la Font de la Guatlla,65,3043,..,1,8
2010,3,Sants-Montjuïc,14,la Font de la Guatlla,65,3043,..,1,9
2010,3,Sants-Montjuïc,14,la Font de la Guatlla,65,3043,..,1,10
2010,3,Sants-Montjuïc,14,la Font de la Guatlla,65,3043,..,1,11
2010,3,Sants-Montjuïc,14,la Font de la Guatlla,65,3043,..,1,14
2010,3,Sants-Montjuïc,14,la Font de la Guatlla,65,3043,..,1,16
2010,3,Sants-Montjuïc,14,la Font de la Guatlla,65,3043,..,1,19
2010,3,Sants-Montjuïc,14,la Font de la Guatlla,65,3043,..,2,0
2010,3,Sants-Montjuïc,14,la Font de la Guatlla,65,3043,..,2,1
2010,3,Sants-Montjuïc,14,la Font de la Guatlla,65,3043,7,2,3
2010,3,Sants-Montjuïc,14,la Font de la Guatlla,65,3043,10,2,4
2010,3,Sants-Montjuïc,14,la Font de la Guatlla,65,3043,18,2,5
2010,3,Sants-Montjuïc,14,la Font de la Guatlla,65,3043,12,2,6
2010,3,Sants-Montjuïc,14,la Font de la Guatlla,65,3043,6,2,7
2010,3,Sants-Montjuïc,14,la Font de la Guatlla,65,3043,7,2,8
2010,3,Sants-Montjuïc,14,la Font de la Guatlla,65,3043,..,2,9
2010,3,Sants-Montjuïc,14,la Font de la Guatlla,65,3043,..,2,11
2010,3,Sants-Montjuïc,14,la Font de la Guatlla,65,3043,..,2,12
2010,3,Sants-Montjuïc,14,la Font de la Guatlla,65,3043,..,2,14
2010,3,Sants-Montjuïc,14,la Font de la Guatlla,65,3043,..,2,15
2010,3,Sants-Montjuïc,14,la Font de la Guatlla,65,3044,..,1,0
2010,3,Sants-Montjuïc,14,la Font de la Guatlla,65,3044,..,1,1
2010,3,Sants-Montjuïc,14,la Font de la Guatlla,65,3044,..,1,2
2010,3,Sants-Montjuïc,14,la Font de la Guatlla,65,3044,..,1,3
2010,3,Sants-Montjuïc,14,la Font de la Guatlla,65,3044,16,1,4
2010,3,Sants-Montjuïc,14,la Font de la Guatlla,65,3044,13,1,5
2010,3,Sants-Montjuïc,14,la Font de la Guatlla,65,3044,14,1,6
2010,3,Sants-Montjuïc,14,la Font de la Guatlla,65,3044,5,1,7
2010,3,Sants-Montjuïc,14,la Font de la Guatlla,65,3044,..,1,9
2010,3,Sants-Montjuïc,14,la Font de la Guatlla,65,3044,..,1,10
2010,3,Sants-Montjuïc,14,la Font de la Guatlla,65,3044,..,1,11
2010,3,Sants-Montjuïc,14,la Font de la Guatlla,65,3044,..,1,13
2010,3,Sants-Montjuïc,14,la Font de la Guatlla,65,3044,..,1,14
2010,3,Sants-Montjuïc,14,la Font de la Guatlla,65,3044,..,1,15
2010,3,Sants-Montjuïc,14,la Font de la Guatlla,65,3044,..,2,0
2010,3,Sants-Montjuïc,14,la Font de la Guatlla,65,3044,..,2,1
2010,3,Sants-Montjuïc,14,la Font de la Guatlla,65,3044,..,2,3
2010,3,Sants-Montjuïc,14,la Font de la Guatlla,65,3044,6,2,4
2010,3,Sants-Montjuïc,14,la Font de la Guatlla,65,3044,13,2,5
2010,3,Sants-Montjuïc,14,la Font de la Guatlla,65,3044,16,2,6
2010,3,Sants-Montjuïc,14,la Font de la Guatlla,65,3044,..,2,7
2010,3,Sants-Montjuïc,14,la Font de la Guatlla,65,3044,8,2,8
2010,3,Sants-Montjuïc,14,la Font de la Guatlla,65,3044,5,2,9
2010,3,Sants-Montjuïc,14,la Font de la Guatlla,65,3044,..,2,11
2010,3,Sants-Montjuïc,14,la Font de la Guatlla,65,3045,..,1,1
2010,3,Sants-Montjuïc,14,la Font de la Guatlla,65,3045,..,1,2
2010,3,Sants-Montjuïc,14,la Font de la Guatlla,65,3045,8,1,4
2010,3,Sants-Montjuïc,14,la Font de la Guatlla,65,3045,11,1,5
2010,3,Sants-Montjuïc,14,la Font de la Guatlla,65,3045,7,1,6
2010,3,Sants-Montjuïc,14,la Font de la Guatlla,65,3045,..,1,7
2010,3,Sants-Montjuïc,14,la Font de la Guatlla,65,3045,..,1,8
2010,3,Sants-Montjuïc,14,la Font de la Guatlla,65,3045,..,1,9
2010,3,Sants-Montjuïc,14,la Font de la Guatlla,65,3045,..,1,12
2010,3,Sants-Montjuïc,14,la Font de la Guatlla,65,3045,..,2,0
2010,3,Sants-Montjuïc,14,la Font de la Guatlla,65,3045,..,2,1
2010,3,Sants-Montjuïc,14,la Font de la Guatlla,65,3045,..,2,2
2010,3,Sants-Montjuïc,14,la Font de la Guatlla,65,3045,..,2,3
2010,3,Sants-Montjuïc,14,la Font de la Guatlla,65,3045,..,2,4
2010,3,Sants-Montjuïc,14,la Font de la Guatlla,65,3045,7,2,5
2010,3,Sants-Montjuïc,14,la Font de la Guatlla,65,3045,7,2,6
2010,3,Sants-Montjuïc,14,la Font de la Guatlla,65,3045,..,2,7
2010,3,Sants-Montjuïc,14,la Font de la Guatlla,65,3045,..,2,8
2010,3,Sants-Montjuïc,14,la Font de la Guatlla,65,3045,..,2,9
2010,3,Sants-Montjuïc,14,la Font de la Guatlla,65,3045,..,2,10
2010,3,Sants-Montjuïc,14,la Font de la Guatlla,65,3045,..,2,13
2010,3,Sants-Montjuïc,14,la Font de la Guatlla,65,3045,..,2,17
2010,3,Sants-Montjuïc,14,la Font de la Guatlla,65,3045,..,2,19
2010,3,Sants-Montjuïc,14,la Font de la Guatlla,65,3046,..,1,0
2010,3,Sants-Montjuïc,14,la Font de la Guatlla,65,3046,..,1,2
2010,3,Sants-Montjuïc,14,la Font de la Guatlla,65,3046,7,1,4
2010,3,Sants-Montjuïc,14,la Font de la Guatlla,65,3046,10,1,5
2010,3,Sants-Montjuïc,14,la Font de la Guatlla,65,3046,7,1,6
2010,3,Sants-Montjuïc,14,la Font de la Guatlla,65,3046,..,1,7
2010,3,Sants-Montjuïc,14,la Font de la Guatlla,65,3046,..,1,8
2010,3,Sants-Montjuïc,14,la Font de la Guatlla,65,3046,..,1,10
2010,3,Sants-Montjuïc,14,la Font de la Guatlla,65,3046,..,1,11
2010,3,Sants-Montjuïc,14,la Font de la Guatlla,65,3046,..,1,12
2010,3,Sants-Montjuïc,14,la Font de la Guatlla,65,3046,..,1,16
2010,3,Sants-Montjuïc,14,la Font de la Guatlla,65,3046,..,1,17
2010,3,Sants-Montjuïc,14,la Font de la Guatlla,65,3046,..,1,18
2010,3,Sants-Montjuïc,14,la Font de la Guatlla,65,3046,..,2,0
2010,3,Sants-Montjuïc,14,la Font de la Guatlla,65,3046,..,2,1
2010,3,Sants-Montjuïc,14,la Font de la Guatlla,65,3046,..,2,3
2010,3,Sants-Montjuïc,14,la Font de la Guatlla,65,3046,..,2,4
2010,3,Sants-Montjuïc,14,la Font de la Guatlla,65,3046,10,2,5
2010,3,Sants-Montjuïc,14,la Font de la Guatlla,65,3046,11,2,6
2010,3,Sants-Montjuïc,14,la Font de la Guatlla,65,3046,6,2,7
2010,3,Sants-Montjuïc,14,la Font de la Guatlla,65,3046,..,2,8
2010,3,Sants-Montjuïc,14,la Font de la Guatlla,65,3046,5,2,9
2010,3,Sants-Montjuïc,14,la Font de la Guatlla,65,3046,..,2,10
2010,3,Sants-Montjuïc,14,la Font de la Guatlla,65,3046,..,2,11
2010,3,Sants-Montjuïc,14,la Font de la Guatlla,65,3046,..,2,12
2010,3,Sants-Montjuïc,14,la Font de la Guatlla,65,3046,..,2,17
2010,3,Sants-Montjuïc,15,Hostafrancs,66,3047,..,1,0
2010,3,Sants-Montjuïc,15,Hostafrancs,66,3047,..,1,1
2010,3,Sants-Montjuïc,15,Hostafrancs,66,3047,..,1,2
2010,3,Sants-Montjuïc,15,Hostafrancs,66,3047,5,1,3
2010,3,Sants-Montjuïc,15,Hostafrancs,66,3047,14,1,4
2010,3,Sants-Montjuïc,15,Hostafrancs,66,3047,10,1,5
2010,3,Sants-Montjuïc,15,Hostafrancs,66,3047,6,1,6
2010,3,Sants-Montjuïc,15,Hostafrancs,66,3047,8,1,7
2010,3,Sants-Montjuïc,15,Hostafrancs,66,3047,..,1,8
2010,3,Sants-Montjuïc,15,Hostafrancs,66,3047,..,1,9
2010,3,Sants-Montjuïc,15,Hostafrancs,66,3047,..,1,10
2010,3,Sants-Montjuïc,15,Hostafrancs,66,3047,..,1,11
2010,3,Sants-Montjuïc,15,Hostafrancs,66,3047,..,1,12
2010,3,Sants-Montjuïc,15,Hostafrancs,66,3047,..,1,13
2010,3,Sants-Montjuïc,15,Hostafrancs,66,3047,..,2,1
2010,3,Sants-Montjuïc,15,Hostafrancs,66,3047,..,2,2
2010,3,Sants-Montjuïc,15,Hostafrancs,66,3047,6,2,3
2010,3,Sants-Montjuïc,15,Hostafrancs,66,3047,9,2,4
2010,3,Sants-Montjuïc,15,Hostafrancs,66,3047,12,2,5
2010,3,Sants-Montjuïc,15,Hostafrancs,66,3047,14,2,6
2010,3,Sants-Montjuïc,15,Hostafrancs,66,3047,7,2,7
2010,3,Sants-Montjuïc,15,Hostafrancs,66,3047,8,2,8
2010,3,Sants-Montjuïc,15,Hostafrancs,66,3047,..,2,9
2010,3,Sants-Montjuïc,15,Hostafrancs,66,3047,..,2,10
2010,3,Sants-Montjuïc,15,Hostafrancs,66,3047,..,2,12
2010,3,Sants-Montjuïc,15,Hostafrancs,66,3047,..,2,13
2010,3,Sants-Montjuïc,15,Hostafrancs,66,3047,..,2,14
2010,3,Sants-Montjuïc,15,Hostafrancs,66,3047,..,2,17
2010,3,Sants-Montjuïc,15,Hostafrancs,66,3048,..,1,0
2010,3,Sants-Montjuïc,15,Hostafrancs,66,3048,..,1,1
2010,3,Sants-Montjuïc,15,Hostafrancs,66,3048,..,1,3
2010,3,Sants-Montjuïc,15,Hostafrancs,66,3048,11,1,4
2010,3,Sants-Montjuïc,15,Hostafrancs,66,3048,19,1,5
2010,3,Sants-Montjuïc,15,Hostafrancs,66,3048,..,1,6
2010,3,Sants-Montjuïc,15,Hostafrancs,66,3048,7,1,7
2010,3,Sants-Montjuïc,15,Hostafrancs,66,3048,..,1,8
2010,3,Sants-Montjuïc,15,Hostafrancs,66,3048,..,1,10
2010,3,Sants-Montjuïc,15,Hostafrancs,66,3048,..,1,11
2010,3,Sants-Montjuïc,15,Hostafrancs,66,3048,..,1,13
2010,3,Sants-Montjuïc,15,Hostafrancs,66,3048,..,1,18
2010,3,Sants-Montjuïc,15,Hostafrancs,66,3048,..,2,1
2010,3,Sants-Montjuïc,15,Hostafrancs,66,3048,..,2,2
2010,3,Sants-Montjuïc,15,Hostafrancs,66,3048,..,2,3
2010,3,Sants-Montjuïc,15,Hostafrancs,66,3048,11,2,4
2010,3,Sants-Montjuïc,15,Hostafrancs,66,3048,14,2,5
2010,3,Sants-Montjuïc,15,Hostafrancs,66,3048,10,2,6
2010,3,Sants-Montjuïc,15,Hostafrancs,66,3048,5,2,7
2010,3,Sants-Montjuïc,15,Hostafrancs,66,3048,..,2,8
2010,3,Sants-Montjuïc,15,Hostafrancs,66,3048,..,2,13
2010,3,Sants-Montjuïc,15,Hostafrancs,66,3049,..,1,0
2010,3,Sants-Montjuïc,15,Hostafrancs,66,3049,..,1,1
2010,3,Sants-Montjuïc,15,Hostafrancs,66,3049,..,1,3
2010,3,Sants-Montjuïc,15,Hostafrancs,66,3049,12,1,4
2010,3,Sants-Montjuïc,15,Hostafrancs,66,3049,15,1,5
2010,3,Sants-Montjuïc,15,Hostafrancs,66,3049,7,1,6
2010,3,Sants-Montjuïc,15,Hostafrancs,66,3049,..,1,7
2010,3,Sants-Montjuïc,15,Hostafrancs,66,3049,7,1,8
2010,3,Sants-Montjuïc,15,Hostafrancs,66,3049,..,1,9
2010,3,Sants-Montjuïc,15,Hostafrancs,66,3049,..,1,11
2010,3,Sants-Montjuïc,15,Hostafrancs,66,3049,..,1,12
2010,3,Sants-Montjuïc,15,Hostafrancs,66,3049,..,1,14
2010,3,Sants-Montjuïc,15,Hostafrancs,66,3049,..,1,16
2010,3,Sants-Montjuïc,15,Hostafrancs,66,3049,..,1,17
2010,3,Sants-Montjuïc,15,Hostafrancs,66,3049,..,2,0
2010,3,Sants-Montjuïc,15,Hostafrancs,66,3049,..,2,3
2010,3,Sants-Montjuïc,15,Hostafrancs,66,3049,7,2,4
2010,3,Sants-Montjuïc,15,Hostafrancs,66,3049,9,2,5
2010,3,Sants-Montjuïc,15,Hostafrancs,66,3049,9,2,6
2010,3,Sants-Montjuïc,15,Hostafrancs,66,3049,15,2,7
2010,3,Sants-Montjuïc,15,Hostafrancs,66,3049,5,2,8
2010,3,Sants-Montjuïc,15,Hostafrancs,66,3049,..,2,9
2010,3,Sants-Montjuïc,15,Hostafrancs,66,3049,..,2,10
2010,3,Sants-Montjuïc,15,Hostafrancs,66,3049,..,2,12
2010,3,Sants-Montjuïc,15,Hostafrancs,66,3049,..,2,14
2010,3,Sants-Montjuïc,15,Hostafrancs,66,3050,..,1,0
2010,3,Sants-Montjuïc,15,Hostafrancs,66,3050,..,1,1
2010,3,Sants-Montjuïc,15,Hostafrancs,66,3050,..,1,2
2010,3,Sants-Montjuïc,15,Hostafrancs,66,3050,..,1,3
2010,3,Sants-Montjuïc,15,Hostafrancs,66,3050,6,1,4
2010,3,Sants-Montjuïc,15,Hostafrancs,66,3050,25,1,5
2010,3,Sants-Montjuïc,15,Hostafrancs,66,3050,11,1,6
2010,3,Sants-Montjuïc,15,Hostafrancs,66,3050,..,1,7
2010,3,Sants-Montjuïc,15,Hostafrancs,66,3050,..,1,8
2010,3,Sants-Montjuïc,15,Hostafrancs,66,3050,..,1,9
2010,3,Sants-Montjuïc,15,Hostafrancs,66,3050,..,1,10
2010,3,Sants-Montjuïc,15,Hostafrancs,66,3050,..,1,11
2010,3,Sants-Montjuïc,15,Hostafrancs,66,3050,..,1,16
2010,3,Sants-Montjuïc,15,Hostafrancs,66,3050,..,2,0
2010,3,Sants-Montjuïc,15,Hostafrancs,66,3050,..,2,1
2010,3,Sants-Montjuïc,15,Hostafrancs,66,3050,..,2,2
2010,3,Sants-Montjuïc,15,Hostafrancs,66,3050,..,2,3
2010,3,Sants-Montjuïc,15,Hostafrancs,66,3050,8,2,4
2010,3,Sants-Montjuïc,15,Hostafrancs,66,3050,19,2,5
2010,3,Sants-Montjuïc,15,Hostafrancs,66,3050,20,2,6
2010,3,Sants-Montjuïc,15,Hostafrancs,66,3050,12,2,7
2010,3,Sants-Montjuïc,15,Hostafrancs,66,3050,7,2,8
2010,3,Sants-Montjuïc,15,Hostafrancs,66,3050,..,2,9
2010,3,Sants-Montjuïc,15,Hostafrancs,66,3050,..,2,10
2010,3,Sants-Montjuïc,15,Hostafrancs,66,3050,..,2,11
2010,3,Sants-Montjuïc,15,Hostafrancs,66,3050,..,2,15
2010,3,Sants-Montjuïc,15,Hostafrancs,67,3051,..,1,0
2010,3,Sants-Montjuïc,15,Hostafrancs,67,3051,..,1,2
2010,3,Sants-Montjuïc,15,Hostafrancs,67,3051,..,1,3
2010,3,Sants-Montjuïc,15,Hostafrancs,67,3051,5,1,4
2010,3,Sants-Montjuïc,15,Hostafrancs,67,3051,17,1,5
2010,3,Sants-Montjuïc,15,Hostafrancs,67,3051,15,1,6
2010,3,Sants-Montjuïc,15,Hostafrancs,67,3051,10,1,7
2010,3,Sants-Montjuïc,15,Hostafrancs,67,3051,..,1,8
2010,3,Sants-Montjuïc,15,Hostafrancs,67,3051,..,1,9
2010,3,Sants-Montjuïc,15,Hostafrancs,67,3051,..,1,10
2010,3,Sants-Montjuïc,15,Hostafrancs,67,3051,..,1,11
2010,3,Sants-Montjuïc,15,Hostafrancs,67,3051,..,1,12
2010,3,Sants-Montjuïc,15,Hostafrancs,67,3051,..,1,13
2010,3,Sants-Montjuïc,15,Hostafrancs,67,3051,..,1,14
2010,3,Sants-Montjuïc,15,Hostafrancs,67,3051,..,1,16
2010,3,Sants-Montjuïc,15,Hostafrancs,67,3051,..,2,0
2010,3,Sants-Montjuïc,15,Hostafrancs,67,3051,..,2,1
2010,3,Sants-Montjuïc,15,Hostafrancs,67,3051,..,2,2
2010,3,Sants-Montjuïc,15,Hostafrancs,67,3051,9,2,4
2010,3,Sants-Montjuïc,15,Hostafrancs,67,3051,16,2,5
2010,3,Sants-Montjuïc,15,Hostafrancs,67,3051,14,2,6
2010,3,Sants-Montjuïc,15,Hostafrancs,67,3051,..,2,7
2010,3,Sants-Montjuïc,15,Hostafrancs,67,3051,7,2,8
2010,3,Sants-Montjuïc,15,Hostafrancs,67,3051,..,2,9
2010,3,Sants-Montjuïc,15,Hostafrancs,67,3051,..,2,10
2010,3,Sants-Montjuïc,15,Hostafrancs,67,3051,..,2,11
2010,3,Sants-Montjuïc,15,Hostafrancs,67,3052,..,1,0
2010,3,Sants-Montjuïc,15,Hostafrancs,67,3052,..,1,1
2010,3,Sants-Montjuïc,15,Hostafrancs,67,3052,7,1,4
2010,3,Sants-Montjuïc,15,Hostafrancs,67,3052,7,1,5
2010,3,Sants-Montjuïc,15,Hostafrancs,67,3052,8,1,6
2010,3,Sants-Montjuïc,15,Hostafrancs,67,3052,..,1,7
2010,3,Sants-Montjuïc,15,Hostafrancs,67,3052,..,1,9
2010,3,Sants-Montjuïc,15,Hostafrancs,67,3052,..,2,0
2010,3,Sants-Montjuïc,15,Hostafrancs,67,3052,..,2,1
2010,3,Sants-Montjuïc,15,Hostafrancs,67,3052,..,2,2
2010,3,Sants-Montjuïc,15,Hostafrancs,67,3052,..,2,3
2010,3,Sants-Montjuïc,15,Hostafrancs,67,3052,6,2,4
2010,3,Sants-Montjuïc,15,Hostafrancs,67,3052,7,2,5
2010,3,Sants-Montjuïc,15,Hostafrancs,67,3052,8,2,6
2010,3,Sants-Montjuïc,15,Hostafrancs,67,3052,6,2,7
2010,3,Sants-Montjuïc,15,Hostafrancs,67,3052,..,2,8
2010,3,Sants-Montjuïc,15,Hostafrancs,67,3052,..,2,9
2010,3,Sants-Montjuïc,15,Hostafrancs,67,3052,..,2,13
2010,3,Sants-Montjuïc,15,Hostafrancs,67,3052,..,2,14
2010,3,Sants-Montjuïc,15,Hostafrancs,67,3052,..,2,17
2010,3,Sants-Montjuïc,15,Hostafrancs,67,3053,..,1,0
2010,3,Sants-Montjuïc,15,Hostafrancs,67,3053,..,1,1
2010,3,Sants-Montjuïc,15,Hostafrancs,67,3053,..,1,2
2010,3,Sants-Montjuïc,15,Hostafrancs,67,3053,7,1,3
2010,3,Sants-Montjuïc,15,Hostafrancs,67,3053,14,1,4
2010,3,Sants-Montjuïc,15,Hostafrancs,67,3053,25,1,5
2010,3,Sants-Montjuïc,15,Hostafrancs,67,3053,8,1,6
2010,3,Sants-Montjuïc,15,Hostafrancs,67,3053,7,1,7
2010,3,Sants-Montjuïc,15,Hostafrancs,67,3053,7,1,8
2010,3,Sants-Montjuïc,15,Hostafrancs,67,3053,6,1,9
2010,3,Sants-Montjuïc,15,Hostafrancs,67,3053,..,1,10
2010,3,Sants-Montjuïc,15,Hostafrancs,67,3053,..,1,14
2010,3,Sants-Montjuïc,15,Hostafrancs,67,3053,..,1,15
2010,3,Sants-Montjuïc,15,Hostafrancs,67,3053,..,1,16
2010,3,Sants-Montjuïc,15,Hostafrancs,67,3053,..,2,0
2010,3,Sants-Montjuïc,15,Hostafrancs,67,3053,5,2,1
2010,3,Sants-Montjuïc,15,Hostafrancs,67,3053,6,2,2
2010,3,Sants-Montjuïc,15,Hostafrancs,67,3053,..,2,3
2010,3,Sants-Montjuïc,15,Hostafrancs,67,3053,10,2,4
2010,3,Sants-Montjuïc,15,Hostafrancs,67,3053,30,2,5
2010,3,Sants-Montjuïc,15,Hostafrancs,67,3053,21,2,6
2010,3,Sants-Montjuïc,15,Hostafrancs,67,3053,10,2,7
2010,3,Sants-Montjuïc,15,Hostafrancs,67,3053,11,2,8
2010,3,Sants-Montjuïc,15,Hostafrancs,67,3053,5,2,9
2010,3,Sants-Montjuïc,15,Hostafrancs,67,3053,5,2,10
2010,3,Sants-Montjuïc,15,Hostafrancs,67,3053,..,2,11
2010,3,Sants-Montjuïc,15,Hostafrancs,67,3053,..,2,12
2010,3,Sants-Montjuïc,15,Hostafrancs,67,3053,..,2,16
2010,3,Sants-Montjuïc,15,Hostafrancs,67,3053,..,2,17
2010,3,Sants-Montjuïc,15,Hostafrancs,67,3053,..,2,18
2010,3,Sants-Montjuïc,15,Hostafrancs,67,3054,..,1,0
2010,3,Sants-Montjuïc,15,Hostafrancs,67,3054,..,1,1
2010,3,Sants-Montjuïc,15,Hostafrancs,67,3054,..,1,2
2010,3,Sants-Montjuïc,15,Hostafrancs,67,3054,..,1,3
2010,3,Sants-Montjuïc,15,Hostafrancs,67,3054,8,1,4
2010,3,Sants-Montjuïc,15,Hostafrancs,67,3054,9,1,5
2010,3,Sants-Montjuïc,15,Hostafrancs,67,3054,7,1,6
2010,3,Sants-Montjuïc,15,Hostafrancs,67,3054,7,1,7
2010,3,Sants-Montjuïc,15,Hostafrancs,67,3054,5,1,8
2010,3,Sants-Montjuïc,15,Hostafrancs,67,3054,..,1,9
2010,3,Sants-Montjuïc,15,Hostafrancs,67,3054,..,1,11
2010,3,Sants-Montjuïc,15,Hostafrancs,67,3054,..,1,14
2010,3,Sants-Montjuïc,15,Hostafrancs,67,3054,..,1,16
2010,3,Sants-Montjuïc,15,Hostafrancs,67,3054,5,2,0
2010,3,Sants-Montjuïc,15,Hostafrancs,67,3054,..,2,1
2010,3,Sants-Montjuïc,15,Hostafrancs,67,3054,..,2,2
2010,3,Sants-Montjuïc,15,Hostafrancs,67,3054,..,2,3
2010,3,Sants-Montjuïc,15,Hostafrancs,67,3054,10,2,4
2010,3,Sants-Montjuïc,15,Hostafrancs,67,3054,11,2,5
2010,3,Sants-Montjuïc,15,Hostafrancs,67,3054,7,2,6
2010,3,Sants-Montjuïc,15,Hostafrancs,67,3054,6,2,7
2010,3,Sants-Montjuïc,15,Hostafrancs,67,3054,5,2,8
2010,3,Sants-Montjuïc,15,Hostafrancs,67,3054,..,2,12
2010,3,Sants-Montjuïc,15,Hostafrancs,67,3055,7,1,0
2010,3,Sants-Montjuïc,15,Hostafrancs,67,3055,..,1,1
2010,3,Sants-Montjuïc,15,Hostafrancs,67,3055,..,1,2
2010,3,Sants-Montjuïc,15,Hostafrancs,67,3055,5,1,3
2010,3,Sants-Montjuïc,15,Hostafrancs,67,3055,11,1,4
2010,3,Sants-Montjuïc,15,Hostafrancs,67,3055,13,1,5
2010,3,Sants-Montjuïc,15,Hostafrancs,67,3055,10,1,6
2010,3,Sants-Montjuïc,15,Hostafrancs,67,3055,6,1,7
2010,3,Sants-Montjuïc,15,Hostafrancs,67,3055,5,1,8
2010,3,Sants-Montjuïc,15,Hostafrancs,67,3055,..,1,9
2010,3,Sants-Montjuïc,15,Hostafrancs,67,3055,..,1,10
2010,3,Sants-Montjuïc,15,Hostafrancs,67,3055,..,1,11
2010,3,Sants-Montjuïc,15,Hostafrancs,67,3055,..,1,14
2010,3,Sants-Montjuïc,15,Hostafrancs,67,3055,..,1,15
2010,3,Sants-Montjuïc,15,Hostafrancs,67,3055,..,2,0
2010,3,Sants-Montjuïc,15,Hostafrancs,67,3055,..,2,2
2010,3,Sants-Montjuïc,15,Hostafrancs,67,3055,..,2,3
2010,3,Sants-Montjuïc,15,Hostafrancs,67,3055,..,2,4
2010,3,Sants-Montjuïc,15,Hostafrancs,67,3055,5,2,5
2010,3,Sants-Montjuïc,15,Hostafrancs,67,3055,13,2,6
2010,3,Sants-Montjuïc,15,Hostafrancs,67,3055,..,2,7
2010,3,Sants-Montjuïc,15,Hostafrancs,67,3055,7,2,8
2010,3,Sants-Montjuïc,15,Hostafrancs,67,3055,..,2,9
2010,3,Sants-Montjuïc,15,Hostafrancs,67,3055,..,2,10
2010,3,Sants-Montjuïc,15,Hostafrancs,67,3055,..,2,11
2010,3,Sants-Montjuïc,15,Hostafrancs,67,3055,..,2,13
2010,3,Sants-Montjuïc,15,Hostafrancs,67,3055,..,2,14
2010,3,Sants-Montjuïc,15,Hostafrancs,67,3055,..,2,17
2010,3,Sants-Montjuïc,15,Hostafrancs,67,3056,..,1,0
2010,3,Sants-Montjuïc,15,Hostafrancs,67,3056,..,1,2
2010,3,Sants-Montjuïc,15,Hostafrancs,67,3056,..,1,5
2010,3,Sants-Montjuïc,15,Hostafrancs,67,3056,5,1,6
2010,3,Sants-Montjuïc,15,Hostafrancs,67,3056,5,1,7
2010,3,Sants-Montjuïc,15,Hostafrancs,67,3056,..,1,8
2010,3,Sants-Montjuïc,15,Hostafrancs,67,3056,..,2,2
2010,3,Sants-Montjuïc,15,Hostafrancs,67,3056,..,2,3
2010,3,Sants-Montjuïc,15,Hostafrancs,67,3056,6,2,5
2010,3,Sants-Montjuïc,15,Hostafrancs,67,3056,..,2,6
2010,3,Sants-Montjuïc,15,Hostafrancs,67,3056,..,2,7
2010,3,Sants-Montjuïc,15,Hostafrancs,67,3056,5,2,8
2010,3,Sants-Montjuïc,15,Hostafrancs,67,3056,..,2,13
2010,3,Sants-Montjuïc,16,la Bordeta,68,3057,..,1,0
2010,3,Sants-Montjuïc,16,la Bordeta,68,3057,..,1,3
2010,3,Sants-Montjuïc,16,la Bordeta,68,3057,5,1,4
2010,3,Sants-Montjuïc,16,la Bordeta,68,3057,7,1,5
2010,3,Sants-Montjuïc,16,la Bordeta,68,3057,6,1,6
2010,3,Sants-Montjuïc,16,la Bordeta,68,3057,..,1,8
2010,3,Sants-Montjuïc,16,la Bordeta,68,3057,..,1,9
2010,3,Sants-Montjuïc,16,la Bordeta,68,3057,..,1,10
2010,3,Sants-Montjuïc,16,la Bordeta,68,3057,..,1,11
2010,3,Sants-Montjuïc,16,la Bordeta,68,3057,..,1,15
2010,3,Sants-Montjuïc,16,la Bordeta,68,3057,..,2,3
2010,3,Sants-Montjuïc,16,la Bordeta,68,3057,6,2,4
2010,3,Sants-Montjuïc,16,la Bordeta,68,3057,..,2,5
2010,3,Sants-Montjuïc,16,la Bordeta,68,3057,6,2,6
2010,3,Sants-Montjuïc,16,la Bordeta,68,3057,..,2,7
2010,3,Sants-Montjuïc,16,la Bordeta,68,3057,..,2,8
2010,3,Sants-Montjuïc,16,la Bordeta,68,3057,..,2,10
2010,3,Sants-Montjuïc,16,la Bordeta,68,3057,..,2,12
2010,3,Sants-Montjuïc,16,la Bordeta,68,3058,..,1,3
2010,3,Sants-Montjuïc,16,la Bordeta,68,3058,..,1,4
2010,3,Sants-Montjuïc,16,la Bordeta,68,3058,7,1,5
2010,3,Sants-Montjuïc,16,la Bordeta,68,3058,..,1,6
2010,3,Sants-Montjuïc,16,la Bordeta,68,3058,..,1,7
2010,3,Sants-Montjuïc,16,la Bordeta,68,3058,..,1,8
2010,3,Sants-Montjuïc,16,la Bordeta,68,3058,..,1,9
2010,3,Sants-Montjuïc,16,la Bordeta,68,3058,..,1,10
2010,3,Sants-Montjuïc,16,la Bordeta,68,3058,..,1,12
2010,3,Sants-Montjuïc,16,la Bordeta,68,3058,..,1,15
2010,3,Sants-Montjuïc,16,la Bordeta,68,3058,..,1,16
2010,3,Sants-Montjuïc,16,la Bordeta,68,3058,..,1,18
2010,3,Sants-Montjuïc,16,la Bordeta,68,3058,..,2,2
2010,3,Sants-Montjuïc,16,la Bordeta,68,3058,..,2,3
2010,3,Sants-Montjuïc,16,la Bordeta,68,3058,..,2,4
2010,3,Sants-Montjuïc,16,la Bordeta,68,3058,11,2,5
2010,3,Sants-Montjuïc,16,la Bordeta,68,3058,..,2,6
2010,3,Sants-Montjuïc,16,la Bordeta,68,3058,5,2,7
2010,3,Sants-Montjuïc,16,la Bordeta,68,3058,..,2,8
2010,3,Sants-Montjuïc,16,la Bordeta,68,3058,..,2,11
2010,3,Sants-Montjuïc,16,la Bordeta,68,3058,..,2,12
2010,3,Sants-Montjuïc,16,la Bordeta,68,3059,..,1,0
2010,3,Sants-Montjuïc,16,la Bordeta,68,3059,..,1,2
2010,3,Sants-Montjuïc,16,la Bordeta,68,3059,..,1,3
2010,3,Sants-Montjuïc,16,la Bordeta,68,3059,..,1,5
2010,3,Sants-Montjuïc,16,la Bordeta,68,3059,..,1,6
2010,3,Sants-Montjuïc,16,la Bordeta,68,3059,..,1,7
2010,3,Sants-Montjuïc,16,la Bordeta,68,3059,..,1,10
2010,3,Sants-Montjuïc,16,la Bordeta,68,3059,..,1,14
2010,3,Sants-Montjuïc,16,la Bordeta,68,3059,..,2,4
2010,3,Sants-Montjuïc,16,la Bordeta,68,3059,9,2,5
2010,3,Sants-Montjuïc,16,la Bordeta,68,3059,5,2,6
2010,3,Sants-Montjuïc,16,la Bordeta,68,3059,..,2,7
2010,3,Sants-Montjuïc,16,la Bordeta,68,3059,..,2,8
2010,3,Sants-Montjuïc,16,la Bordeta,68,3059,..,2,10
2010,3,Sants-Montjuïc,16,la Bordeta,68,3059,..,2,14
2010,3,Sants-Montjuïc,16,la Bordeta,68,3059,..,2,18
2010,3,Sants-Montjuïc,16,la Bordeta,68,3060,..,1,0
2010,3,Sants-Montjuïc,16,la Bordeta,68,3060,..,1,1
2010,3,Sants-Montjuïc,16,la Bordeta,68,3060,..,1,3
2010,3,Sants-Montjuïc,16,la Bordeta,68,3060,..,1,4
2010,3,Sants-Montjuïc,16,la Bordeta,68,3060,8,1,5
2010,3,Sants-Montjuïc,16,la Bordeta,68,3060,8,1,6
2010,3,Sants-Montjuïc,16,la Bordeta,68,3060,5,1,7
2010,3,Sants-Montjuïc,16,la Bordeta,68,3060,..,1,8
2010,3,Sants-Montjuïc,16,la Bordeta,68,3060,..,1,9
2010,3,Sants-Montjuïc,16,la Bordeta,68,3060,..,1,10
2010,3,Sants-Montjuïc,16,la Bordeta,68,3060,..,1,11
2010,3,Sants-Montjuïc,16,la Bordeta,68,3060,..,1,12
2010,3,Sants-Montjuïc,16,la Bordeta,68,3060,..,1,13
2010,3,Sants-Montjuïc,16,la Bordeta,68,3060,..,2,0
2010,3,Sants-Montjuïc,16,la Bordeta,68,3060,..,2,1
2010,3,Sants-Montjuïc,16,la Bordeta,68,3060,..,2,3
2010,3,Sants-Montjuïc,16,la Bordeta,68,3060,8,2,4
2010,3,Sants-Montjuïc,16,la Bordeta,68,3060,6,2,5
2010,3,Sants-Montjuïc,16,la Bordeta,68,3060,7,2,6
2010,3,Sants-Montjuïc,16,la Bordeta,68,3060,..,2,7
2010,3,Sants-Montjuïc,16,la Bordeta,68,3060,5,2,8
2010,3,Sants-Montjuïc,16,la Bordeta,68,3060,..,2,9
2010,3,Sants-Montjuïc,16,la Bordeta,68,3060,..,2,10
2010,3,Sants-Montjuïc,16,la Bordeta,68,3060,..,2,11
2010,3,Sants-Montjuïc,16,la Bordeta,68,3060,..,2,13
2010,3,Sants-Montjuïc,16,la Bordeta,68,3060,..,2,14
2010,3,Sants-Montjuïc,16,la Bordeta,68,3061,..,1,0
2010,3,Sants-Montjuïc,16,la Bordeta,68,3061,..,1,1
2010,3,Sants-Montjuïc,16,la Bordeta,68,3061,..,1,2
2010,3,Sants-Montjuïc,16,la Bordeta,68,3061,..,1,4
2010,3,Sants-Montjuïc,16,la Bordeta,68,3061,6,1,5
2010,3,Sants-Montjuïc,16,la Bordeta,68,3061,..,1,6
2010,3,Sants-Montjuïc,16,la Bordeta,68,3061,..,1,7
2010,3,Sants-Montjuïc,16,la Bordeta,68,3061,..,1,8
2010,3,Sants-Montjuïc,16,la Bordeta,68,3061,..,1,9
2010,3,Sants-Montjuïc,16,la Bordeta,68,3061,..,1,10
2010,3,Sants-Montjuïc,16,la Bordeta,68,3061,..,1,11
2010,3,Sants-Montjuïc,16,la Bordeta,68,3061,..,1,14
2010,3,Sants-Montjuïc,16,la Bordeta,68,3061,..,1,15
2010,3,Sants-Montjuïc,16,la Bordeta,68,3061,..,2,0
2010,3,Sants-Montjuïc,16,la Bordeta,68,3061,..,2,1
2010,3,Sants-Montjuïc,16,la Bordeta,68,3061,..,2,4
2010,3,Sants-Montjuïc,16,la Bordeta,68,3061,12,2,5
2010,3,Sants-Montjuïc,16,la Bordeta,68,3061,..,2,6
2010,3,Sants-Montjuïc,16,la Bordeta,68,3061,6,2,7
2010,3,Sants-Montjuïc,16,la Bordeta,68,3061,..,2,8
2010,3,Sants-Montjuïc,16,la Bordeta,68,3061,..,2,11
2010,3,Sants-Montjuïc,16,la Bordeta,68,3061,..,2,14
2010,3,Sants-Montjuïc,16,la Bordeta,69,3062,..,1,0
2010,3,Sants-Montjuïc,16,la Bordeta,69,3062,..,1,2
2010,3,Sants-Montjuïc,16,la Bordeta,69,3062,..,1,3
2010,3,Sants-Montjuïc,16,la Bordeta,69,3062,8,1,4
2010,3,Sants-Montjuïc,16,la Bordeta,69,3062,13,1,5
2010,3,Sants-Montjuïc,16,la Bordeta,69,3062,5,1,6
2010,3,Sants-Montjuïc,16,la Bordeta,69,3062,..,1,7
2010,3,Sants-Montjuïc,16,la Bordeta,69,3062,..,1,8
2010,3,Sants-Montjuïc,16,la Bordeta,69,3062,..,1,9
2010,3,Sants-Montjuïc,16,la Bordeta,69,3062,..,1,10
2010,3,Sants-Montjuïc,16,la Bordeta,69,3062,..,1,13
2010,3,Sants-Montjuïc,16,la Bordeta,69,3062,..,1,14
2010,3,Sants-Montjuïc,16,la Bordeta,69,3062,..,1,15
2010,3,Sants-Montjuïc,16,la Bordeta,69,3062,..,2,0
2010,3,Sants-Montjuïc,16,la Bordeta,69,3062,..,2,1
2010,3,Sants-Montjuïc,16,la Bordeta,69,3062,..,2,4
2010,3,Sants-Montjuïc,16,la Bordeta,69,3062,7,2,5
2010,3,Sants-Montjuïc,16,la Bordeta,69,3062,11,2,6
2010,3,Sants-Montjuïc,16,la Bordeta,69,3062,5,2,7
2010,3,Sants-Montjuïc,16,la Bordeta,69,3062,..,2,8
2010,3,Sants-Montjuïc,16,la Bordeta,69,3062,..,2,9
2010,3,Sants-Montjuïc,16,la Bordeta,69,3062,..,2,12
2010,3,Sants-Montjuïc,16,la Bordeta,69,3062,..,2,15
2010,3,Sants-Montjuïc,16,la Bordeta,69,3062,..,2,16
2010,3,Sants-Montjuïc,16,la Bordeta,69,3063,..,1,0
2010,3,Sants-Montjuïc,16,la Bordeta,69,3063,..,1,1
2010,3,Sants-Montjuïc,16,la Bordeta,69,3063,..,1,2
2010,3,Sants-Montjuïc,16,la Bordeta,69,3063,..,1,3
2010,3,Sants-Montjuïc,16,la Bordeta,69,3063,8,1,4
2010,3,Sants-Montjuïc,16,la Bordeta,69,3063,5,1,5
2010,3,Sants-Montjuïc,16,la Bordeta,69,3063,7,1,6
2010,3,Sants-Montjuïc,16,la Bordeta,69,3063,..,1,7
2010,3,Sants-Montjuïc,16,la Bordeta,69,3063,..,1,8
2010,3,Sants-Montjuïc,16,la Bordeta,69,3063,..,1,9
2010,3,Sants-Montjuïc,16,la Bordeta,69,3063,..,1,10
2010,3,Sants-Montjuïc,16,la Bordeta,69,3063,..,1,11
2010,3,Sants-Montjuïc,16,la Bordeta,69,3063,..,1,13
2010,3,Sants-Montjuïc,16,la Bordeta,69,3063,5,2,0
2010,3,Sants-Montjuïc,16,la Bordeta,69,3063,..,2,1
2010,3,Sants-Montjuïc,16,la Bordeta,69,3063,..,2,2
2010,3,Sants-Montjuïc,16,la Bordeta,69,3063,..,2,3
2010,3,Sants-Montjuïc,16,la Bordeta,69,3063,6,2,4
2010,3,Sants-Montjuïc,16,la Bordeta,69,3063,9,2,5
2010,3,Sants-Montjuïc,16,la Bordeta,69,3063,6,2,6
2010,3,Sants-Montjuïc,16,la Bordeta,69,3063,..,2,7
2010,3,Sants-Montjuïc,16,la Bordeta,69,3063,..,2,8
2010,3,Sants-Montjuïc,16,la Bordeta,69,3063,..,2,9
2010,3,Sants-Montjuïc,16,la Bordeta,69,3063,..,2,10
2010,3,Sants-Montjuïc,16,la Bordeta,69,3063,..,2,12
2010,3,Sants-Montjuïc,16,la Bordeta,69,3063,..,2,14
2010,3,Sants-Montjuïc,16,la Bordeta,69,3063,..,2,15
2010,3,Sants-Montjuïc,16,la Bordeta,69,3064,..,1,0
2010,3,Sants-Montjuïc,16,la Bordeta,69,3064,..,1,1
2010,3,Sants-Montjuïc,16,la Bordeta,69,3064,..,1,3
2010,3,Sants-Montjuïc,16,la Bordeta,69,3064,8,1,4
2010,3,Sants-Montjuïc,16,la Bordeta,69,3064,..,1,5
2010,3,Sants-Montjuïc,16,la Bordeta,69,3064,..,1,6
2010,3,Sants-Montjuïc,16,la Bordeta,69,3064,..,1,7
2010,3,Sants-Montjuïc,16,la Bordeta,69,3064,..,1,10
2010,3,Sants-Montjuïc,16,la Bordeta,69,3064,..,1,11
2010,3,Sants-Montjuïc,16,la Bordeta,69,3064,..,1,12
2010,3,Sants-Montjuïc,16,la Bordeta,69,3064,..,1,14
2010,3,Sants-Montjuïc,16,la Bordeta,69,3064,..,2,0
2010,3,Sants-Montjuïc,16,la Bordeta,69,3064,..,2,1
2010,3,Sants-Montjuïc,16,la Bordeta,69,3064,..,2,2
2010,3,Sants-Montjuïc,16,la Bordeta,69,3064,..,2,3
2010,3,Sants-Montjuïc,16,la Bordeta,69,3064,..,2,4
2010,3,Sants-Montjuïc,16,la Bordeta,69,3064,6,2,5
2010,3,Sants-Montjuïc,16,la Bordeta,69,3064,8,2,6
2010,3,Sants-Montjuïc,16,la Bordeta,69,3064,..,2,8
2010,3,Sants-Montjuïc,16,la Bordeta,69,3064,..,2,9
2010,3,Sants-Montjuïc,16,la Bordeta,69,3064,..,2,10
2010,3,Sants-Montjuïc,16,la Bordeta,69,3064,..,2,11
2010,3,Sants-Montjuïc,16,la Bordeta,69,3064,..,2,12
2010,3,Sants-Montjuïc,16,la Bordeta,69,3065,..,1,0
2010,3,Sants-Montjuïc,16,la Bordeta,69,3065,..,1,2
2010,3,Sants-Montjuïc,16,la Bordeta,69,3065,..,1,3
2010,3,Sants-Montjuïc,16,la Bordeta,69,3065,5,1,4
2010,3,Sants-Montjuïc,16,la Bordeta,69,3065,7,1,5
2010,3,Sants-Montjuïc,16,la Bordeta,69,3065,6,1,6
2010,3,Sants-Montjuïc,16,la Bordeta,69,3065,..,1,7
2010,3,Sants-Montjuïc,16,la Bordeta,69,3065,..,1,8
2010,3,Sants-Montjuïc,16,la Bordeta,69,3065,..,1,9
2010,3,Sants-Montjuïc,16,la Bordeta,69,3065,..,1,10
2010,3,Sants-Montjuïc,16,la Bordeta,69,3065,..,1,11
2010,3,Sants-Montjuïc,16,la Bordeta,69,3065,..,1,12
2010,3,Sants-Montjuïc,16,la Bordeta,69,3065,..,1,16
2010,3,Sants-Montjuïc,16,la Bordeta,69,3065,..,2,0
2010,3,Sants-Montjuïc,16,la Bordeta,69,3065,..,2,1
2010,3,Sants-Montjuïc,16,la Bordeta,69,3065,..,2,2
2010,3,Sants-Montjuïc,16,la Bordeta,69,3065,5,2,4
2010,3,Sants-Montjuïc,16,la Bordeta,69,3065,8,2,5
2010,3,Sants-Montjuïc,16,la Bordeta,69,3065,..,2,6
2010,3,Sants-Montjuïc,16,la Bordeta,69,3065,..,2,7
2010,3,Sants-Montjuïc,16,la Bordeta,69,3065,..,2,8
2010,3,Sants-Montjuïc,16,la Bordeta,69,3065,..,2,9
2010,3,Sants-Montjuïc,16,la Bordeta,69,3065,..,2,12
2010,3,Sants-Montjuïc,16,la Bordeta,69,3066,..,1,0
2010,3,Sants-Montjuïc,16,la Bordeta,69,3066,5,1,1
2010,3,Sants-Montjuïc,16,la Bordeta,69,3066,..,1,2
2010,3,Sants-Montjuïc,16,la Bordeta,69,3066,7,1,3
2010,3,Sants-Montjuïc,16,la Bordeta,69,3066,15,1,4
2010,3,Sants-Montjuïc,16,la Bordeta,69,3066,15,1,5
2010,3,Sants-Montjuïc,16,la Bordeta,69,3066,11,1,6
2010,3,Sants-Montjuïc,16,la Bordeta,69,3066,6,1,7
2010,3,Sants-Montjuïc,16,la Bordeta,69,3066,5,1,8
2010,3,Sants-Montjuïc,16,la Bordeta,69,3066,..,1,9
2010,3,Sants-Montjuïc,16,la Bordeta,69,3066,..,1,10
2010,3,Sants-Montjuïc,16,la Bordeta,69,3066,..,1,11
2010,3,Sants-Montjuïc,16,la Bordeta,69,3066,..,1,12
2010,3,Sants-Montjuïc,16,la Bordeta,69,3066,..,1,13
2010,3,Sants-Montjuïc,16,la Bordeta,69,3066,..,1,16
2010,3,Sants-Montjuïc,16,la Bordeta,69,3066,..,1,17
2010,3,Sants-Montjuïc,16,la Bordeta,69,3066,..,2,0
2010,3,Sants-Montjuïc,16,la Bordeta,69,3066,..,2,1
2010,3,Sants-Montjuïc,16,la Bordeta,69,3066,..,2,2
2010,3,Sants-Montjuïc,16,la Bordeta,69,3066,..,2,3
2010,3,Sants-Montjuïc,16,la Bordeta,69,3066,6,2,4
2010,3,Sants-Montjuïc,16,la Bordeta,69,3066,14,2,5
2010,3,Sants-Montjuïc,16,la Bordeta,69,3066,10,2,6
2010,3,Sants-Montjuïc,16,la Bordeta,69,3066,6,2,7
2010,3,Sants-Montjuïc,16,la Bordeta,69,3066,8,2,8
2010,3,Sants-Montjuïc,16,la Bordeta,69,3066,..,2,9
2010,3,Sants-Montjuïc,16,la Bordeta,69,3066,..,2,10
2010,3,Sants-Montjuïc,16,la Bordeta,69,3066,..,2,11
2010,3,Sants-Montjuïc,16,la Bordeta,69,3066,..,2,12
2010,3,Sants-Montjuïc,16,la Bordeta,69,3066,..,2,13
2010,3,Sants-Montjuïc,16,la Bordeta,69,3066,..,2,16
2010,3,Sants-Montjuïc,16,la Bordeta,69,3067,..,1,0
2010,3,Sants-Montjuïc,16,la Bordeta,69,3067,..,1,1
2010,3,Sants-Montjuïc,16,la Bordeta,69,3067,..,1,2
2010,3,Sants-Montjuïc,16,la Bordeta,69,3067,..,1,3
2010,3,Sants-Montjuïc,16,la Bordeta,69,3067,10,1,4
2010,3,Sants-Montjuïc,16,la Bordeta,69,3067,8,1,5
2010,3,Sants-Montjuïc,16,la Bordeta,69,3067,..,1,6
2010,3,Sants-Montjuïc,16,la Bordeta,69,3067,..,1,7
2010,3,Sants-Montjuïc,16,la Bordeta,69,3067,..,1,8
2010,3,Sants-Montjuïc,16,la Bordeta,69,3067,..,1,10
2010,3,Sants-Montjuïc,16,la Bordeta,69,3067,..,1,11
2010,3,Sants-Montjuïc,16,la Bordeta,69,3067,..,1,12
2010,3,Sants-Montjuïc,16,la Bordeta,69,3067,..,1,14
2010,3,Sants-Montjuïc,16,la Bordeta,69,3067,..,1,16
2010,3,Sants-Montjuïc,16,la Bordeta,69,3067,..,1,17
2010,3,Sants-Montjuïc,16,la Bordeta,69,3067,..,2,0
2010,3,Sants-Montjuïc,16,la Bordeta,69,3067,..,2,1
2010,3,Sants-Montjuïc,16,la Bordeta,69,3067,..,2,3
2010,3,Sants-Montjuïc,16,la Bordeta,69,3067,6,2,4
2010,3,Sants-Montjuïc,16,la Bordeta,69,3067,12,2,5
2010,3,Sants-Montjuïc,16,la Bordeta,69,3067,8,2,6
2010,3,Sants-Montjuïc,16,la Bordeta,69,3067,..,2,7
2010,3,Sants-Montjuïc,16,la Bordeta,69,3067,8,2,8
2010,3,Sants-Montjuïc,16,la Bordeta,69,3067,..,2,9
2010,3,Sants-Montjuïc,16,la Bordeta,69,3067,..,2,11
2010,3,Sants-Montjuïc,16,la Bordeta,69,3067,..,2,12
2010,3,Sants-Montjuïc,16,la Bordeta,69,3067,..,2,15
2010,3,Sants-Montjuïc,16,la Bordeta,69,3068,..,1,0
2010,3,Sants-Montjuïc,16,la Bordeta,69,3068,..,1,1
2010,3,Sants-Montjuïc,16,la Bordeta,69,3068,..,1,2
2010,3,Sants-Montjuïc,16,la Bordeta,69,3068,..,1,3
2010,3,Sants-Montjuïc,16,la Bordeta,69,3068,..,1,4
2010,3,Sants-Montjuïc,16,la Bordeta,69,3068,7,1,5
2010,3,Sants-Montjuïc,16,la Bordeta,69,3068,..,1,6
2010,3,Sants-Montjuïc,16,la Bordeta,69,3068,..,1,7
2010,3,Sants-Montjuïc,16,la Bordeta,69,3068,..,1,9
2010,3,Sants-Montjuïc,16,la Bordeta,69,3068,..,1,10
2010,3,Sants-Montjuïc,16,la Bordeta,69,3068,..,1,12
2010,3,Sants-Montjuïc,16,la Bordeta,69,3068,..,1,16
2010,3,Sants-Montjuïc,16,la Bordeta,69,3068,..,2,0
2010,3,Sants-Montjuïc,16,la Bordeta,69,3068,..,2,1
2010,3,Sants-Montjuïc,16,la Bordeta,69,3068,..,2,2
2010,3,Sants-Montjuïc,16,la Bordeta,69,3068,..,2,3
2010,3,Sants-Montjuïc,16,la Bordeta,69,3068,..,2,4
2010,3,Sants-Montjuïc,16,la Bordeta,69,3068,7,2,5
2010,3,Sants-Montjuïc,16,la Bordeta,69,3068,..,2,6
2010,3,Sants-Montjuïc,16,la Bordeta,69,3068,..,2,7
2010,3,Sants-Montjuïc,16,la Bordeta,69,3068,..,2,8
2010,3,Sants-Montjuïc,16,la Bordeta,69,3068,..,2,9
2010,3,Sants-Montjuïc,16,la Bordeta,69,3068,..,2,10
2010,3,Sants-Montjuïc,16,la Bordeta,69,3068,..,2,14
2010,3,Sants-Montjuïc,16,la Bordeta,69,3069,..,1,0
2010,3,Sants-Montjuïc,16,la Bordeta,69,3069,..,1,3
2010,3,Sants-Montjuïc,16,la Bordeta,69,3069,..,1,4
2010,3,Sants-Montjuïc,16,la Bordeta,69,3069,..,1,5
2010,3,Sants-Montjuïc,16,la Bordeta,69,3069,9,1,6
2010,3,Sants-Montjuïc,16,la Bordeta,69,3069,..,1,7
2010,3,Sants-Montjuïc,16,la Bordeta,69,3069,..,1,10
2010,3,Sants-Montjuïc,16,la Bordeta,69,3069,..,1,11
2010,3,Sants-Montjuïc,16,la Bordeta,69,3069,..,1,12
2010,3,Sants-Montjuïc,16,la Bordeta,69,3069,..,1,13
2010,3,Sants-Montjuïc,16,la Bordeta,69,3069,..,1,15
2010,3,Sants-Montjuïc,16,la Bordeta,69,3069,..,2,0
2010,3,Sants-Montjuïc,16,la Bordeta,69,3069,..,2,2
2010,3,Sants-Montjuïc,16,la Bordeta,69,3069,..,2,4
2010,3,Sants-Montjuïc,16,la Bordeta,69,3069,7,2,5
2010,3,Sants-Montjuïc,16,la Bordeta,69,3069,6,2,6
2010,3,Sants-Montjuïc,16,la Bordeta,69,3069,..,2,7
2010,3,Sants-Montjuïc,16,la Bordeta,69,3069,..,2,8
2010,3,Sants-Montjuïc,16,la Bordeta,69,3069,..,2,9
2010,3,Sants-Montjuïc,16,la Bordeta,69,3069,..,2,10
2010,3,Sants-Montjuïc,16,la Bordeta,69,3069,..,2,11
2010,3,Sants-Montjuïc,16,la Bordeta,69,3069,..,2,12
2010,3,Sants-Montjuïc,16,la Bordeta,69,3069,..,2,13
2010,3,Sants-Montjuïc,16,la Bordeta,69,3069,..,2,14
2010,3,Sants-Montjuïc,17,Sants - Badal,70,3070,..,1,0
2010,3,Sants-Montjuïc,17,Sants - Badal,70,3070,..,1,1
2010,3,Sants-Montjuïc,17,Sants - Badal,70,3070,..,1,2
2010,3,Sants-Montjuïc,17,Sants - Badal,70,3070,..,1,3
2010,3,Sants-Montjuïc,17,Sants - Badal,70,3070,8,1,4
2010,3,Sants-Montjuïc,17,Sants - Badal,70,3070,..,1,5
2010,3,Sants-Montjuïc,17,Sants - Badal,70,3070,..,1,6
2010,3,Sants-Montjuïc,17,Sants - Badal,70,3070,..,1,7
2010,3,Sants-Montjuïc,17,Sants - Badal,70,3070,..,1,8
2010,3,Sants-Montjuïc,17,Sants - Badal,70,3070,..,2,0
2010,3,Sants-Montjuïc,17,Sants - Badal,70,3070,..,2,2
2010,3,Sants-Montjuïc,17,Sants - Badal,70,3070,..,2,3
2010,3,Sants-Montjuïc,17,Sants - Badal,70,3070,..,2,4
2010,3,Sants-Montjuïc,17,Sants - Badal,70,3070,..,2,5
2010,3,Sants-Montjuïc,17,Sants - Badal,70,3070,5,2,6
2010,3,Sants-Montjuïc,17,Sants - Badal,70,3070,..,2,7
2010,3,Sants-Montjuïc,17,Sants - Badal,70,3070,..,2,8
2010,3,Sants-Montjuïc,17,Sants - Badal,70,3070,..,2,9
2010,3,Sants-Montjuïc,17,Sants - Badal,70,3070,..,2,11
2010,3,Sants-Montjuïc,17,Sants - Badal,70,3071,..,1,0
2010,3,Sants-Montjuïc,17,Sants - Badal,70,3071,..,1,1
2010,3,Sants-Montjuïc,17,Sants - Badal,70,3071,..,1,2
2010,3,Sants-Montjuïc,17,Sants - Badal,70,3071,..,1,3
2010,3,Sants-Montjuïc,17,Sants - Badal,70,3071,..,1,4
2010,3,Sants-Montjuïc,17,Sants - Badal,70,3071,12,1,5
2010,3,Sants-Montjuïc,17,Sants - Badal,70,3071,6,1,6
2010,3,Sants-Montjuïc,17,Sants - Badal,70,3071,..,1,7
2010,3,Sants-Montjuïc,17,Sants - Badal,70,3071,..,1,8
2010,3,Sants-Montjuïc,17,Sants - Badal,70,3071,5,1,9
2010,3,Sants-Montjuïc,17,Sants - Badal,70,3071,..,1,10
2010,3,Sants-Montjuïc,17,Sants - Badal,70,3071,..,1,11
2010,3,Sants-Montjuïc,17,Sants - Badal,70,3071,..,1,12
2010,3,Sants-Montjuïc,17,Sants - Badal,70,3071,..,1,13
2010,3,Sants-Montjuïc,17,Sants - Badal,70,3071,..,1,14
2010,3,Sants-Montjuïc,17,Sants - Badal,70,3071,..,1,16
2010,3,Sants-Montjuïc,17,Sants - Badal,70,3071,..,2,0
2010,3,Sants-Montjuïc,17,Sants - Badal,70,3071,..,2,1
2010,3,Sants-Montjuïc,17,Sants - Badal,70,3071,..,2,2
2010,3,Sants-Montjuïc,17,Sants - Badal,70,3071,..,2,3
2010,3,Sants-Montjuïc,17,Sants - Badal,70,3071,..,2,4
2010,3,Sants-Montjuïc,17,Sants - Badal,70,3071,15,2,5
2010,3,Sants-Montjuïc,17,Sants - Badal,70,3071,12,2,6
2010,3,Sants-Montjuïc,17,Sants - Badal,70,3071,5,2,7
2010,3,Sants-Montjuïc,17,Sants - Badal,70,3071,5,2,8
2010,3,Sants-Montjuïc,17,Sants - Badal,70,3071,..,2,9
2010,3,Sants-Montjuïc,17,Sants - Badal,70,3071,..,2,10
2010,3,Sants-Montjuïc,17,Sants - Badal,70,3071,..,2,11
2010,3,Sants-Montjuïc,17,Sants - Badal,70,3071,..,2,12
2010,3,Sants-Montjuïc,17,Sants - Badal,70,3071,..,2,14
2010,3,Sants-Montjuïc,17,Sants - Badal,70,3071,..,2,17
2010,3,Sants-Montjuïc,17,Sants - Badal,70,3072,..,1,0
2010,3,Sants-Montjuïc,17,Sants - Badal,70,3072,..,1,2
2010,3,Sants-Montjuïc,17,Sants - Badal,70,3072,5,1,4
2010,3,Sants-Montjuïc,17,Sants - Badal,70,3072,11,1,5
2010,3,Sants-Montjuïc,17,Sants - Badal,70,3072,..,1,6
2010,3,Sants-Montjuïc,17,Sants - Badal,70,3072,8,1,7
2010,3,Sants-Montjuïc,17,Sants - Badal,70,3072,..,1,8
2010,3,Sants-Montjuïc,17,Sants - Badal,70,3072,..,1,9
2010,3,Sants-Montjuïc,17,Sants - Badal,70,3072,..,1,10
2010,3,Sants-Montjuïc,17,Sants - Badal,70,3072,..,1,11
2010,3,Sants-Montjuïc,17,Sants - Badal,70,3072,..,1,12
2010,3,Sants-Montjuïc,17,Sants - Badal,70,3072,..,1,13
2010,3,Sants-Montjuïc,17,Sants - Badal,70,3072,..,2,0
2010,3,Sants-Montjuïc,17,Sants - Badal,70,3072,..,2,2
2010,3,Sants-Montjuïc,17,Sants - Badal,70,3072,..,2,3
2010,3,Sants-Montjuïc,17,Sants - Badal,70,3072,8,2,4
2010,3,Sants-Montjuïc,17,Sants - Badal,70,3072,17,2,5
2010,3,Sants-Montjuïc,17,Sants - Badal,70,3072,15,2,6
2010,3,Sants-Montjuïc,17,Sants - Badal,70,3072,12,2,7
2010,3,Sants-Montjuïc,17,Sants - Badal,70,3072,..,2,8
2010,3,Sants-Montjuïc,17,Sants - Badal,70,3072,..,2,9
2010,3,Sants-Montjuïc,17,Sants - Badal,70,3072,..,2,12
2010,3,Sants-Montjuïc,17,Sants - Badal,70,3072,..,2,15
2010,3,Sants-Montjuïc,17,Sants - Badal,70,3073,..,1,0
2010,3,Sants-Montjuïc,17,Sants - Badal,70,3073,..,1,1
2010,3,Sants-Montjuïc,17,Sants - Badal,70,3073,..,1,3
2010,3,Sants-Montjuïc,17,Sants - Badal,70,3073,9,1,4
2010,3,Sants-Montjuïc,17,Sants - Badal,70,3073,10,1,5
2010,3,Sants-Montjuïc,17,Sants - Badal,70,3073,6,1,6
2010,3,Sants-Montjuïc,17,Sants - Badal,70,3073,..,1,7
2010,3,Sants-Montjuïc,17,Sants - Badal,70,3073,..,1,8
2010,3,Sants-Montjuïc,17,Sants - Badal,70,3073,..,1,9
2010,3,Sants-Montjuïc,17,Sants - Badal,70,3073,..,1,11
2010,3,Sants-Montjuïc,17,Sants - Badal,70,3073,..,1,14
2010,3,Sants-Montjuïc,17,Sants - Badal,70,3073,..,1,15
2010,3,Sants-Montjuïc,17,Sants - Badal,70,3073,..,2,1
2010,3,Sants-Montjuïc,17,Sants - Badal,70,3073,..,2,2
2010,3,Sants-Montjuïc,17,Sants - Badal,70,3073,..,2,3
2010,3,Sants-Montjuïc,17,Sants - Badal,70,3073,..,2,4
2010,3,Sants-Montjuïc,17,Sants - Badal,70,3073,5,2,5
2010,3,Sants-Montjuïc,17,Sants - Badal,70,3073,9,2,6
2010,3,Sants-Montjuïc,17,Sants - Badal,70,3073,..,2,7
2010,3,Sants-Montjuïc,17,Sants - Badal,70,3073,5,2,8
2010,3,Sants-Montjuïc,17,Sants - Badal,70,3073,..,2,9
2010,3,Sants-Montjuïc,17,Sants - Badal,70,3073,..,2,10
2010,3,Sants-Montjuïc,17,Sants - Badal,70,3073,..,2,11
2010,3,Sants-Montjuïc,17,Sants - Badal,70,3073,..,2,12
2010,3,Sants-Montjuïc,17,Sants - Badal,70,3073,..,2,14
2010,3,Sants-Montjuïc,17,Sants - Badal,70,3073,..,2,16
2010,3,Sants-Montjuïc,17,Sants - Badal,70,3074,..,1,0
2010,3,Sants-Montjuïc,17,Sants - Badal,70,3074,..,1,1
2010,3,Sants-Montjuïc,17,Sants - Badal,70,3074,..,1,2
2010,3,Sants-Montjuïc,17,Sants - Badal,70,3074,..,1,3
2010,3,Sants-Montjuïc,17,Sants - Badal,70,3074,12,1,4
2010,3,Sants-Montjuïc,17,Sants - Badal,70,3074,13,1,5
2010,3,Sants-Montjuïc,17,Sants - Badal,70,3074,7,1,6
2010,3,Sants-Montjuïc,17,Sants - Badal,70,3074,5,1,7
2010,3,Sants-Montjuïc,17,Sants - Badal,70,3074,6,1,8
2010,3,Sants-Montjuïc,17,Sants - Badal,70,3074,..,1,9
2010,3,Sants-Montjuïc,17,Sants - Badal,70,3074,6,1,10
2010,3,Sants-Montjuïc,17,Sants - Badal,70,3074,..,1,11
2010,3,Sants-Montjuïc,17,Sants - Badal,70,3074,..,1,12
2010,3,Sants-Montjuïc,17,Sants - Badal,70,3074,..,2,0
2010,3,Sants-Montjuïc,17,Sants - Badal,70,3074,..,2,1
2010,3,Sants-Montjuïc,17,Sants - Badal,70,3074,..,2,2
2010,3,Sants-Montjuïc,17,Sants - Badal,70,3074,..,2,3
2010,3,Sants-Montjuïc,17,Sants - Badal,70,3074,6,2,4
2010,3,Sants-Montjuïc,17,Sants - Badal,70,3074,15,2,5
2010,3,Sants-Montjuïc,17,Sants - Badal,70,3074,13,2,6
2010,3,Sants-Montjuïc,17,Sants - Badal,70,3074,7,2,7
2010,3,Sants-Montjuïc,17,Sants - Badal,70,3074,..,2,8
2010,3,Sants-Montjuïc,17,Sants - Badal,70,3074,..,2,9
2010,3,Sants-Montjuïc,17,Sants - Badal,70,3074,..,2,10
2010,3,Sants-Montjuïc,17,Sants - Badal,70,3074,..,2,11
2010,3,Sants-Montjuïc,17,Sants - Badal,70,3074,..,2,15
2010,3,Sants-Montjuïc,17,Sants - Badal,70,3075,..,1,0
2010,3,Sants-Montjuïc,17,Sants - Badal,70,3075,..,1,1
2010,3,Sants-Montjuïc,17,Sants - Badal,70,3075,..,1,2
2010,3,Sants-Montjuïc,17,Sants - Badal,70,3075,..,1,3
2010,3,Sants-Montjuïc,17,Sants - Badal,70,3075,8,1,4
2010,3,Sants-Montjuïc,17,Sants - Badal,70,3075,7,1,5
2010,3,Sants-Montjuïc,17,Sants - Badal,70,3075,6,1,6
2010,3,Sants-Montjuïc,17,Sants - Badal,70,3075,6,1,7
2010,3,Sants-Montjuïc,17,Sants - Badal,70,3075,5,1,8
2010,3,Sants-Montjuïc,17,Sants - Badal,70,3075,..,1,9
2010,3,Sants-Montjuïc,17,Sants - Badal,70,3075,..,1,10
2010,3,Sants-Montjuïc,17,Sants - Badal,70,3075,..,1,12
2010,3,Sants-Montjuïc,17,Sants - Badal,70,3075,..,1,14
2010,3,Sants-Montjuïc,17,Sants - Badal,70,3075,..,1,15
2010,3,Sants-Montjuïc,17,Sants - Badal,70,3075,..,2,0
2010,3,Sants-Montjuïc,17,Sants - Badal,70,3075,..,2,2
2010,3,Sants-Montjuïc,17,Sants - Badal,70,3075,..,2,3
2010,3,Sants-Montjuïc,17,Sants - Badal,70,3075,11,2,4
2010,3,Sants-Montjuïc,17,Sants - Badal,70,3075,10,2,5
2010,3,Sants-Montjuïc,17,Sants - Badal,70,3075,6,2,6
2010,3,Sants-Montjuïc,17,Sants - Badal,70,3075,11,2,7
2010,3,Sants-Montjuïc,17,Sants - Badal,70,3075,5,2,8
2010,3,Sants-Montjuïc,17,Sants - Badal,70,3075,5,2,9
2010,3,Sants-Montjuïc,17,Sants - Badal,70,3075,..,2,10
2010,3,Sants-Montjuïc,17,Sants - Badal,70,3075,..,2,12
2010,3,Sants-Montjuïc,17,Sants - Badal,70,3075,..,2,16
2010,3,Sants-Montjuïc,17,Sants - Badal,70,3076,..,1,0
2010,3,Sants-Montjuïc,17,Sants - Badal,70,3076,..,1,1
2010,3,Sants-Montjuïc,17,Sants - Badal,70,3076,..,1,3
2010,3,Sants-Montjuïc,17,Sants - Badal,70,3076,..,1,4
2010,3,Sants-Montjuïc,17,Sants - Badal,70,3076,..,1,5
2010,3,Sants-Montjuïc,17,Sants - Badal,70,3076,8,1,6
2010,3,Sants-Montjuïc,17,Sants - Badal,70,3076,..,1,7
2010,3,Sants-Montjuïc,17,Sants - Badal,70,3076,..,1,8
2010,3,Sants-Montjuïc,17,Sants - Badal,70,3076,..,1,9
2010,3,Sants-Montjuïc,17,Sants - Badal,70,3076,..,1,10
2010,3,Sants-Montjuïc,17,Sants - Badal,70,3076,..,1,11
2010,3,Sants-Montjuïc,17,Sants - Badal,70,3076,..,1,12
2010,3,Sants-Montjuïc,17,Sants - Badal,70,3076,..,1,13
2010,3,Sants-Montjuïc,17,Sants - Badal,70,3076,..,1,15
2010,3,Sants-Montjuïc,17,Sants - Badal,70,3076,..,1,16
2010,3,Sants-Montjuïc,17,Sants - Badal,70,3076,..,2,0
2010,3,Sants-Montjuïc,17,Sants - Badal,70,3076,..,2,1
2010,3,Sants-Montjuïc,17,Sants - Badal,70,3076,..,2,2
2010,3,Sants-Montjuïc,17,Sants - Badal,70,3076,..,2,4
2010,3,Sants-Montjuïc,17,Sants - Badal,70,3076,..,2,5
2010,3,Sants-Montjuïc,17,Sants - Badal,70,3076,5,2,6
2010,3,Sants-Montjuïc,17,Sants - Badal,70,3076,..,2,7
2010,3,Sants-Montjuïc,17,Sants - Badal,70,3076,..,2,8
2010,3,Sants-Montjuïc,17,Sants - Badal,70,3076,..,2,10
2010,3,Sants-Montjuïc,17,Sants - Badal,70,3076,..,2,11
2010,3,Sants-Montjuïc,17,Sants - Badal,70,3076,..,2,12
2010,3,Sants-Montjuïc,17,Sants - Badal,70,3076,..,2,13
2010,3,Sants-Montjuïc,17,Sants - Badal,70,3076,..,2,15
2010,3,Sants-Montjuïc,17,Sants - Badal,70,3077,..,1,0
2010,3,Sants-Montjuïc,17,Sants - Badal,70,3077,..,1,2
2010,3,Sants-Montjuïc,17,Sants - Badal,70,3077,..,1,3
2010,3,Sants-Montjuïc,17,Sants - Badal,70,3077,..,1,4
2010,3,Sants-Montjuïc,17,Sants - Badal,70,3077,5,1,5
2010,3,Sants-Montjuïc,17,Sants - Badal,70,3077,8,1,6
2010,3,Sants-Montjuïc,17,Sants - Badal,70,3077,..,1,7
2010,3,Sants-Montjuïc,17,Sants - Badal,70,3077,..,1,8
2010,3,Sants-Montjuïc,17,Sants - Badal,70,3077,..,1,9
2010,3,Sants-Montjuïc,17,Sants - Badal,70,3077,..,1,10
2010,3,Sants-Montjuïc,17,Sants - Badal,70,3077,..,1,11
2010,3,Sants-Montjuïc,17,Sants - Badal,70,3077,..,1,12
2010,3,Sants-Montjuïc,17,Sants - Badal,70,3077,..,1,13
2010,3,Sants-Montjuïc,17,Sants - Badal,70,3077,..,1,17
2010,3,Sants-Montjuïc,17,Sants - Badal,70,3077,5,2,0
2010,3,Sants-Montjuïc,17,Sants - Badal,70,3077,..,2,1
2010,3,Sants-Montjuïc,17,Sants - Badal,70,3077,..,2,3
2010,3,Sants-Montjuïc,17,Sants - Badal,70,3077,..,2,4
2010,3,Sants-Montjuïc,17,Sants - Badal,70,3077,11,2,5
2010,3,Sants-Montjuïc,17,Sants - Badal,70,3077,..,2,6
2010,3,Sants-Montjuïc,17,Sants - Badal,70,3077,..,2,7
2010,3,Sants-Montjuïc,17,Sants - Badal,70,3077,..,2,8
2010,3,Sants-Montjuïc,17,Sants - Badal,70,3077,..,2,10
2010,3,Sants-Montjuïc,17,Sants - Badal,70,3077,..,2,12
2010,3,Sants-Montjuïc,17,Sants - Badal,70,3077,..,2,13
2010,3,Sants-Montjuïc,17,Sants - Badal,70,3077,..,2,16
2010,3,Sants-Montjuïc,17,Sants - Badal,70,3077,..,2,17
2010,3,Sants-Montjuïc,17,Sants - Badal,70,3078,..,1,0
2010,3,Sants-Montjuïc,17,Sants - Badal,70,3078,5,1,1
2010,3,Sants-Montjuïc,17,Sants - Badal,70,3078,..,1,2
2010,3,Sants-Montjuïc,17,Sants - Badal,70,3078,7,1,3
2010,3,Sants-Montjuïc,17,Sants - Badal,70,3078,9,1,4
2010,3,Sants-Montjuïc,17,Sants - Badal,70,3078,11,1,5
2010,3,Sants-Montjuïc,17,Sants - Badal,70,3078,14,1,6
2010,3,Sants-Montjuïc,17,Sants - Badal,70,3078,6,1,7
2010,3,Sants-Montjuïc,17,Sants - Badal,70,3078,..,1,8
2010,3,Sants-Montjuïc,17,Sants - Badal,70,3078,6,1,9
2010,3,Sants-Montjuïc,17,Sants - Badal,70,3078,..,1,10
2010,3,Sants-Montjuïc,17,Sants - Badal,70,3078,..,1,13
2010,3,Sants-Montjuïc,17,Sants - Badal,70,3078,..,1,16
2010,3,Sants-Montjuïc,17,Sants - Badal,70,3078,..,2,0
2010,3,Sants-Montjuïc,17,Sants - Badal,70,3078,..,2,1
2010,3,Sants-Montjuïc,17,Sants - Badal,70,3078,..,2,2
2010,3,Sants-Montjuïc,17,Sants - Badal,70,3078,..,2,3
2010,3,Sants-Montjuïc,17,Sants - Badal,70,3078,10,2,4
2010,3,Sants-Montjuïc,17,Sants - Badal,70,3078,21,2,5
2010,3,Sants-Montjuïc,17,Sants - Badal,70,3078,14,2,6
2010,3,Sants-Montjuïc,17,Sants - Badal,70,3078,11,2,7
2010,3,Sants-Montjuïc,17,Sants - Badal,70,3078,..,2,8
2010,3,Sants-Montjuïc,17,Sants - Badal,70,3078,..,2,9
2010,3,Sants-Montjuïc,17,Sants - Badal,70,3078,..,2,13
2010,3,Sants-Montjuïc,17,Sants - Badal,70,3078,..,2,14
2010,3,Sants-Montjuïc,17,Sants - Badal,70,3079,5,1,0
2010,3,Sants-Montjuïc,17,Sants - Badal,70,3079,..,1,1
2010,3,Sants-Montjuïc,17,Sants - Badal,70,3079,5,1,3
2010,3,Sants-Montjuïc,17,Sants - Badal,70,3079,11,1,4
2010,3,Sants-Montjuïc,17,Sants - Badal,70,3079,25,1,5
2010,3,Sants-Montjuïc,17,Sants - Badal,70,3079,17,1,6
2010,3,Sants-Montjuïc,17,Sants - Badal,70,3079,7,1,7
2010,3,Sants-Montjuïc,17,Sants - Badal,70,3079,..,1,8
2010,3,Sants-Montjuïc,17,Sants - Badal,70,3079,..,1,9
2010,3,Sants-Montjuïc,17,Sants - Badal,70,3079,..,1,10
2010,3,Sants-Montjuïc,17,Sants - Badal,70,3079,..,1,11
2010,3,Sants-Montjuïc,17,Sants - Badal,70,3079,..,1,12
2010,3,Sants-Montjuïc,17,Sants - Badal,70,3079,..,1,13
2010,3,Sants-Montjuïc,17,Sants - Badal,70,3079,..,1,15
2010,3,Sants-Montjuïc,17,Sants - Badal,70,3079,..,2,0
2010,3,Sants-Montjuïc,17,Sants - Badal,70,3079,..,2,1
2010,3,Sants-Montjuïc,17,Sants - Badal,70,3079,..,2,2
2010,3,Sants-Montjuïc,17,Sants - Badal,70,3079,..,2,3
2010,3,Sants-Montjuïc,17,Sants - Badal,70,3079,10,2,4
2010,3,Sants-Montjuïc,17,Sants - Badal,70,3079,21,2,5
2010,3,Sants-Montjuïc,17,Sants - Badal,70,3079,15,2,6
2010,3,Sants-Montjuïc,17,Sants - Badal,70,3079,10,2,7
2010,3,Sants-Montjuïc,17,Sants - Badal,70,3079,7,2,8
2010,3,Sants-Montjuïc,17,Sants - Badal,70,3079,..,2,9
2010,3,Sants-Montjuïc,17,Sants - Badal,70,3079,..,2,10
2010,3,Sants-Montjuïc,17,Sants - Badal,70,3079,..,2,11
2010,3,Sants-Montjuïc,17,Sants - Badal,70,3079,..,2,15
2010,3,Sants-Montjuïc,17,Sants - Badal,70,3080,..,1,1
2010,3,Sants-Montjuïc,17,Sants - Badal,70,3080,..,1,2
2010,3,Sants-Montjuïc,17,Sants - Badal,70,3080,..,1,3
2010,3,Sants-Montjuïc,17,Sants - Badal,70,3080,5,1,4
2010,3,Sants-Montjuïc,17,Sants - Badal,70,3080,12,1,5
2010,3,Sants-Montjuïc,17,Sants - Badal,70,3080,7,1,6
2010,3,Sants-Montjuïc,17,Sants - Badal,70,3080,..,1,7
2010,3,Sants-Montjuïc,17,Sants - Badal,70,3080,..,1,8
2010,3,Sants-Montjuïc,17,Sants - Badal,70,3080,..,1,10
2010,3,Sants-Montjuïc,17,Sants - Badal,70,3080,..,1,13
2010,3,Sants-Montjuïc,17,Sants - Badal,70,3080,..,1,17
2010,3,Sants-Montjuïc,17,Sants - Badal,70,3080,..,2,0
2010,3,Sants-Montjuïc,17,Sants - Badal,70,3080,..,2,1
2010,3,Sants-Montjuïc,17,Sants - Badal,70,3080,..,2,2
2010,3,Sants-Montjuïc,17,Sants - Badal,70,3080,..,2,4
2010,3,Sants-Montjuïc,17,Sants - Badal,70,3080,10,2,5
2010,3,Sants-Montjuïc,17,Sants - Badal,70,3080,9,2,6
2010,3,Sants-Montjuïc,17,Sants - Badal,70,3080,11,2,7
2010,3,Sants-Montjuïc,17,Sants - Badal,70,3080,..,2,8
2010,3,Sants-Montjuïc,17,Sants - Badal,70,3080,..,2,11
2010,3,Sants-Montjuïc,17,Sants - Badal,70,3080,..,2,13
2010,3,Sants-Montjuïc,17,Sants - Badal,71,3081,..,1,0
2010,3,Sants-Montjuïc,17,Sants - Badal,71,3081,..,1,2
2010,3,Sants-Montjuïc,17,Sants - Badal,71,3081,..,1,3
2010,3,Sants-Montjuïc,17,Sants - Badal,71,3081,11,1,4
2010,3,Sants-Montjuïc,17,Sants - Badal,71,3081,25,1,5
2010,3,Sants-Montjuïc,17,Sants - Badal,71,3081,9,1,6
2010,3,Sants-Montjuïc,17,Sants - Badal,71,3081,..,1,7
2010,3,Sants-Montjuïc,17,Sants - Badal,71,3081,..,1,8
2010,3,Sants-Montjuïc,17,Sants - Badal,71,3081,..,1,9
2010,3,Sants-Montjuïc,17,Sants - Badal,71,3081,..,1,10
2010,3,Sants-Montjuïc,17,Sants - Badal,71,3081,..,1,11
2010,3,Sants-Montjuïc,17,Sants - Badal,71,3081,..,1,12
2010,3,Sants-Montjuïc,17,Sants - Badal,71,3081,..,1,13
2010,3,Sants-Montjuïc,17,Sants - Badal,71,3081,..,1,17
2010,3,Sants-Montjuïc,17,Sants - Badal,71,3081,..,2,0
2010,3,Sants-Montjuïc,17,Sants - Badal,71,3081,..,2,1
2010,3,Sants-Montjuïc,17,Sants - Badal,71,3081,..,2,2
2010,3,Sants-Montjuïc,17,Sants - Badal,71,3081,..,2,3
2010,3,Sants-Montjuïc,17,Sants - Badal,71,3081,..,2,4
2010,3,Sants-Montjuïc,17,Sants - Badal,71,3081,10,2,5
2010,3,Sants-Montjuïc,17,Sants - Badal,71,3081,..,2,6
2010,3,Sants-Montjuïc,17,Sants - Badal,71,3081,7,2,7
2010,3,Sants-Montjuïc,17,Sants - Badal,71,3081,..,2,8
2010,3,Sants-Montjuïc,17,Sants - Badal,71,3081,..,2,9
2010,3,Sants-Montjuïc,17,Sants - Badal,71,3081,..,2,10
2010,3,Sants-Montjuïc,17,Sants - Badal,71,3081,..,2,11
2010,3,Sants-Montjuïc,17,Sants - Badal,71,3081,..,2,12
2010,3,Sants-Montjuïc,17,Sants - Badal,71,3081,..,2,13
2010,3,Sants-Montjuïc,17,Sants - Badal,71,3082,..,1,0
2010,3,Sants-Montjuïc,17,Sants - Badal,71,3082,..,1,2
2010,3,Sants-Montjuïc,17,Sants - Badal,71,3082,..,1,3
2010,3,Sants-Montjuïc,17,Sants - Badal,71,3082,6,1,4
2010,3,Sants-Montjuïc,17,Sants - Badal,71,3082,9,1,5
2010,3,Sants-Montjuïc,17,Sants - Badal,71,3082,5,1,6
2010,3,Sants-Montjuïc,17,Sants - Badal,71,3082,..,1,7
2010,3,Sants-Montjuïc,17,Sants - Badal,71,3082,6,1,8
2010,3,Sants-Montjuïc,17,Sants - Badal,71,3082,..,1,9
2010,3,Sants-Montjuïc,17,Sants - Badal,71,3082,..,1,11
2010,3,Sants-Montjuïc,17,Sants - Badal,71,3082,..,1,12
2010,3,Sants-Montjuïc,17,Sants - Badal,71,3082,..,1,17
2010,3,Sants-Montjuïc,17,Sants - Badal,71,3082,5,2,0
2010,3,Sants-Montjuïc,17,Sants - Badal,71,3082,..,2,3
2010,3,Sants-Montjuïc,17,Sants - Badal,71,3082,..,2,4
2010,3,Sants-Montjuïc,17,Sants - Badal,71,3082,7,2,5
2010,3,Sants-Montjuïc,17,Sants - Badal,71,3082,12,2,6
2010,3,Sants-Montjuïc,17,Sants - Badal,71,3082,5,2,7
2010,3,Sants-Montjuïc,17,Sants - Badal,71,3082,..,2,8
2010,3,Sants-Montjuïc,17,Sants - Badal,71,3082,..,2,9
2010,3,Sants-Montjuïc,17,Sants - Badal,71,3082,..,2,10
2010,3,Sants-Montjuïc,17,Sants - Badal,71,3082,..,2,14
2010,3,Sants-Montjuïc,17,Sants - Badal,71,3083,..,1,1
2010,3,Sants-Montjuïc,17,Sants - Badal,71,3083,..,1,2
2010,3,Sants-Montjuïc,17,Sants - Badal,71,3083,..,1,3
2010,3,Sants-Montjuïc,17,Sants - Badal,71,3083,..,1,4
2010,3,Sants-Montjuïc,17,Sants - Badal,71,3083,8,1,5
2010,3,Sants-Montjuïc,17,Sants - Badal,71,3083,..,1,6
2010,3,Sants-Montjuïc,17,Sants - Badal,71,3083,6,1,7
2010,3,Sants-Montjuïc,17,Sants - Badal,71,3083,..,1,8
2010,3,Sants-Montjuïc,17,Sants - Badal,71,3083,..,1,9
2010,3,Sants-Montjuïc,17,Sants - Badal,71,3083,..,1,10
2010,3,Sants-Montjuïc,17,Sants - Badal,71,3083,..,1,11
2010,3,Sants-Montjuïc,17,Sants - Badal,71,3083,..,1,15
2010,3,Sants-Montjuïc,17,Sants - Badal,71,3083,..,2,0
2010,3,Sants-Montjuïc,17,Sants - Badal,71,3083,..,2,2
2010,3,Sants-Montjuïc,17,Sants - Badal,71,3083,..,2,3
2010,3,Sants-Montjuïc,17,Sants - Badal,71,3083,..,2,4
2010,3,Sants-Montjuïc,17,Sants - Badal,71,3083,8,2,5
2010,3,Sants-Montjuïc,17,Sants - Badal,71,3083,12,2,6
2010,3,Sants-Montjuïc,17,Sants - Badal,71,3083,6,2,7
2010,3,Sants-Montjuïc,17,Sants - Badal,71,3083,..,2,8
2010,3,Sants-Montjuïc,17,Sants - Badal,71,3083,..,2,10
2010,3,Sants-Montjuïc,17,Sants - Badal,71,3084,..,1,0
2010,3,Sants-Montjuïc,17,Sants - Badal,71,3084,..,1,1
2010,3,Sants-Montjuïc,17,Sants - Badal,71,3084,..,1,3
2010,3,Sants-Montjuïc,17,Sants - Badal,71,3084,7,1,4
2010,3,Sants-Montjuïc,17,Sants - Badal,71,3084,8,1,5
2010,3,Sants-Montjuïc,17,Sants - Badal,71,3084,9,1,6
2010,3,Sants-Montjuïc,17,Sants - Badal,71,3084,..,1,7
2010,3,Sants-Montjuïc,17,Sants - Badal,71,3084,..,1,8
2010,3,Sants-Montjuïc,17,Sants - Badal,71,3084,..,1,9
2010,3,Sants-Montjuïc,17,Sants - Badal,71,3084,..,1,10
2010,3,Sants-Montjuïc,17,Sants - Badal,71,3084,..,1,12
2010,3,Sants-Montjuïc,17,Sants - Badal,71,3084,5,2,0
2010,3,Sants-Montjuïc,17,Sants - Badal,71,3084,..,2,1
2010,3,Sants-Montjuïc,17,Sants - Badal,71,3084,..,2,2
2010,3,Sants-Montjuïc,17,Sants - Badal,71,3084,..,2,3
2010,3,Sants-Montjuïc,17,Sants - Badal,71,3084,8,2,4
2010,3,Sants-Montjuïc,17,Sants - Badal,71,3084,8,2,5
2010,3,Sants-Montjuïc,17,Sants - Badal,71,3084,6,2,6
2010,3,Sants-Montjuïc,17,Sants - Badal,71,3084,5,2,7
2010,3,Sants-Montjuïc,17,Sants - Badal,71,3084,..,2,8
2010,3,Sants-Montjuïc,17,Sants - Badal,71,3084,..,2,9
2010,3,Sants-Montjuïc,17,Sants - Badal,71,3084,..,2,10
2010,3,Sants-Montjuïc,17,Sants - Badal,71,3084,..,2,11
2010,3,Sants-Montjuïc,17,Sants - Badal,71,3084,..,2,15
2010,3,Sants-Montjuïc,17,Sants - Badal,71,3085,..,1,0
2010,3,Sants-Montjuïc,17,Sants - Badal,71,3085,..,1,1
2010,3,Sants-Montjuïc,17,Sants - Badal,71,3085,..,1,3
2010,3,Sants-Montjuïc,17,Sants - Badal,71,3085,5,1,4
2010,3,Sants-Montjuïc,17,Sants - Badal,71,3085,6,1,5
2010,3,Sants-Montjuïc,17,Sants - Badal,71,3085,8,1,6
2010,3,Sants-Montjuïc,17,Sants - Badal,71,3085,..,1,7
2010,3,Sants-Montjuïc,17,Sants - Badal,71,3085,..,1,8
2010,3,Sants-Montjuïc,17,Sants - Badal,71,3085,..,1,9
2010,3,Sants-Montjuïc,17,Sants - Badal,71,3085,..,1,10
2010,3,Sants-Montjuïc,17,Sants - Badal,71,3085,..,1,13
2010,3,Sants-Montjuïc,17,Sants - Badal,71,3085,..,2,0
2010,3,Sants-Montjuïc,17,Sants - Badal,71,3085,7,2,4
2010,3,Sants-Montjuïc,17,Sants - Badal,71,3085,..,2,5
2010,3,Sants-Montjuïc,17,Sants - Badal,71,3085,11,2,6
2010,3,Sants-Montjuïc,17,Sants - Badal,71,3085,5,2,7
2010,3,Sants-Montjuïc,17,Sants - Badal,71,3085,6,2,8
2010,3,Sants-Montjuïc,17,Sants - Badal,71,3085,..,2,9
2010,3,Sants-Montjuïc,17,Sants - Badal,71,3085,..,2,10
2010,3,Sants-Montjuïc,17,Sants - Badal,71,3085,..,2,11
2010,3,Sants-Montjuïc,17,Sants - Badal,71,3085,..,2,13
2010,3,Sants-Montjuïc,18,Sants,72,3086,..,1,0
2010,3,Sants-Montjuïc,18,Sants,72,3086,..,1,1
2010,3,Sants-Montjuïc,18,Sants,72,3086,..,1,2
2010,3,Sants-Montjuïc,18,Sants,72,3086,..,1,3
2010,3,Sants-Montjuïc,18,Sants,72,3086,..,1,4
2010,3,Sants-Montjuïc,18,Sants,72,3086,6,1,5
2010,3,Sants-Montjuïc,18,Sants,72,3086,5,1,6
2010,3,Sants-Montjuïc,18,Sants,72,3086,..,1,7
2010,3,Sants-Montjuïc,18,Sants,72,3086,..,1,8
2010,3,Sants-Montjuïc,18,Sants,72,3086,..,1,9
2010,3,Sants-Montjuïc,18,Sants,72,3086,..,1,12
2010,3,Sants-Montjuïc,18,Sants,72,3086,..,1,17
2010,3,Sants-Montjuïc,18,Sants,72,3086,..,2,0
2010,3,Sants-Montjuïc,18,Sants,72,3086,..,2,4
2010,3,Sants-Montjuïc,18,Sants,72,3086,..,2,5
2010,3,Sants-Montjuïc,18,Sants,72,3086,..,2,6
2010,3,Sants-Montjuïc,18,Sants,72,3086,..,2,7
2010,3,Sants-Montjuïc,18,Sants,72,3086,..,2,8
2010,3,Sants-Montjuïc,18,Sants,72,3086,..,2,9
2010,3,Sants-Montjuïc,18,Sants,72,3086,..,2,12
2010,3,Sants-Montjuïc,18,Sants,72,3086,..,2,13
2010,3,Sants-Montjuïc,18,Sants,72,3086,..,2,15
2010,3,Sants-Montjuïc,18,Sants,72,3086,..,2,17
2010,3,Sants-Montjuïc,18,Sants,72,3087,..,1,0
2010,3,Sants-Montjuïc,18,Sants,72,3087,..,1,3
2010,3,Sants-Montjuïc,18,Sants,72,3087,..,1,4
2010,3,Sants-Montjuïc,18,Sants,72,3087,18,1,5
2010,3,Sants-Montjuïc,18,Sants,72,3087,5,1,6
2010,3,Sants-Montjuïc,18,Sants,72,3087,..,1,7
2010,3,Sants-Montjuïc,18,Sants,72,3087,..,1,8
2010,3,Sants-Montjuïc,18,Sants,72,3087,..,1,9
2010,3,Sants-Montjuïc,18,Sants,72,3087,..,1,10
2010,3,Sants-Montjuïc,18,Sants,72,3087,..,1,11
2010,3,Sants-Montjuïc,18,Sants,72,3087,..,1,13
2010,3,Sants-Montjuïc,18,Sants,72,3087,..,1,14
2010,3,Sants-Montjuïc,18,Sants,72,3087,..,1,15
2010,3,Sants-Montjuïc,18,Sants,72,3087,..,1,16
2010,3,Sants-Montjuïc,18,Sants,72,3087,..,1,19
2010,3,Sants-Montjuïc,18,Sants,72,3087,..,2,2
2010,3,Sants-Montjuïc,18,Sants,72,3087,6,2,4
2010,3,Sants-Montjuïc,18,Sants,72,3087,6,2,5
2010,3,Sants-Montjuïc,18,Sants,72,3087,8,2,6
2010,3,Sants-Montjuïc,18,Sants,72,3087,7,2,7
2010,3,Sants-Montjuïc,18,Sants,72,3087,7,2,8
2010,3,Sants-Montjuïc,18,Sants,72,3087,..,2,9
2010,3,Sants-Montjuïc,18,Sants,72,3087,..,2,10
2010,3,Sants-Montjuïc,18,Sants,72,3087,..,2,12
2010,3,Sants-Montjuïc,18,Sants,72,3087,..,2,14
2010,3,Sants-Montjuïc,18,Sants,72,3087,..,2,15
2010,3,Sants-Montjuïc,18,Sants,72,3088,..,1,1
2010,3,Sants-Montjuïc,18,Sants,72,3088,..,1,2
2010,3,Sants-Montjuïc,18,Sants,72,3088,..,1,3
2010,3,Sants-Montjuïc,18,Sants,72,3088,5,1,4
2010,3,Sants-Montjuïc,18,Sants,72,3088,10,1,5
2010,3,Sants-Montjuïc,18,Sants,72,3088,7,1,6
2010,3,Sants-Montjuïc,18,Sants,72,3088,..,1,7
2010,3,Sants-Montjuïc,18,Sants,72,3088,..,1,8
2010,3,Sants-Montjuïc,18,Sants,72,3088,..,1,9
2010,3,Sants-Montjuïc,18,Sants,72,3088,..,1,10
2010,3,Sants-Montjuïc,18,Sants,72,3088,..,1,11
2010,3,Sants-Montjuïc,18,Sants,72,3088,..,1,12
2010,3,Sants-Montjuïc,18,Sants,72,3088,..,1,13
2010,3,Sants-Montjuïc,18,Sants,72,3088,..,1,17
2010,3,Sants-Montjuïc,18,Sants,72,3088,..,2,0
2010,3,Sants-Montjuïc,18,Sants,72,3088,..,2,1
2010,3,Sants-Montjuïc,18,Sants,72,3088,..,2,2
2010,3,Sants-Montjuïc,18,Sants,72,3088,5,2,4
2010,3,Sants-Montjuïc,18,Sants,72,3088,8,2,5
2010,3,Sants-Montjuïc,18,Sants,72,3088,10,2,6
2010,3,Sants-Montjuïc,18,Sants,72,3088,5,2,7
2010,3,Sants-Montjuïc,18,Sants,72,3088,..,2,8
2010,3,Sants-Montjuïc,18,Sants,72,3088,..,2,9
2010,3,Sants-Montjuïc,18,Sants,72,3088,..,2,10
2010,3,Sants-Montjuïc,18,Sants,72,3088,..,2,11
2010,3,Sants-Montjuïc,18,Sants,72,3088,..,2,12
2010,3,Sants-Montjuïc,18,Sants,72,3089,..,1,0
2010,3,Sants-Montjuïc,18,Sants,72,3089,..,1,1
2010,3,Sants-Montjuïc,18,Sants,72,3089,..,1,2
2010,3,Sants-Montjuïc,18,Sants,72,3089,..,1,3
2010,3,Sants-Montjuïc,18,Sants,72,3089,..,1,4
2010,3,Sants-Montjuïc,18,Sants,72,3089,7,1,5
2010,3,Sants-Montjuïc,18,Sants,72,3089,6,1,6
2010,3,Sants-Montjuïc,18,Sants,72,3089,..,1,7
2010,3,Sants-Montjuïc,18,Sants,72,3089,..,1,8
2010,3,Sants-Montjuïc,18,Sants,72,3089,..,1,9
2010,3,Sants-Montjuïc,18,Sants,72,3089,..,1,10
2010,3,Sants-Montjuïc,18,Sants,72,3089,..,1,12
2010,3,Sants-Montjuïc,18,Sants,72,3089,..,1,15
2010,3,Sants-Montjuïc,18,Sants,72,3089,..,2,1
2010,3,Sants-Montjuïc,18,Sants,72,3089,..,2,2
2010,3,Sants-Montjuïc,18,Sants,72,3089,..,2,4
2010,3,Sants-Montjuïc,18,Sants,72,3089,11,2,5
2010,3,Sants-Montjuïc,18,Sants,72,3089,5,2,6
2010,3,Sants-Montjuïc,18,Sants,72,3089,..,2,7
2010,3,Sants-Montjuïc,18,Sants,72,3089,..,2,8
2010,3,Sants-Montjuïc,18,Sants,72,3089,..,2,11
2010,3,Sants-Montjuïc,18,Sants,72,3090,..,1,2
2010,3,Sants-Montjuïc,18,Sants,72,3090,..,1,4
2010,3,Sants-Montjuïc,18,Sants,72,3090,6,1,5
2010,3,Sants-Montjuïc,18,Sants,72,3090,6,1,6
2010,3,Sants-Montjuïc,18,Sants,72,3090,..,1,7
2010,3,Sants-Montjuïc,18,Sants,72,3090,..,1,8
2010,3,Sants-Montjuïc,18,Sants,72,3090,..,1,18
2010,3,Sants-Montjuïc,18,Sants,72,3090,..,2,0
2010,3,Sants-Montjuïc,18,Sants,72,3090,..,2,1
2010,3,Sants-Montjuïc,18,Sants,72,3090,..,2,3
2010,3,Sants-Montjuïc,18,Sants,72,3090,..,2,4
2010,3,Sants-Montjuïc,18,Sants,72,3090,7,2,5
2010,3,Sants-Montjuïc,18,Sants,72,3090,..,2,6
2010,3,Sants-Montjuïc,18,Sants,72,3090,..,2,7
2010,3,Sants-Montjuïc,18,Sants,72,3090,..,2,8
2010,3,Sants-Montjuïc,18,Sants,72,3090,..,2,11
2010,3,Sants-Montjuïc,18,Sants,72,3090,..,2,14
2010,3,Sants-Montjuïc,18,Sants,72,3091,..,1,0
2010,3,Sants-Montjuïc,18,Sants,72,3091,..,1,1
2010,3,Sants-Montjuïc,18,Sants,72,3091,..,1,2
2010,3,Sants-Montjuïc,18,Sants,72,3091,5,1,4
2010,3,Sants-Montjuïc,18,Sants,72,3091,..,1,5
2010,3,Sants-Montjuïc,18,Sants,72,3091,6,1,6
2010,3,Sants-Montjuïc,18,Sants,72,3091,..,1,7
2010,3,Sants-Montjuïc,18,Sants,72,3091,..,1,8
2010,3,Sants-Montjuïc,18,Sants,72,3091,..,1,9
2010,3,Sants-Montjuïc,18,Sants,72,3091,..,1,10
2010,3,Sants-Montjuïc,18,Sants,72,3091,..,1,12
2010,3,Sants-Montjuïc,18,Sants,72,3091,..,1,15
2010,3,Sants-Montjuïc,18,Sants,72,3091,..,2,0
2010,3,Sants-Montjuïc,18,Sants,72,3091,..,2,1
2010,3,Sants-Montjuïc,18,Sants,72,3091,..,2,3
2010,3,Sants-Montjuïc,18,Sants,72,3091,..,2,4
2010,3,Sants-Montjuïc,18,Sants,72,3091,11,2,5
2010,3,Sants-Montjuïc,18,Sants,72,3091,6,2,6
2010,3,Sants-Montjuïc,18,Sants,72,3091,..,2,7
2010,3,Sants-Montjuïc,18,Sants,72,3091,..,2,8
2010,3,Sants-Montjuïc,18,Sants,72,3091,..,2,9
2010,3,Sants-Montjuïc,18,Sants,72,3091,..,2,10
2010,3,Sants-Montjuïc,18,Sants,72,3091,..,2,12
2010,3,Sants-Montjuïc,18,Sants,72,3092,..,1,0
2010,3,Sants-Montjuïc,18,Sants,72,3092,..,1,1
2010,3,Sants-Montjuïc,18,Sants,72,3092,..,1,2
2010,3,Sants-Montjuïc,18,Sants,72,3092,..,1,3
2010,3,Sants-Montjuïc,18,Sants,72,3092,8,1,4
2010,3,Sants-Montjuïc,18,Sants,72,3092,13,1,5
2010,3,Sants-Montjuïc,18,Sants,72,3092,..,1,6
2010,3,Sants-Montjuïc,18,Sants,72,3092,..,1,7
2010,3,Sants-Montjuïc,18,Sants,72,3092,..,1,8
2010,3,Sants-Montjuïc,18,Sants,72,3092,..,1,9
2010,3,Sants-Montjuïc,18,Sants,72,3092,..,1,10
2010,3,Sants-Montjuïc,18,Sants,72,3092,..,1,12
2010,3,Sants-Montjuïc,18,Sants,72,3092,..,1,14
2010,3,Sants-Montjuïc,18,Sants,72,3092,..,2,0
2010,3,Sants-Montjuïc,18,Sants,72,3092,..,2,3
2010,3,Sants-Montjuïc,18,Sants,72,3092,8,2,4
2010,3,Sants-Montjuïc,18,Sants,72,3092,11,2,5
2010,3,Sants-Montjuïc,18,Sants,72,3092,10,2,6
2010,3,Sants-Montjuïc,18,Sants,72,3092,..,2,7
2010,3,Sants-Montjuïc,18,Sants,72,3092,..,2,8
2010,3,Sants-Montjuïc,18,Sants,72,3092,..,2,9
2010,3,Sants-Montjuïc,18,Sants,72,3092,..,2,10
2010,3,Sants-Montjuïc,18,Sants,72,3092,..,2,11
2010,3,Sants-Montjuïc,18,Sants,72,3092,..,2,12
2010,3,Sants-Montjuïc,18,Sants,72,3092,..,2,13
2010,3,Sants-Montjuïc,18,Sants,72,3093,..,1,0
2010,3,Sants-Montjuïc,18,Sants,72,3093,..,1,1
2010,3,Sants-Montjuïc,18,Sants,72,3093,..,1,2
2010,3,Sants-Montjuïc,18,Sants,72,3093,..,1,3
2010,3,Sants-Montjuïc,18,Sants,72,3093,7,1,4
2010,3,Sants-Montjuïc,18,Sants,72,3093,6,1,5
2010,3,Sants-Montjuïc,18,Sants,72,3093,6,1,6
2010,3,Sants-Montjuïc,18,Sants,72,3093,..,1,7
2010,3,Sants-Montjuïc,18,Sants,72,3093,..,1,8
2010,3,Sants-Montjuïc,18,Sants,72,3093,..,1,9
2010,3,Sants-Montjuïc,18,Sants,72,3093,..,1,11
2010,3,Sants-Montjuïc,18,Sants,72,3093,..,1,13
2010,3,Sants-Montjuïc,18,Sants,72,3093,..,1,15
2010,3,Sants-Montjuïc,18,Sants,72,3093,8,2,0
2010,3,Sants-Montjuïc,18,Sants,72,3093,..,2,1
2010,3,Sants-Montjuïc,18,Sants,72,3093,5,2,3
2010,3,Sants-Montjuïc,18,Sants,72,3093,..,2,4
2010,3,Sants-Montjuïc,18,Sants,72,3093,11,2,5
2010,3,Sants-Montjuïc,18,Sants,72,3093,8,2,6
2010,3,Sants-Montjuïc,18,Sants,72,3093,..,2,7
2010,3,Sants-Montjuïc,18,Sants,72,3093,..,2,8
2010,3,Sants-Montjuïc,18,Sants,72,3093,..,2,9
2010,3,Sants-Montjuïc,18,Sants,72,3093,..,2,12
2010,3,Sants-Montjuïc,18,Sants,72,3094,..,1,4
2010,3,Sants-Montjuïc,18,Sants,72,3094,5,1,5
2010,3,Sants-Montjuïc,18,Sants,72,3094,..,1,6
2010,3,Sants-Montjuïc,18,Sants,72,3094,..,1,7
2010,3,Sants-Montjuïc,18,Sants,72,3094,..,1,8
2010,3,Sants-Montjuïc,18,Sants,72,3094,..,1,9
2010,3,Sants-Montjuïc,18,Sants,72,3094,..,1,10
2010,3,Sants-Montjuïc,18,Sants,72,3094,..,1,14
2010,3,Sants-Montjuïc,18,Sants,72,3094,..,1,15
2010,3,Sants-Montjuïc,18,Sants,72,3094,..,2,1
2010,3,Sants-Montjuïc,18,Sants,72,3094,..,2,3
2010,3,Sants-Montjuïc,18,Sants,72,3094,..,2,4
2010,3,Sants-Montjuïc,18,Sants,72,3094,7,2,5
2010,3,Sants-Montjuïc,18,Sants,72,3094,..,2,6
2010,3,Sants-Montjuïc,18,Sants,72,3094,7,2,7
2010,3,Sants-Montjuïc,18,Sants,72,3094,..,2,8
2010,3,Sants-Montjuïc,18,Sants,72,3094,..,2,9
2010,3,Sants-Montjuïc,18,Sants,72,3094,..,2,10
2010,3,Sants-Montjuïc,18,Sants,72,3094,..,2,11
2010,3,Sants-Montjuïc,18,Sants,72,3094,..,2,13
2010,3,Sants-Montjuïc,18,Sants,72,3094,..,2,14
2010,3,Sants-Montjuïc,18,Sants,72,3094,..,2,16
2010,3,Sants-Montjuïc,18,Sants,73,3095,..,1,0
2010,3,Sants-Montjuïc,18,Sants,73,3095,..,1,3
2010,3,Sants-Montjuïc,18,Sants,73,3095,8,1,4
2010,3,Sants-Montjuïc,18,Sants,73,3095,18,1,5
2010,3,Sants-Montjuïc,18,Sants,73,3095,9,1,6
2010,3,Sants-Montjuïc,18,Sants,73,3095,6,1,7
2010,3,Sants-Montjuïc,18,Sants,73,3095,..,1,8
2010,3,Sants-Montjuïc,18,Sants,73,3095,..,1,9
2010,3,Sants-Montjuïc,18,Sants,73,3095,..,1,10
2010,3,Sants-Montjuïc,18,Sants,73,3095,..,1,11
2010,3,Sants-Montjuïc,18,Sants,73,3095,..,1,12
2010,3,Sants-Montjuïc,18,Sants,73,3095,..,1,15
2010,3,Sants-Montjuïc,18,Sants,73,3095,..,1,16
2010,3,Sants-Montjuïc,18,Sants,73,3095,..,2,0
2010,3,Sants-Montjuïc,18,Sants,73,3095,..,2,2
2010,3,Sants-Montjuïc,18,Sants,73,3095,..,2,3
2010,3,Sants-Montjuïc,18,Sants,73,3095,6,2,4
2010,3,Sants-Montjuïc,18,Sants,73,3095,18,2,5
2010,3,Sants-Montjuïc,18,Sants,73,3095,8,2,6
2010,3,Sants-Montjuïc,18,Sants,73,3095,7,2,7
2010,3,Sants-Montjuïc,18,Sants,73,3095,7,2,8
2010,3,Sants-Montjuïc,18,Sants,73,3095,..,2,9
2010,3,Sants-Montjuïc,18,Sants,73,3095,..,2,11
2010,3,Sants-Montjuïc,18,Sants,73,3095,..,2,12
2010,3,Sants-Montjuïc,18,Sants,73,3095,..,2,16
2010,3,Sants-Montjuïc,18,Sants,73,3096,5,1,0
2010,3,Sants-Montjuïc,18,Sants,73,3096,..,1,1
2010,3,Sants-Montjuïc,18,Sants,73,3096,..,1,2
2010,3,Sants-Montjuïc,18,Sants,73,3096,..,1,3
2010,3,Sants-Montjuïc,18,Sants,73,3096,12,1,4
2010,3,Sants-Montjuïc,18,Sants,73,3096,21,1,5
2010,3,Sants-Montjuïc,18,Sants,73,3096,6,1,6
2010,3,Sants-Montjuïc,18,Sants,73,3096,..,1,7
2010,3,Sants-Montjuïc,18,Sants,73,3096,..,1,8
2010,3,Sants-Montjuïc,18,Sants,73,3096,..,1,9
2010,3,Sants-Montjuïc,18,Sants,73,3096,..,1,10
2010,3,Sants-Montjuïc,18,Sants,73,3096,..,1,11
2010,3,Sants-Montjuïc,18,Sants,73,3096,..,1,12
2010,3,Sants-Montjuïc,18,Sants,73,3096,..,1,13
2010,3,Sants-Montjuïc,18,Sants,73,3096,..,2,0
2010,3,Sants-Montjuïc,18,Sants,73,3096,..,2,1
2010,3,Sants-Montjuïc,18,Sants,73,3096,5,2,3
2010,3,Sants-Montjuïc,18,Sants,73,3096,7,2,4
2010,3,Sants-Montjuïc,18,Sants,73,3096,16,2,5
2010,3,Sants-Montjuïc,18,Sants,73,3096,7,2,6
2010,3,Sants-Montjuïc,18,Sants,73,3096,9,2,7
2010,3,Sants-Montjuïc,18,Sants,73,3096,8,2,8
2010,3,Sants-Montjuïc,18,Sants,73,3096,..,2,9
2010,3,Sants-Montjuïc,18,Sants,73,3096,..,2,10
2010,3,Sants-Montjuïc,18,Sants,73,3096,..,2,11
2010,3,Sants-Montjuïc,18,Sants,73,3096,..,2,13
2010,3,Sants-Montjuïc,18,Sants,73,3096,..,2,14
2010,3,Sants-Montjuïc,18,Sants,73,3097,..,1,0
2010,3,Sants-Montjuïc,18,Sants,73,3097,..,1,1
2010,3,Sants-Montjuïc,18,Sants,73,3097,6,1,3
2010,3,Sants-Montjuïc,18,Sants,73,3097,8,1,4
2010,3,Sants-Montjuïc,18,Sants,73,3097,16,1,5
2010,3,Sants-Montjuïc,18,Sants,73,3097,19,1,6
2010,3,Sants-Montjuïc,18,Sants,73,3097,..,1,7
2010,3,Sants-Montjuïc,18,Sants,73,3097,..,1,8
2010,3,Sants-Montjuïc,18,Sants,73,3097,..,1,9
2010,3,Sants-Montjuïc,18,Sants,73,3097,..,1,10
2010,3,Sants-Montjuïc,18,Sants,73,3097,..,1,11
2010,3,Sants-Montjuïc,18,Sants,73,3097,..,1,12
2010,3,Sants-Montjuïc,18,Sants,73,3097,..,2,0
2010,3,Sants-Montjuïc,18,Sants,73,3097,..,2,1
2010,3,Sants-Montjuïc,18,Sants,73,3097,..,2,2
2010,3,Sants-Montjuïc,18,Sants,73,3097,..,2,3
2010,3,Sants-Montjuïc,18,Sants,73,3097,15,2,4
2010,3,Sants-Montjuïc,18,Sants,73,3097,20,2,5
2010,3,Sants-Montjuïc,18,Sants,73,3097,15,2,6
2010,3,Sants-Montjuïc,18,Sants,73,3097,7,2,7
2010,3,Sants-Montjuïc,18,Sants,73,3097,5,2,8
2010,3,Sants-Montjuïc,18,Sants,73,3097,6,2,9
2010,3,Sants-Montjuïc,18,Sants,73,3097,..,2,10
2010,3,Sants-Montjuïc,18,Sants,73,3097,5,2,11
2010,3,Sants-Montjuïc,18,Sants,73,3098,..,1,1
2010,3,Sants-Montjuïc,18,Sants,73,3098,..,1,3
2010,3,Sants-Montjuïc,18,Sants,73,3098,..,1,4
2010,3,Sants-Montjuïc,18,Sants,73,3098,10,1,5
2010,3,Sants-Montjuïc,18,Sants,73,3098,7,1,6
2010,3,Sants-Montjuïc,18,Sants,73,3098,5,1,7
2010,3,Sants-Montjuïc,18,Sants,73,3098,..,1,8
2010,3,Sants-Montjuïc,18,Sants,73,3098,..,1,9
2010,3,Sants-Montjuïc,18,Sants,73,3098,..,1,11
2010,3,Sants-Montjuïc,18,Sants,73,3098,..,2,0
2010,3,Sants-Montjuïc,18,Sants,73,3098,7,2,4
2010,3,Sants-Montjuïc,18,Sants,73,3098,14,2,5
2010,3,Sants-Montjuïc,18,Sants,73,3098,14,2,6
2010,3,Sants-Montjuïc,18,Sants,73,3098,15,2,7
2010,3,Sants-Montjuïc,18,Sants,73,3098,..,2,8
2010,3,Sants-Montjuïc,18,Sants,73,3098,..,2,9
2010,3,Sants-Montjuïc,18,Sants,73,3098,..,2,11
2010,3,Sants-Montjuïc,18,Sants,73,3098,..,2,14
2010,3,Sants-Montjuïc,18,Sants,73,3099,..,1,0
2010,3,Sants-Montjuïc,18,Sants,73,3099,..,1,1
2010,3,Sants-Montjuïc,18,Sants,73,3099,..,1,4
2010,3,Sants-Montjuïc,18,Sants,73,3099,7,1,5
2010,3,Sants-Montjuïc,18,Sants,73,3099,..,1,6
2010,3,Sants-Montjuïc,18,Sants,73,3099,..,1,7
2010,3,Sants-Montjuïc,18,Sants,73,3099,..,1,8
2010,3,Sants-Montjuïc,18,Sants,73,3099,..,1,9
2010,3,Sants-Montjuïc,18,Sants,73,3099,..,1,12
2010,3,Sants-Montjuïc,18,Sants,73,3099,..,1,13
2010,3,Sants-Montjuïc,18,Sants,73,3099,..,1,14
2010,3,Sants-Montjuïc,18,Sants,73,3099,..,2,0
2010,3,Sants-Montjuïc,18,Sants,73,3099,..,2,1
2010,3,Sants-Montjuïc,18,Sants,73,3099,..,2,2
2010,3,Sants-Montjuïc,18,Sants,73,3099,..,2,3
2010,3,Sants-Montjuïc,18,Sants,73,3099,6,2,4
2010,3,Sants-Montjuïc,18,Sants,73,3099,7,2,5
2010,3,Sants-Montjuïc,18,Sants,73,3099,..,2,6
2010,3,Sants-Montjuïc,18,Sants,73,3099,6,2,7
2010,3,Sants-Montjuïc,18,Sants,73,3099,..,2,8
2010,3,Sants-Montjuïc,18,Sants,73,3099,..,2,9
2010,3,Sants-Montjuïc,18,Sants,73,3099,..,2,11
2010,3,Sants-Montjuïc,18,Sants,73,3100,..,1,0
2010,3,Sants-Montjuïc,18,Sants,73,3100,..,1,2
2010,3,Sants-Montjuïc,18,Sants,73,3100,..,1,3
2010,3,Sants-Montjuïc,18,Sants,73,3100,14,1,4
2010,3,Sants-Montjuïc,18,Sants,73,3100,6,1,5
2010,3,Sants-Montjuïc,18,Sants,73,3100,10,1,6
2010,3,Sants-Montjuïc,18,Sants,73,3100,7,1,7
2010,3,Sants-Montjuïc,18,Sants,73,3100,..,1,9
2010,3,Sants-Montjuïc,18,Sants,73,3100,5,1,10
2010,3,Sants-Montjuïc,18,Sants,73,3100,..,1,11
2010,3,Sants-Montjuïc,18,Sants,73,3100,5,2,0
2010,3,Sants-Montjuïc,18,Sants,73,3100,..,2,1
2010,3,Sants-Montjuïc,18,Sants,73,3100,..,2,3
2010,3,Sants-Montjuïc,18,Sants,73,3100,5,2,4
2010,3,Sants-Montjuïc,18,Sants,73,3100,8,2,5
2010,3,Sants-Montjuïc,18,Sants,73,3100,9,2,6
2010,3,Sants-Montjuïc,18,Sants,73,3100,7,2,7
2010,3,Sants-Montjuïc,18,Sants,73,3100,..,2,8
2010,3,Sants-Montjuïc,18,Sants,73,3100,..,2,9
2010,3,Sants-Montjuïc,18,Sants,73,3100,..,2,10
2010,3,Sants-Montjuïc,18,Sants,73,3100,..,2,12
2010,3,Sants-Montjuïc,18,Sants,74,3101,..,1,0
2010,3,Sants-Montjuïc,18,Sants,74,3101,..,1,1
2010,3,Sants-Montjuïc,18,Sants,74,3101,..,1,2
2010,3,Sants-Montjuïc,18,Sants,74,3101,7,1,3
2010,3,Sants-Montjuïc,18,Sants,74,3101,35,1,4
2010,3,Sants-Montjuïc,18,Sants,74,3101,39,1,5
2010,3,Sants-Montjuïc,18,Sants,74,3101,22,1,6
2010,3,Sants-Montjuïc,18,Sants,74,3101,12,1,7
2010,3,Sants-Montjuïc,18,Sants,74,3101,14,1,8
2010,3,Sants-Montjuïc,18,Sants,74,3101,8,1,9
2010,3,Sants-Montjuïc,18,Sants,74,3101,11,1,10
2010,3,Sants-Montjuïc,18,Sants,74,3101,..,1,11
2010,3,Sants-Montjuïc,18,Sants,74,3101,..,1,12
2010,3,Sants-Montjuïc,18,Sants,74,3101,..,1,13
2010,3,Sants-Montjuïc,18,Sants,74,3101,..,1,14
2010,3,Sants-Montjuïc,18,Sants,74,3101,..,2,0
2010,3,Sants-Montjuïc,18,Sants,74,3101,..,2,1
2010,3,Sants-Montjuïc,18,Sants,74,3101,..,2,2
2010,3,Sants-Montjuïc,18,Sants,74,3101,11,2,3
2010,3,Sants-Montjuïc,18,Sants,74,3101,86,2,4
2010,3,Sants-Montjuïc,18,Sants,74,3101,133,2,5
2010,3,Sants-Montjuïc,18,Sants,74,3101,104,2,6
2010,3,Sants-Montjuïc,18,Sants,74,3101,58,2,7
2010,3,Sants-Montjuïc,18,Sants,74,3101,34,2,8
2010,3,Sants-Montjuïc,18,Sants,74,3101,15,2,9
2010,3,Sants-Montjuïc,18,Sants,74,3101,12,2,10
2010,3,Sants-Montjuïc,18,Sants,74,3101,..,2,11
2010,3,Sants-Montjuïc,18,Sants,74,3101,..,2,12
2010,3,Sants-Montjuïc,18,Sants,74,3101,..,2,14
2010,3,Sants-Montjuïc,18,Sants,74,3102,..,1,0
2010,3,Sants-Montjuïc,18,Sants,74,3102,..,1,1
2010,3,Sants-Montjuïc,18,Sants,74,3102,..,1,3
2010,3,Sants-Montjuïc,18,Sants,74,3102,11,1,4
2010,3,Sants-Montjuïc,18,Sants,74,3102,12,1,5
2010,3,Sants-Montjuïc,18,Sants,74,3102,7,1,6
2010,3,Sants-Montjuïc,18,Sants,74,3102,6,1,7
2010,3,Sants-Montjuïc,18,Sants,74,3102,..,1,8
2010,3,Sants-Montjuïc,18,Sants,74,3102,..,1,9
2010,3,Sants-Montjuïc,18,Sants,74,3102,..,1,10
2010,3,Sants-Montjuïc,18,Sants,74,3102,..,1,11
2010,3,Sants-Montjuïc,18,Sants,74,3102,..,1,14
2010,3,Sants-Montjuïc,18,Sants,74,3102,..,1,16
2010,3,Sants-Montjuïc,18,Sants,74,3102,..,1,17
2010,3,Sants-Montjuïc,18,Sants,74,3102,..,2,0
2010,3,Sants-Montjuïc,18,Sants,74,3102,..,2,2
2010,3,Sants-Montjuïc,18,Sants,74,3102,..,2,3
2010,3,Sants-Montjuïc,18,Sants,74,3102,5,2,4
2010,3,Sants-Montjuïc,18,Sants,74,3102,7,2,5
2010,3,Sants-Montjuïc,18,Sants,74,3102,12,2,6
2010,3,Sants-Montjuïc,18,Sants,74,3102,9,2,7
2010,3,Sants-Montjuïc,18,Sants,74,3102,6,2,8
2010,3,Sants-Montjuïc,18,Sants,74,3102,..,2,9
2010,3,Sants-Montjuïc,18,Sants,74,3102,..,2,10
2010,3,Sants-Montjuïc,18,Sants,74,3102,..,2,11
2010,3,Sants-Montjuïc,18,Sants,74,3102,..,2,15
2010,3,Sants-Montjuïc,18,Sants,74,3102,..,2,16
2010,3,Sants-Montjuïc,18,Sants,74,3103,..,1,0
2010,3,Sants-Montjuïc,18,Sants,74,3103,..,1,3
2010,3,Sants-Montjuïc,18,Sants,74,3103,..,1,4
2010,3,Sants-Montjuïc,18,Sants,74,3103,8,1,5
2010,3,Sants-Montjuïc,18,Sants,74,3103,..,1,6
2010,3,Sants-Montjuïc,18,Sants,74,3103,..,1,7
2010,3,Sants-Montjuïc,18,Sants,74,3103,..,1,8
2010,3,Sants-Montjuïc,18,Sants,74,3103,..,1,9
2010,3,Sants-Montjuïc,18,Sants,74,3103,..,1,15
2010,3,Sants-Montjuïc,18,Sants,74,3103,..,2,0
2010,3,Sants-Montjuïc,18,Sants,74,3103,..,2,4
2010,3,Sants-Montjuïc,18,Sants,74,3103,..,2,5
2010,3,Sants-Montjuïc,18,Sants,74,3103,..,2,6
2010,3,Sants-Montjuïc,18,Sants,74,3103,..,2,7
2010,3,Sants-Montjuïc,18,Sants,74,3103,..,2,8
2010,3,Sants-Montjuïc,18,Sants,74,3103,..,2,9
2010,3,Sants-Montjuïc,18,Sants,74,3103,..,2,13
2010,3,Sants-Montjuïc,18,Sants,74,3104,..,1,0
2010,3,Sants-Montjuïc,18,Sants,74,3104,..,1,1
2010,3,Sants-Montjuïc,18,Sants,74,3104,..,1,2
2010,3,Sants-Montjuïc,18,Sants,74,3104,6,1,3
2010,3,Sants-Montjuïc,18,Sants,74,3104,..,1,4
2010,3,Sants-Montjuïc,18,Sants,74,3104,11,1,5
2010,3,Sants-Montjuïc,18,Sants,74,3104,6,1,6
2010,3,Sants-Montjuïc,18,Sants,74,3104,5,1,7
2010,3,Sants-Montjuïc,18,Sants,74,3104,..,1,8
2010,3,Sants-Montjuïc,18,Sants,74,3104,..,1,9
2010,3,Sants-Montjuïc,18,Sants,74,3104,..,1,10
2010,3,Sants-Montjuïc,18,Sants,74,3104,..,1,11
2010,3,Sants-Montjuïc,18,Sants,74,3104,..,1,16
2010,3,Sants-Montjuïc,18,Sants,74,3104,..,2,0
2010,3,Sants-Montjuïc,18,Sants,74,3104,..,2,2
2010,3,Sants-Montjuïc,18,Sants,74,3104,..,2,3
2010,3,Sants-Montjuïc,18,Sants,74,3104,..,2,4
2010,3,Sants-Montjuïc,18,Sants,74,3104,18,2,5
2010,3,Sants-Montjuïc,18,Sants,74,3104,19,2,6
2010,3,Sants-Montjuïc,18,Sants,74,3104,6,2,7
2010,3,Sants-Montjuïc,18,Sants,74,3104,..,2,8
2010,3,Sants-Montjuïc,18,Sants,74,3104,..,2,9
2010,3,Sants-Montjuïc,18,Sants,74,3104,..,2,10
2010,3,Sants-Montjuïc,18,Sants,74,3104,..,2,12
2010,3,Sants-Montjuïc,18,Sants,74,3104,..,2,13
2010,3,Sants-Montjuïc,18,Sants,74,3104,..,2,15
2010,3,Sants-Montjuïc,18,Sants,75,3105,..,1,0
2010,3,Sants-Montjuïc,18,Sants,75,3105,..,1,2
2010,3,Sants-Montjuïc,18,Sants,75,3105,..,1,3
2010,3,Sants-Montjuïc,18,Sants,75,3105,5,1,4
2010,3,Sants-Montjuïc,18,Sants,75,3105,15,1,5
2010,3,Sants-Montjuïc,18,Sants,75,3105,5,1,6
2010,3,Sants-Montjuïc,18,Sants,75,3105,5,1,7
2010,3,Sants-Montjuïc,18,Sants,75,3105,..,1,8
2010,3,Sants-Montjuïc,18,Sants,75,3105,..,1,9
2010,3,Sants-Montjuïc,18,Sants,75,3105,..,1,10
2010,3,Sants-Montjuïc,18,Sants,75,3105,..,1,15
2010,3,Sants-Montjuïc,18,Sants,75,3105,..,2,0
2010,3,Sants-Montjuïc,18,Sants,75,3105,..,2,2
2010,3,Sants-Montjuïc,18,Sants,75,3105,..,2,3
2010,3,Sants-Montjuïc,18,Sants,75,3105,..,2,4
2010,3,Sants-Montjuïc,18,Sants,75,3105,9,2,5
2010,3,Sants-Montjuïc,18,Sants,75,3105,15,2,6
2010,3,Sants-Montjuïc,18,Sants,75,3105,5,2,7
2010,3,Sants-Montjuïc,18,Sants,75,3105,5,2,8
2010,3,Sants-Montjuïc,18,Sants,75,3105,..,2,9
2010,3,Sants-Montjuïc,18,Sants,75,3105,..,2,14
2010,3,Sants-Montjuïc,18,Sants,75,3106,..,1,1
2010,3,Sants-Montjuïc,18,Sants,75,3106,..,1,3
2010,3,Sants-Montjuïc,18,Sants,75,3106,..,1,4
2010,3,Sants-Montjuïc,18,Sants,75,3106,11,1,5
2010,3,Sants-Montjuïc,18,Sants,75,3106,10,1,6
2010,3,Sants-Montjuïc,18,Sants,75,3106,..,1,7
2010,3,Sants-Montjuïc,18,Sants,75,3106,..,1,8
2010,3,Sants-Montjuïc,18,Sants,75,3106,..,1,9
2010,3,Sants-Montjuïc,18,Sants,75,3106,..,1,10
2010,3,Sants-Montjuïc,18,Sants,75,3106,..,1,12
2010,3,Sants-Montjuïc,18,Sants,75,3106,..,1,13
2010,3,Sants-Montjuïc,18,Sants,75,3106,..,2,0
2010,3,Sants-Montjuïc,18,Sants,75,3106,..,2,2
2010,3,Sants-Montjuïc,18,Sants,75,3106,..,2,3
2010,3,Sants-Montjuïc,18,Sants,75,3106,6,2,4
2010,3,Sants-Montjuïc,18,Sants,75,3106,10,2,5
2010,3,Sants-Montjuïc,18,Sants,75,3106,8,2,6
2010,3,Sants-Montjuïc,18,Sants,75,3106,6,2,7
2010,3,Sants-Montjuïc,18,Sants,75,3106,..,2,8
2010,3,Sants-Montjuïc,18,Sants,75,3106,..,2,9
2010,3,Sants-Montjuïc,18,Sants,75,3106,..,2,10
2010,3,Sants-Montjuïc,18,Sants,75,3106,..,2,16
2010,3,Sants-Montjuïc,18,Sants,76,3107,..,1,0
2010,3,Sants-Montjuïc,18,Sants,76,3107,..,1,1
2010,3,Sants-Montjuïc,18,Sants,76,3107,..,1,3
2010,3,Sants-Montjuïc,18,Sants,76,3107,8,1,4
2010,3,Sants-Montjuïc,18,Sants,76,3107,12,1,5
2010,3,Sants-Montjuïc,18,Sants,76,3107,..,1,6
2010,3,Sants-Montjuïc,18,Sants,76,3107,6,1,7
2010,3,Sants-Montjuïc,18,Sants,76,3107,..,1,8
2010,3,Sants-Montjuïc,18,Sants,76,3107,..,1,9
2010,3,Sants-Montjuïc,18,Sants,76,3107,..,1,10
2010,3,Sants-Montjuïc,18,Sants,76,3107,..,1,11
2010,3,Sants-Montjuïc,18,Sants,76,3107,..,1,12
2010,3,Sants-Montjuïc,18,Sants,76,3107,..,1,14
2010,3,Sants-Montjuïc,18,Sants,76,3107,..,1,15
2010,3,Sants-Montjuïc,18,Sants,76,3107,..,1,16
2010,3,Sants-Montjuïc,18,Sants,76,3107,..,2,0
2010,3,Sants-Montjuïc,18,Sants,76,3107,..,2,1
2010,3,Sants-Montjuïc,18,Sants,76,3107,..,2,2
2010,3,Sants-Montjuïc,18,Sants,76,3107,..,2,3
2010,3,Sants-Montjuïc,18,Sants,76,3107,9,2,4
2010,3,Sants-Montjuïc,18,Sants,76,3107,7,2,5
2010,3,Sants-Montjuïc,18,Sants,76,3107,..,2,6
2010,3,Sants-Montjuïc,18,Sants,76,3107,8,2,7
2010,3,Sants-Montjuïc,18,Sants,76,3107,6,2,8
2010,3,Sants-Montjuïc,18,Sants,76,3107,..,2,10
2010,3,Sants-Montjuïc,18,Sants,76,3107,..,2,11
2010,3,Sants-Montjuïc,18,Sants,76,3107,..,2,12
2010,3,Sants-Montjuïc,18,Sants,76,3107,..,2,14
2010,3,Sants-Montjuïc,18,Sants,76,3108,..,1,0
2010,3,Sants-Montjuïc,18,Sants,76,3108,..,1,1
2010,3,Sants-Montjuïc,18,Sants,76,3108,..,1,2
2010,3,Sants-Montjuïc,18,Sants,76,3108,..,1,3
2010,3,Sants-Montjuïc,18,Sants,76,3108,5,1,4
2010,3,Sants-Montjuïc,18,Sants,76,3108,23,1,5
2010,3,Sants-Montjuïc,18,Sants,76,3108,10,1,6
2010,3,Sants-Montjuïc,18,Sants,76,3108,..,1,7
2010,3,Sants-Montjuïc,18,Sants,76,3108,8,1,8
2010,3,Sants-Montjuïc,18,Sants,76,3108,..,1,9
2010,3,Sants-Montjuïc,18,Sants,76,3108,..,1,10
2010,3,Sants-Montjuïc,18,Sants,76,3108,..,1,11
2010,3,Sants-Montjuïc,18,Sants,76,3108,..,1,13
2010,3,Sants-Montjuïc,18,Sants,76,3108,..,2,0
2010,3,Sants-Montjuïc,18,Sants,76,3108,..,2,1
2010,3,Sants-Montjuïc,18,Sants,76,3108,..,2,2
2010,3,Sants-Montjuïc,18,Sants,76,3108,5,2,3
2010,3,Sants-Montjuïc,18,Sants,76,3108,11,2,4
2010,3,Sants-Montjuïc,18,Sants,76,3108,15,2,5
2010,3,Sants-Montjuïc,18,Sants,76,3108,19,2,6
2010,3,Sants-Montjuïc,18,Sants,76,3108,8,2,7
2010,3,Sants-Montjuïc,18,Sants,76,3108,..,2,8
2010,3,Sants-Montjuïc,18,Sants,76,3108,..,2,11
2010,3,Sants-Montjuïc,18,Sants,76,3108,..,2,12
2010,3,Sants-Montjuïc,18,Sants,76,3109,..,1,0
2010,3,Sants-Montjuïc,18,Sants,76,3109,..,1,1
2010,3,Sants-Montjuïc,18,Sants,76,3109,..,1,3
2010,3,Sants-Montjuïc,18,Sants,76,3109,9,1,4
2010,3,Sants-Montjuïc,18,Sants,76,3109,11,1,5
2010,3,Sants-Montjuïc,18,Sants,76,3109,10,1,6
2010,3,Sants-Montjuïc,18,Sants,76,3109,7,1,7
2010,3,Sants-Montjuïc,18,Sants,76,3109,..,1,8
2010,3,Sants-Montjuïc,18,Sants,76,3109,..,1,9
2010,3,Sants-Montjuïc,18,Sants,76,3109,..,1,10
2010,3,Sants-Montjuïc,18,Sants,76,3109,..,1,12
2010,3,Sants-Montjuïc,18,Sants,76,3109,..,2,0
2010,3,Sants-Montjuïc,18,Sants,76,3109,5,2,1
2010,3,Sants-Montjuïc,18,Sants,76,3109,..,2,2
2010,3,Sants-Montjuïc,18,Sants,76,3109,..,2,3
2010,3,Sants-Montjuïc,18,Sants,76,3109,..,2,4
2010,3,Sants-Montjuïc,18,Sants,76,3109,12,2,5
2010,3,Sants-Montjuïc,18,Sants,76,3109,6,2,6
2010,3,Sants-Montjuïc,18,Sants,76,3109,..,2,7
2010,3,Sants-Montjuïc,18,Sants,76,3109,..,2,8
2010,3,Sants-Montjuïc,18,Sants,76,3109,..,2,10
2010,3,Sants-Montjuïc,18,Sants,76,3109,..,2,12
2010,3,Sants-Montjuïc,18,Sants,76,3109,..,2,13
2010,3,Sants-Montjuïc,18,Sants,76,3110,..,1,0
2010,3,Sants-Montjuïc,18,Sants,76,3110,..,1,2
2010,3,Sants-Montjuïc,18,Sants,76,3110,8,1,4
2010,3,Sants-Montjuïc,18,Sants,76,3110,11,1,5
2010,3,Sants-Montjuïc,18,Sants,76,3110,12,1,6
2010,3,Sants-Montjuïc,18,Sants,76,3110,..,1,7
2010,3,Sants-Montjuïc,18,Sants,76,3110,..,1,8
2010,3,Sants-Montjuïc,18,Sants,76,3110,..,1,16
2010,3,Sants-Montjuïc,18,Sants,76,3110,..,2,1
2010,3,Sants-Montjuïc,18,Sants,76,3110,..,2,2
2010,3,Sants-Montjuïc,18,Sants,76,3110,..,2,3
2010,3,Sants-Montjuïc,18,Sants,76,3110,..,2,4
2010,3,Sants-Montjuïc,18,Sants,76,3110,11,2,5
2010,3,Sants-Montjuïc,18,Sants,76,3110,11,2,6
2010,3,Sants-Montjuïc,18,Sants,76,3110,..,2,7
2010,3,Sants-Montjuïc,18,Sants,76,3110,..,2,8
2010,3,Sants-Montjuïc,18,Sants,76,3110,..,2,9
2010,3,Sants-Montjuïc,18,Sants,76,3110,..,2,10
2010,3,Sants-Montjuïc,18,Sants,76,3111,..,1,2
2010,3,Sants-Montjuïc,18,Sants,76,3111,..,1,3
2010,3,Sants-Montjuïc,18,Sants,76,3111,7,1,4
2010,3,Sants-Montjuïc,18,Sants,76,3111,12,1,5
2010,3,Sants-Montjuïc,18,Sants,76,3111,6,1,6
2010,3,Sants-Montjuïc,18,Sants,76,3111,..,1,7
2010,3,Sants-Montjuïc,18,Sants,76,3111,..,1,8
2010,3,Sants-Montjuïc,18,Sants,76,3111,..,1,9
2010,3,Sants-Montjuïc,18,Sants,76,3111,..,1,11
2010,3,Sants-Montjuïc,18,Sants,76,3111,..,1,12
2010,3,Sants-Montjuïc,18,Sants,76,3111,..,1,13
2010,3,Sants-Montjuïc,18,Sants,76,3111,..,2,0
2010,3,Sants-Montjuïc,18,Sants,76,3111,..,2,2
2010,3,Sants-Montjuïc,18,Sants,76,3111,..,2,3
2010,3,Sants-Montjuïc,18,Sants,76,3111,5,2,4
2010,3,Sants-Montjuïc,18,Sants,76,3111,7,2,5
2010,3,Sants-Montjuïc,18,Sants,76,3111,7,2,6
2010,3,Sants-Montjuïc,18,Sants,76,3111,6,2,7
2010,3,Sants-Montjuïc,18,Sants,76,3111,..,2,8
2010,3,Sants-Montjuïc,18,Sants,76,3111,..,2,9
2010,3,Sants-Montjuïc,18,Sants,76,3111,..,2,10
2010,3,Sants-Montjuïc,18,Sants,76,3111,..,2,11
2010,3,Sants-Montjuïc,18,Sants,76,3111,..,2,12
2010,3,Sants-Montjuïc,18,Sants,76,3111,..,2,15
2010,3,Sants-Montjuïc,18,Sants,76,3112,..,1,0
2010,3,Sants-Montjuïc,18,Sants,76,3112,..,1,2
2010,3,Sants-Montjuïc,18,Sants,76,3112,..,1,3
2010,3,Sants-Montjuïc,18,Sants,76,3112,10,1,4
2010,3,Sants-Montjuïc,18,Sants,76,3112,16,1,5
2010,3,Sants-Montjuïc,18,Sants,76,3112,..,1,6
2010,3,Sants-Montjuïc,18,Sants,76,3112,..,1,7
2010,3,Sants-Montjuïc,18,Sants,76,3112,..,1,8
2010,3,Sants-Montjuïc,18,Sants,76,3112,..,1,9
2010,3,Sants-Montjuïc,18,Sants,76,3112,..,1,10
2010,3,Sants-Montjuïc,18,Sants,76,3112,..,1,11
2010,3,Sants-Montjuïc,18,Sants,76,3112,..,1,13
2010,3,Sants-Montjuïc,18,Sants,76,3112,..,1,15
2010,3,Sants-Montjuïc,18,Sants,76,3112,..,1,16
2010,3,Sants-Montjuïc,18,Sants,76,3112,..,2,0
2010,3,Sants-Montjuïc,18,Sants,76,3112,..,2,1
2010,3,Sants-Montjuïc,18,Sants,76,3112,5,2,2
2010,3,Sants-Montjuïc,18,Sants,76,3112,6,2,4
2010,3,Sants-Montjuïc,18,Sants,76,3112,7,2,5
2010,3,Sants-Montjuïc,18,Sants,76,3112,6,2,6
2010,3,Sants-Montjuïc,18,Sants,76,3112,6,2,7
2010,3,Sants-Montjuïc,18,Sants,76,3112,..,2,9
2010,3,Sants-Montjuïc,18,Sants,76,3112,..,2,10
2010,3,Sants-Montjuïc,18,Sants,76,3112,..,2,12
2010,3,Sants-Montjuïc,18,Sants,76,3112,..,2,15
2010,3,Sants-Montjuïc,18,Sants,76,3112,..,2,18
2010,3,Sants-Montjuïc,18,Sants,76,3113,..,1,0
2010,3,Sants-Montjuïc,18,Sants,76,3113,..,1,1
2010,3,Sants-Montjuïc,18,Sants,76,3113,..,1,2
2010,3,Sants-Montjuïc,18,Sants,76,3113,..,1,3
2010,3,Sants-Montjuïc,18,Sants,76,3113,..,1,4
2010,3,Sants-Montjuïc,18,Sants,76,3113,14,1,5
2010,3,Sants-Montjuïc,18,Sants,76,3113,9,1,6
2010,3,Sants-Montjuïc,18,Sants,76,3113,..,1,7
2010,3,Sants-Montjuïc,18,Sants,76,3113,..,1,8
2010,3,Sants-Montjuïc,18,Sants,76,3113,..,1,9
2010,3,Sants-Montjuïc,18,Sants,76,3113,..,1,10
2010,3,Sants-Montjuïc,18,Sants,76,3113,..,1,12
2010,3,Sants-Montjuïc,18,Sants,76,3113,..,1,15
2010,3,Sants-Montjuïc,18,Sants,76,3113,7,2,0
2010,3,Sants-Montjuïc,18,Sants,76,3113,..,2,1
2010,3,Sants-Montjuïc,18,Sants,76,3113,..,2,2
2010,3,Sants-Montjuïc,18,Sants,76,3113,..,2,3
2010,3,Sants-Montjuïc,18,Sants,76,3113,8,2,4
2010,3,Sants-Montjuïc,18,Sants,76,3113,10,2,5
2010,3,Sants-Montjuïc,18,Sants,76,3113,10,2,6
2010,3,Sants-Montjuïc,18,Sants,76,3113,..,2,7
2010,3,Sants-Montjuïc,18,Sants,76,3113,..,2,8
2010,3,Sants-Montjuïc,18,Sants,76,3113,..,2,9
2010,3,Sants-Montjuïc,18,Sants,76,3113,..,2,10
2010,3,Sants-Montjuïc,18,Sants,76,3113,..,2,11
2010,3,Sants-Montjuïc,18,Sants,76,3113,..,2,14
2010,3,Sants-Montjuïc,18,Sants,76,3114,..,1,2
2010,3,Sants-Montjuïc,18,Sants,76,3114,..,1,3
2010,3,Sants-Montjuïc,18,Sants,76,3114,10,1,4
2010,3,Sants-Montjuïc,18,Sants,76,3114,10,1,5
2010,3,Sants-Montjuïc,18,Sants,76,3114,..,1,6
2010,3,Sants-Montjuïc,18,Sants,76,3114,..,1,7
2010,3,Sants-Montjuïc,18,Sants,76,3114,..,1,8
2010,3,Sants-Montjuïc,18,Sants,76,3114,..,1,9
2010,3,Sants-Montjuïc,18,Sants,76,3114,..,1,10
2010,3,Sants-Montjuïc,18,Sants,76,3114,..,1,12
2010,3,Sants-Montjuïc,18,Sants,76,3114,..,1,15
2010,3,Sants-Montjuïc,18,Sants,76,3114,..,1,17
2010,3,Sants-Montjuïc,18,Sants,76,3114,..,2,0
2010,3,Sants-Montjuïc,18,Sants,76,3114,..,2,2
2010,3,Sants-Montjuïc,18,Sants,76,3114,..,2,3
2010,3,Sants-Montjuïc,18,Sants,76,3114,..,2,4
2010,3,Sants-Montjuïc,18,Sants,76,3114,6,2,5
2010,3,Sants-Montjuïc,18,Sants,76,3114,..,2,7
2010,3,Sants-Montjuïc,18,Sants,76,3114,..,2,8
2010,3,Sants-Montjuïc,18,Sants,76,3114,..,2,10
2010,3,Sants-Montjuïc,18,Sants,76,3114,..,2,14
2010,3,Sants-Montjuïc,18,Sants,76,3114,..,2,16
2010,4,Les Corts,19,les Corts,77,4001,..,1,0
2010,4,Les Corts,19,les Corts,77,4001,..,1,3
2010,4,Les Corts,19,les Corts,77,4001,..,1,4
2010,4,Les Corts,19,les Corts,77,4001,8,1,5
2010,4,Les Corts,19,les Corts,77,4001,5,1,6
2010,4,Les Corts,19,les Corts,77,4001,..,1,7
2010,4,Les Corts,19,les Corts,77,4001,..,1,8
2010,4,Les Corts,19,les Corts,77,4001,..,1,9
2010,4,Les Corts,19,les Corts,77,4001,..,1,10
2010,4,Les Corts,19,les Corts,77,4001,..,1,11
2010,4,Les Corts,19,les Corts,77,4001,..,1,13
2010,4,Les Corts,19,les Corts,77,4001,..,1,18
2010,4,Les Corts,19,les Corts,77,4001,..,2,0
2010,4,Les Corts,19,les Corts,77,4001,8,2,4
2010,4,Les Corts,19,les Corts,77,4001,..,2,5
2010,4,Les Corts,19,les Corts,77,4001,6,2,6
2010,4,Les Corts,19,les Corts,77,4001,..,2,7
2010,4,Les Corts,19,les Corts,77,4001,5,2,8
2010,4,Les Corts,19,les Corts,77,4001,..,2,9
2010,4,Les Corts,19,les Corts,77,4001,..,2,10
2010,4,Les Corts,19,les Corts,77,4001,..,2,11
2010,4,Les Corts,19,les Corts,77,4002,..,1,0
2010,4,Les Corts,19,les Corts,77,4002,..,1,3
2010,4,Les Corts,19,les Corts,77,4002,11,1,4
2010,4,Les Corts,19,les Corts,77,4002,5,1,5
2010,4,Les Corts,19,les Corts,77,4002,8,1,6
2010,4,Les Corts,19,les Corts,77,4002,..,1,7
2010,4,Les Corts,19,les Corts,77,4002,..,1,9
2010,4,Les Corts,19,les Corts,77,4002,..,1,10
2010,4,Les Corts,19,les Corts,77,4002,..,1,14
2010,4,Les Corts,19,les Corts,77,4002,..,1,18
2010,4,Les Corts,19,les Corts,77,4002,6,2,4
2010,4,Les Corts,19,les Corts,77,4002,5,2,5
2010,4,Les Corts,19,les Corts,77,4002,6,2,6
2010,4,Les Corts,19,les Corts,77,4002,..,2,7
2010,4,Les Corts,19,les Corts,77,4002,..,2,8
2010,4,Les Corts,19,les Corts,77,4002,..,2,9
2010,4,Les Corts,19,les Corts,77,4002,..,2,10
2010,4,Les Corts,19,les Corts,77,4002,..,2,11
2010,4,Les Corts,19,les Corts,77,4002,..,2,12
2010,4,Les Corts,19,les Corts,77,4002,..,2,15
2010,4,Les Corts,19,les Corts,77,4002,..,2,18
2010,4,Les Corts,19,les Corts,77,4003,..,1,4
2010,4,Les Corts,19,les Corts,77,4003,..,1,5
2010,4,Les Corts,19,les Corts,77,4003,..,1,6
2010,4,Les Corts,19,les Corts,77,4003,..,1,7
2010,4,Les Corts,19,les Corts,77,4003,..,1,9
2010,4,Les Corts,19,les Corts,77,4003,..,1,10
2010,4,Les Corts,19,les Corts,77,4003,..,1,12
2010,4,Les Corts,19,les Corts,77,4003,..,1,13
2010,4,Les Corts,19,les Corts,77,4003,..,1,16
2010,4,Les Corts,19,les Corts,77,4003,..,2,0
2010,4,Les Corts,19,les Corts,77,4003,..,2,1
2010,4,Les Corts,19,les Corts,77,4003,..,2,3
2010,4,Les Corts,19,les Corts,77,4003,..,2,4
2010,4,Les Corts,19,les Corts,77,4003,..,2,5
2010,4,Les Corts,19,les Corts,77,4003,..,2,6
2010,4,Les Corts,19,les Corts,77,4003,..,2,8
2010,4,Les Corts,19,les Corts,77,4003,..,2,9
2010,4,Les Corts,19,les Corts,77,4003,..,2,10
2010,4,Les Corts,19,les Corts,77,4003,..,2,11
2010,4,Les Corts,19,les Corts,77,4003,..,2,12
2010,4,Les Corts,19,les Corts,77,4003,..,2,15
2010,4,Les Corts,19,les Corts,77,4004,..,1,0
2010,4,Les Corts,19,les Corts,77,4004,..,1,3
2010,4,Les Corts,19,les Corts,77,4004,5,1,4
2010,4,Les Corts,19,les Corts,77,4004,6,1,5
2010,4,Les Corts,19,les Corts,77,4004,6,1,6
2010,4,Les Corts,19,les Corts,77,4004,5,1,7
2010,4,Les Corts,19,les Corts,77,4004,..,1,8
2010,4,Les Corts,19,les Corts,77,4004,..,1,11
2010,4,Les Corts,19,les Corts,77,4004,..,1,15
2010,4,Les Corts,19,les Corts,77,4004,..,2,0
2010,4,Les Corts,19,les Corts,77,4004,..,2,4
2010,4,Les Corts,19,les Corts,77,4004,6,2,5
2010,4,Les Corts,19,les Corts,77,4004,7,2,6
2010,4,Les Corts,19,les Corts,77,4004,..,2,7
2010,4,Les Corts,19,les Corts,77,4005,..,1,0
2010,4,Les Corts,19,les Corts,77,4005,..,1,1
2010,4,Les Corts,19,les Corts,77,4005,..,1,2
2010,4,Les Corts,19,les Corts,77,4005,..,1,3
2010,4,Les Corts,19,les Corts,77,4005,7,1,4
2010,4,Les Corts,19,les Corts,77,4005,5,1,5
2010,4,Les Corts,19,les Corts,77,4005,6,1,6
2010,4,Les Corts,19,les Corts,77,4005,..,1,7
2010,4,Les Corts,19,les Corts,77,4005,..,1,8
2010,4,Les Corts,19,les Corts,77,4005,..,1,19
2010,4,Les Corts,19,les Corts,77,4005,..,2,0
2010,4,Les Corts,19,les Corts,77,4005,..,2,2
2010,4,Les Corts,19,les Corts,77,4005,..,2,3
2010,4,Les Corts,19,les Corts,77,4005,..,2,4
2010,4,Les Corts,19,les Corts,77,4005,14,2,5
2010,4,Les Corts,19,les Corts,77,4005,6,2,6
2010,4,Les Corts,19,les Corts,77,4005,..,2,7
2010,4,Les Corts,19,les Corts,77,4005,..,2,8
2010,4,Les Corts,19,les Corts,77,4005,..,2,10
2010,4,Les Corts,19,les Corts,77,4005,..,2,12
2010,4,Les Corts,19,les Corts,77,4006,..,1,0
2010,4,Les Corts,19,les Corts,77,4006,..,1,3
2010,4,Les Corts,19,les Corts,77,4006,..,1,4
2010,4,Les Corts,19,les Corts,77,4006,7,1,5
2010,4,Les Corts,19,les Corts,77,4006,5,1,6
2010,4,Les Corts,19,les Corts,77,4006,..,1,7
2010,4,Les Corts,19,les Corts,77,4006,..,1,10
2010,4,Les Corts,19,les Corts,77,4006,..,1,13
2010,4,Les Corts,19,les Corts,77,4006,6,2,5
2010,4,Les Corts,19,les Corts,77,4006,6,2,6
2010,4,Les Corts,19,les Corts,77,4006,..,2,7
2010,4,Les Corts,19,les Corts,77,4006,..,2,8
2010,4,Les Corts,19,les Corts,77,4006,..,2,11
2010,4,Les Corts,19,les Corts,77,4006,..,2,12
2010,4,Les Corts,19,les Corts,77,4006,..,2,14
2010,4,Les Corts,19,les Corts,77,4007,..,1,0
2010,4,Les Corts,19,les Corts,77,4007,..,1,3
2010,4,Les Corts,19,les Corts,77,4007,..,1,4
2010,4,Les Corts,19,les Corts,77,4007,5,1,5
2010,4,Les Corts,19,les Corts,77,4007,6,1,6
2010,4,Les Corts,19,les Corts,77,4007,..,1,7
2010,4,Les Corts,19,les Corts,77,4007,..,1,8
2010,4,Les Corts,19,les Corts,77,4007,..,1,11
2010,4,Les Corts,19,les Corts,77,4007,..,1,12
2010,4,Les Corts,19,les Corts,77,4007,..,1,13
2010,4,Les Corts,19,les Corts,77,4007,..,1,15
2010,4,Les Corts,19,les Corts,77,4007,..,1,16
2010,4,Les Corts,19,les Corts,77,4007,..,1,17
2010,4,Les Corts,19,les Corts,77,4007,..,1,18
2010,4,Les Corts,19,les Corts,77,4007,..,2,0
2010,4,Les Corts,19,les Corts,77,4007,..,2,1
2010,4,Les Corts,19,les Corts,77,4007,..,2,3
2010,4,Les Corts,19,les Corts,77,4007,..,2,4
2010,4,Les Corts,19,les Corts,77,4007,..,2,5
2010,4,Les Corts,19,les Corts,77,4007,5,2,6
2010,4,Les Corts,19,les Corts,77,4007,..,2,7
2010,4,Les Corts,19,les Corts,77,4007,..,2,8
2010,4,Les Corts,19,les Corts,77,4007,..,2,9
2010,4,Les Corts,19,les Corts,77,4007,..,2,10
2010,4,Les Corts,19,les Corts,77,4007,..,2,11
2010,4,Les Corts,19,les Corts,77,4007,..,2,12
2010,4,Les Corts,19,les Corts,77,4007,..,2,13
2010,4,Les Corts,19,les Corts,77,4007,..,2,16
2010,4,Les Corts,19,les Corts,77,4007,..,2,17
2010,4,Les Corts,19,les Corts,77,4007,..,2,18
2010,4,Les Corts,19,les Corts,77,4008,..,1,0
2010,4,Les Corts,19,les Corts,77,4008,9,1,4
2010,4,Les Corts,19,les Corts,77,4008,6,1,5
2010,4,Les Corts,19,les Corts,77,4008,5,1,6
2010,4,Les Corts,19,les Corts,77,4008,..,1,7
2010,4,Les Corts,19,les Corts,77,4008,..,1,8
2010,4,Les Corts,19,les Corts,77,4008,..,1,16
2010,4,Les Corts,19,les Corts,77,4008,..,2,0
2010,4,Les Corts,19,les Corts,77,4008,..,2,1
2010,4,Les Corts,19,les Corts,77,4008,..,2,3
2010,4,Les Corts,19,les Corts,77,4008,..,2,4
2010,4,Les Corts,19,les Corts,77,4008,10,2,5
2010,4,Les Corts,19,les Corts,77,4008,..,2,6
2010,4,Les Corts,19,les Corts,77,4008,7,2,7
2010,4,Les Corts,19,les Corts,77,4008,..,2,8
2010,4,Les Corts,19,les Corts,77,4008,..,2,9
2010,4,Les Corts,19,les Corts,77,4008,..,2,10
2010,4,Les Corts,19,les Corts,77,4008,..,2,11
2010,4,Les Corts,19,les Corts,77,4009,..,1,0
2010,4,Les Corts,19,les Corts,77,4009,..,1,1
2010,4,Les Corts,19,les Corts,77,4009,..,1,3
2010,4,Les Corts,19,les Corts,77,4009,9,1,4
2010,4,Les Corts,19,les Corts,77,4009,7,1,5
2010,4,Les Corts,19,les Corts,77,4009,10,1,6
2010,4,Les Corts,19,les Corts,77,4009,8,1,7
2010,4,Les Corts,19,les Corts,77,4009,..,1,8
2010,4,Les Corts,19,les Corts,77,4009,..,1,9
2010,4,Les Corts,19,les Corts,77,4009,..,1,10
2010,4,Les Corts,19,les Corts,77,4009,..,1,14
2010,4,Les Corts,19,les Corts,77,4009,..,1,15
2010,4,Les Corts,19,les Corts,77,4009,..,1,18
2010,4,Les Corts,19,les Corts,77,4009,..,1,20
2010,4,Les Corts,19,les Corts,77,4009,..,2,0
2010,4,Les Corts,19,les Corts,77,4009,..,2,1
2010,4,Les Corts,19,les Corts,77,4009,..,2,4
2010,4,Les Corts,19,les Corts,77,4009,7,2,5
2010,4,Les Corts,19,les Corts,77,4009,7,2,6
2010,4,Les Corts,19,les Corts,77,4009,6,2,7
2010,4,Les Corts,19,les Corts,77,4009,6,2,8
2010,4,Les Corts,19,les Corts,77,4009,..,2,9
2010,4,Les Corts,19,les Corts,77,4009,..,2,10
2010,4,Les Corts,19,les Corts,77,4009,..,2,11
2010,4,Les Corts,19,les Corts,77,4009,..,2,15
2010,4,Les Corts,19,les Corts,78,4010,..,1,1
2010,4,Les Corts,19,les Corts,78,4010,..,1,3
2010,4,Les Corts,19,les Corts,78,4010,..,1,4
2010,4,Les Corts,19,les Corts,78,4010,6,1,5
2010,4,Les Corts,19,les Corts,78,4010,..,1,6
2010,4,Les Corts,19,les Corts,78,4010,..,1,8
2010,4,Les Corts,19,les Corts,78,4010,..,1,10
2010,4,Les Corts,19,les Corts,78,4010,..,1,12
2010,4,Les Corts,19,les Corts,78,4010,..,1,18
2010,4,Les Corts,19,les Corts,78,4010,..,2,1
2010,4,Les Corts,19,les Corts,78,4010,..,2,4
2010,4,Les Corts,19,les Corts,78,4010,..,2,5
2010,4,Les Corts,19,les Corts,78,4010,..,2,6
2010,4,Les Corts,19,les Corts,78,4010,..,2,7
2010,4,Les Corts,19,les Corts,78,4010,..,2,8
2010,4,Les Corts,19,les Corts,78,4010,..,2,12
2010,4,Les Corts,19,les Corts,78,4011,..,1,0
2010,4,Les Corts,19,les Corts,78,4011,..,1,2
2010,4,Les Corts,19,les Corts,78,4011,..,1,3
2010,4,Les Corts,19,les Corts,78,4011,5,1,4
2010,4,Les Corts,19,les Corts,78,4011,8,1,5
2010,4,Les Corts,19,les Corts,78,4011,6,1,6
2010,4,Les Corts,19,les Corts,78,4011,5,1,7
2010,4,Les Corts,19,les Corts,78,4011,6,1,8
2010,4,Les Corts,19,les Corts,78,4011,..,1,9
2010,4,Les Corts,19,les Corts,78,4011,..,1,10
2010,4,Les Corts,19,les Corts,78,4011,..,1,14
2010,4,Les Corts,19,les Corts,78,4011,..,1,15
2010,4,Les Corts,19,les Corts,78,4011,..,1,17
2010,4,Les Corts,19,les Corts,78,4011,5,2,0
2010,4,Les Corts,19,les Corts,78,4011,..,2,1
2010,4,Les Corts,19,les Corts,78,4011,..,2,2
2010,4,Les Corts,19,les Corts,78,4011,..,2,3
2010,4,Les Corts,19,les Corts,78,4011,..,2,4
2010,4,Les Corts,19,les Corts,78,4011,..,2,5
2010,4,Les Corts,19,les Corts,78,4011,7,2,6
2010,4,Les Corts,19,les Corts,78,4011,..,2,7
2010,4,Les Corts,19,les Corts,78,4011,..,2,8
2010,4,Les Corts,19,les Corts,78,4011,5,2,9
2010,4,Les Corts,19,les Corts,78,4011,..,2,11
2010,4,Les Corts,19,les Corts,78,4011,..,2,12
2010,4,Les Corts,19,les Corts,78,4011,..,2,15
2010,4,Les Corts,19,les Corts,78,4012,..,1,0
2010,4,Les Corts,19,les Corts,78,4012,..,1,3
2010,4,Les Corts,19,les Corts,78,4012,..,1,4
2010,4,Les Corts,19,les Corts,78,4012,7,1,6
2010,4,Les Corts,19,les Corts,78,4012,..,1,7
2010,4,Les Corts,19,les Corts,78,4012,..,1,9
2010,4,Les Corts,19,les Corts,78,4012,..,1,10
2010,4,Les Corts,19,les Corts,78,4012,..,1,12
2010,4,Les Corts,19,les Corts,78,4012,..,1,14
2010,4,Les Corts,19,les Corts,78,4012,..,2,0
2010,4,Les Corts,19,les Corts,78,4012,..,2,3
2010,4,Les Corts,19,les Corts,78,4012,..,2,4
2010,4,Les Corts,19,les Corts,78,4012,..,2,5
2010,4,Les Corts,19,les Corts,78,4012,..,2,7
2010,4,Les Corts,19,les Corts,78,4012,..,2,8
2010,4,Les Corts,19,les Corts,78,4012,..,2,9
2010,4,Les Corts,19,les Corts,78,4012,..,2,10
2010,4,Les Corts,19,les Corts,78,4013,..,1,0
2010,4,Les Corts,19,les Corts,78,4013,..,1,3
2010,4,Les Corts,19,les Corts,78,4013,6,1,4
2010,4,Les Corts,19,les Corts,78,4013,..,1,5
2010,4,Les Corts,19,les Corts,78,4013,..,1,6
2010,4,Les Corts,19,les Corts,78,4013,..,1,7
2010,4,Les Corts,19,les Corts,78,4013,..,1,8
2010,4,Les Corts,19,les Corts,78,4013,..,1,9
2010,4,Les Corts,19,les Corts,78,4013,..,1,11
2010,4,Les Corts,19,les Corts,78,4013,..,1,12
2010,4,Les Corts,19,les Corts,78,4013,..,2,0
2010,4,Les Corts,19,les Corts,78,4013,..,2,3
2010,4,Les Corts,19,les Corts,78,4013,..,2,4
2010,4,Les Corts,19,les Corts,78,4013,..,2,5
2010,4,Les Corts,19,les Corts,78,4013,5,2,6
2010,4,Les Corts,19,les Corts,78,4013,..,2,7
2010,4,Les Corts,19,les Corts,78,4013,..,2,8
2010,4,Les Corts,19,les Corts,78,4013,..,2,11
2010,4,Les Corts,19,les Corts,78,4013,..,2,12
2010,4,Les Corts,19,les Corts,78,4014,..,1,5
2010,4,Les Corts,19,les Corts,78,4014,..,1,6
2010,4,Les Corts,19,les Corts,78,4014,..,1,12
2010,4,Les Corts,19,les Corts,78,4014,..,1,15
2010,4,Les Corts,19,les Corts,78,4014,..,1,17
2010,4,Les Corts,19,les Corts,78,4014,..,2,0
2010,4,Les Corts,19,les Corts,78,4014,..,2,2
2010,4,Les Corts,19,les Corts,78,4014,..,2,3
2010,4,Les Corts,19,les Corts,78,4014,..,2,4
2010,4,Les Corts,19,les Corts,78,4014,..,2,5
2010,4,Les Corts,19,les Corts,78,4014,..,2,6
2010,4,Les Corts,19,les Corts,78,4014,..,2,7
2010,4,Les Corts,19,les Corts,78,4014,..,2,8
2010,4,Les Corts,19,les Corts,78,4014,..,2,10
2010,4,Les Corts,19,les Corts,78,4014,..,2,11
2010,4,Les Corts,19,les Corts,78,4014,..,2,12
2010,4,Les Corts,19,les Corts,78,4014,..,2,13
2010,4,Les Corts,19,les Corts,78,4015,..,1,0
2010,4,Les Corts,19,les Corts,78,4015,..,1,1
2010,4,Les Corts,19,les Corts,78,4015,..,1,2
2010,4,Les Corts,19,les Corts,78,4015,..,1,3
2010,4,Les Corts,19,les Corts,78,4015,7,1,4
2010,4,Les Corts,19,les Corts,78,4015,10,1,5
2010,4,Les Corts,19,les Corts,78,4015,11,1,6
2010,4,Les Corts,19,les Corts,78,4015,..,1,7
2010,4,Les Corts,19,les Corts,78,4015,..,1,8
2010,4,Les Corts,19,les Corts,78,4015,..,1,9
2010,4,Les Corts,19,les Corts,78,4015,..,1,10
2010,4,Les Corts,19,les Corts,78,4015,..,1,11
2010,4,Les Corts,19,les Corts,78,4015,..,1,12
2010,4,Les Corts,19,les Corts,78,4015,..,1,15
2010,4,Les Corts,19,les Corts,78,4015,..,2,0
2010,4,Les Corts,19,les Corts,78,4015,..,2,1
2010,4,Les Corts,19,les Corts,78,4015,..,2,2
2010,4,Les Corts,19,les Corts,78,4015,..,2,3
2010,4,Les Corts,19,les Corts,78,4015,..,2,4
2010,4,Les Corts,19,les Corts,78,4015,9,2,5
2010,4,Les Corts,19,les Corts,78,4015,11,2,6
2010,4,Les Corts,19,les Corts,78,4015,7,2,7
2010,4,Les Corts,19,les Corts,78,4015,5,2,8
2010,4,Les Corts,19,les Corts,78,4015,..,2,9
2010,4,Les Corts,19,les Corts,78,4015,..,2,10
2010,4,Les Corts,19,les Corts,78,4015,..,2,12
2010,4,Les Corts,19,les Corts,78,4015,..,2,16
2010,4,Les Corts,19,les Corts,78,4016,..,1,4
2010,4,Les Corts,19,les Corts,78,4016,6,1,5
2010,4,Les Corts,19,les Corts,78,4016,..,1,6
2010,4,Les Corts,19,les Corts,78,4016,..,1,7
2010,4,Les Corts,19,les Corts,78,4016,..,1,8
2010,4,Les Corts,19,les Corts,78,4016,..,1,10
2010,4,Les Corts,19,les Corts,78,4016,..,1,11
2010,4,Les Corts,19,les Corts,78,4016,..,2,0
2010,4,Les Corts,19,les Corts,78,4016,..,2,1
2010,4,Les Corts,19,les Corts,78,4016,..,2,2
2010,4,Les Corts,19,les Corts,78,4016,..,2,3
2010,4,Les Corts,19,les Corts,78,4016,..,2,4
2010,4,Les Corts,19,les Corts,78,4016,..,2,5
2010,4,Les Corts,19,les Corts,78,4016,7,2,6
2010,4,Les Corts,19,les Corts,78,4016,..,2,7
2010,4,Les Corts,19,les Corts,78,4016,..,2,8
2010,4,Les Corts,19,les Corts,78,4016,..,2,9
2010,4,Les Corts,19,les Corts,78,4016,..,2,11
2010,4,Les Corts,19,les Corts,78,4016,..,2,12
2010,4,Les Corts,19,les Corts,78,4016,..,2,15
2010,4,Les Corts,19,les Corts,79,4017,..,1,0
2010,4,Les Corts,19,les Corts,79,4017,..,1,1
2010,4,Les Corts,19,les Corts,79,4017,..,1,3
2010,4,Les Corts,19,les Corts,79,4017,..,1,4
2010,4,Les Corts,19,les Corts,79,4017,7,1,5
2010,4,Les Corts,19,les Corts,79,4017,6,1,6
2010,4,Les Corts,19,les Corts,79,4017,..,1,7
2010,4,Les Corts,19,les Corts,79,4017,..,1,8
2010,4,Les Corts,19,les Corts,79,4017,..,1,9
2010,4,Les Corts,19,les Corts,79,4017,..,1,11
2010,4,Les Corts,19,les Corts,79,4017,..,1,12
2010,4,Les Corts,19,les Corts,79,4017,..,1,13
2010,4,Les Corts,19,les Corts,79,4017,..,1,14
2010,4,Les Corts,19,les Corts,79,4017,..,2,0
2010,4,Les Corts,19,les Corts,79,4017,..,2,4
2010,4,Les Corts,19,les Corts,79,4017,..,2,6
2010,4,Les Corts,19,les Corts,79,4017,..,2,7
2010,4,Les Corts,19,les Corts,79,4017,..,2,8
2010,4,Les Corts,19,les Corts,79,4017,..,2,9
2010,4,Les Corts,19,les Corts,79,4017,..,2,12
2010,4,Les Corts,19,les Corts,79,4017,..,2,14
2010,4,Les Corts,19,les Corts,79,4018,..,1,0
2010,4,Les Corts,19,les Corts,79,4018,..,1,1
2010,4,Les Corts,19,les Corts,79,4018,..,1,3
2010,4,Les Corts,19,les Corts,79,4018,6,1,4
2010,4,Les Corts,19,les Corts,79,4018,6,1,5
2010,4,Les Corts,19,les Corts,79,4018,..,1,6
2010,4,Les Corts,19,les Corts,79,4018,..,1,7
2010,4,Les Corts,19,les Corts,79,4018,..,1,8
2010,4,Les Corts,19,les Corts,79,4018,..,1,9
2010,4,Les Corts,19,les Corts,79,4018,..,1,10
2010,4,Les Corts,19,les Corts,79,4018,..,1,15
2010,4,Les Corts,19,les Corts,79,4018,..,2,0
2010,4,Les Corts,19,les Corts,79,4018,..,2,1
2010,4,Les Corts,19,les Corts,79,4018,..,2,2
2010,4,Les Corts,19,les Corts,79,4018,..,2,3
2010,4,Les Corts,19,les Corts,79,4018,..,2,4
2010,4,Les Corts,19,les Corts,79,4018,6,2,5
2010,4,Les Corts,19,les Corts,79,4018,..,2,6
2010,4,Les Corts,19,les Corts,79,4018,5,2,7
2010,4,Les Corts,19,les Corts,79,4018,..,2,9
2010,4,Les Corts,19,les Corts,79,4018,..,2,10
2010,4,Les Corts,19,les Corts,79,4018,..,2,11
2010,4,Les Corts,19,les Corts,79,4018,..,2,12
2010,4,Les Corts,19,les Corts,79,4019,..,1,0
2010,4,Les Corts,19,les Corts,79,4019,..,1,3
2010,4,Les Corts,19,les Corts,79,4019,..,1,4
2010,4,Les Corts,19,les Corts,79,4019,..,1,5
2010,4,Les Corts,19,les Corts,79,4019,..,1,6
2010,4,Les Corts,19,les Corts,79,4019,..,1,7
2010,4,Les Corts,19,les Corts,79,4019,..,1,8
2010,4,Les Corts,19,les Corts,79,4019,..,1,9
2010,4,Les Corts,19,les Corts,79,4019,..,1,11
2010,4,Les Corts,19,les Corts,79,4019,..,1,12
2010,4,Les Corts,19,les Corts,79,4019,..,1,13
2010,4,Les Corts,19,les Corts,79,4019,..,1,18
2010,4,Les Corts,19,les Corts,79,4019,..,2,0
2010,4,Les Corts,19,les Corts,79,4019,..,2,3
2010,4,Les Corts,19,les Corts,79,4019,..,2,4
2010,4,Les Corts,19,les Corts,79,4019,6,2,5
2010,4,Les Corts,19,les Corts,79,4019,..,2,6
2010,4,Les Corts,19,les Corts,79,4019,..,2,7
2010,4,Les Corts,19,les Corts,79,4019,..,2,8
2010,4,Les Corts,19,les Corts,79,4019,..,2,9
2010,4,Les Corts,19,les Corts,79,4019,..,2,11
2010,4,Les Corts,19,les Corts,79,4019,..,2,12
2010,4,Les Corts,19,les Corts,79,4019,..,2,13
2010,4,Les Corts,19,les Corts,79,4019,..,2,15
2010,4,Les Corts,19,les Corts,79,4019,..,2,16
2010,4,Les Corts,19,les Corts,79,4020,..,1,0
2010,4,Les Corts,19,les Corts,79,4020,7,1,4
2010,4,Les Corts,19,les Corts,79,4020,8,1,5
2010,4,Les Corts,19,les Corts,79,4020,6,1,6
2010,4,Les Corts,19,les Corts,79,4020,..,1,7
2010,4,Les Corts,19,les Corts,79,4020,..,1,8
2010,4,Les Corts,19,les Corts,79,4020,..,1,9
2010,4,Les Corts,19,les Corts,79,4020,..,1,10
2010,4,Les Corts,19,les Corts,79,4020,..,1,14
2010,4,Les Corts,19,les Corts,79,4020,..,1,16
2010,4,Les Corts,19,les Corts,79,4020,..,2,0
2010,4,Les Corts,19,les Corts,79,4020,..,2,3
2010,4,Les Corts,19,les Corts,79,4020,..,2,4
2010,4,Les Corts,19,les Corts,79,4020,8,2,5
2010,4,Les Corts,19,les Corts,79,4020,5,2,6
2010,4,Les Corts,19,les Corts,79,4020,..,2,7
2010,4,Les Corts,19,les Corts,79,4020,..,2,8
2010,4,Les Corts,19,les Corts,79,4020,..,2,10
2010,4,Les Corts,19,les Corts,79,4020,..,2,12
2010,4,Les Corts,19,les Corts,79,4021,..,1,0
2010,4,Les Corts,19,les Corts,79,4021,..,1,1
2010,4,Les Corts,19,les Corts,79,4021,..,1,2
2010,4,Les Corts,19,les Corts,79,4021,..,1,3
2010,4,Les Corts,19,les Corts,79,4021,..,1,4
2010,4,Les Corts,19,les Corts,79,4021,9,1,5
2010,4,Les Corts,19,les Corts,79,4021,6,1,6
2010,4,Les Corts,19,les Corts,79,4021,..,1,7
2010,4,Les Corts,19,les Corts,79,4021,..,1,8
2010,4,Les Corts,19,les Corts,79,4021,..,1,9
2010,4,Les Corts,19,les Corts,79,4021,..,1,10
2010,4,Les Corts,19,les Corts,79,4021,..,1,11
2010,4,Les Corts,19,les Corts,79,4021,..,1,14
2010,4,Les Corts,19,les Corts,79,4021,..,2,2
2010,4,Les Corts,19,les Corts,79,4021,..,2,4
2010,4,Les Corts,19,les Corts,79,4021,6,2,5
2010,4,Les Corts,19,les Corts,79,4021,..,2,6
2010,4,Les Corts,19,les Corts,79,4021,..,2,7
2010,4,Les Corts,19,les Corts,79,4021,..,2,8
2010,4,Les Corts,19,les Corts,79,4021,..,2,9
2010,4,Les Corts,19,les Corts,79,4021,..,2,10
2010,4,Les Corts,19,les Corts,79,4021,..,2,12
2010,4,Les Corts,19,les Corts,79,4021,..,2,13
2010,4,Les Corts,19,les Corts,79,4021,..,2,14
2010,4,Les Corts,19,les Corts,80,4022,..,1,0
2010,4,Les Corts,19,les Corts,80,4022,..,1,1
2010,4,Les Corts,19,les Corts,80,4022,..,1,3
2010,4,Les Corts,19,les Corts,80,4022,6,1,4
2010,4,Les Corts,19,les Corts,80,4022,15,1,5
2010,4,Les Corts,19,les Corts,80,4022,5,1,6
2010,4,Les Corts,19,les Corts,80,4022,6,1,7
2010,4,Les Corts,19,les Corts,80,4022,..,1,8
2010,4,Les Corts,19,les Corts,80,4022,..,1,9
2010,4,Les Corts,19,les Corts,80,4022,..,1,10
2010,4,Les Corts,19,les Corts,80,4022,..,1,11
2010,4,Les Corts,19,les Corts,80,4022,..,1,12
2010,4,Les Corts,19,les Corts,80,4022,..,1,13
2010,4,Les Corts,19,les Corts,80,4022,..,1,14
2010,4,Les Corts,19,les Corts,80,4022,..,1,15
2010,4,Les Corts,19,les Corts,80,4022,..,1,17
2010,4,Les Corts,19,les Corts,80,4022,5,2,0
2010,4,Les Corts,19,les Corts,80,4022,..,2,1
2010,4,Les Corts,19,les Corts,80,4022,..,2,3
2010,4,Les Corts,19,les Corts,80,4022,..,2,4
2010,4,Les Corts,19,les Corts,80,4022,13,2,5
2010,4,Les Corts,19,les Corts,80,4022,8,2,6
2010,4,Les Corts,19,les Corts,80,4022,..,2,7
2010,4,Les Corts,19,les Corts,80,4022,..,2,8
2010,4,Les Corts,19,les Corts,80,4022,..,2,9
2010,4,Les Corts,19,les Corts,80,4022,..,2,10
2010,4,Les Corts,19,les Corts,80,4022,..,2,13
2010,4,Les Corts,19,les Corts,80,4022,..,2,14
2010,4,Les Corts,19,les Corts,80,4022,..,2,15
2010,4,Les Corts,19,les Corts,81,4023,..,1,0
2010,4,Les Corts,19,les Corts,81,4023,..,1,1
2010,4,Les Corts,19,les Corts,81,4023,..,1,3
2010,4,Les Corts,19,les Corts,81,4023,..,1,4
2010,4,Les Corts,19,les Corts,81,4023,..,1,5
2010,4,Les Corts,19,les Corts,81,4023,..,1,6
2010,4,Les Corts,19,les Corts,81,4023,5,1,7
2010,4,Les Corts,19,les Corts,81,4023,..,1,10
2010,4,Les Corts,19,les Corts,81,4023,..,2,0
2010,4,Les Corts,19,les Corts,81,4023,..,2,1
2010,4,Les Corts,19,les Corts,81,4023,..,2,3
2010,4,Les Corts,19,les Corts,81,4023,..,2,5
2010,4,Les Corts,19,les Corts,81,4023,..,2,6
2010,4,Les Corts,19,les Corts,81,4023,..,2,7
2010,4,Les Corts,19,les Corts,81,4023,..,2,8
2010,4,Les Corts,19,les Corts,81,4023,..,2,10
2010,4,Les Corts,19,les Corts,81,4023,..,2,11
2010,4,Les Corts,19,les Corts,81,4024,..,1,0
2010,4,Les Corts,19,les Corts,81,4024,..,1,3
2010,4,Les Corts,19,les Corts,81,4024,..,1,5
2010,4,Les Corts,19,les Corts,81,4024,..,1,6
2010,4,Les Corts,19,les Corts,81,4024,..,1,7
2010,4,Les Corts,19,les Corts,81,4024,..,1,8
2010,4,Les Corts,19,les Corts,81,4024,..,1,9
2010,4,Les Corts,19,les Corts,81,4024,..,1,11
2010,4,Les Corts,19,les Corts,81,4024,..,1,12
2010,4,Les Corts,19,les Corts,81,4024,..,1,13
2010,4,Les Corts,19,les Corts,81,4024,..,1,16
2010,4,Les Corts,19,les Corts,81,4024,..,2,0
2010,4,Les Corts,19,les Corts,81,4024,..,2,2
2010,4,Les Corts,19,les Corts,81,4024,..,2,5
2010,4,Les Corts,19,les Corts,81,4024,..,2,7
2010,4,Les Corts,19,les Corts,81,4024,..,2,9
2010,4,Les Corts,19,les Corts,81,4024,..,2,10
2010,4,Les Corts,19,les Corts,81,4024,..,2,11
2010,4,Les Corts,19,les Corts,81,4024,..,2,12
2010,4,Les Corts,19,les Corts,81,4024,..,2,13
2010,4,Les Corts,19,les Corts,82,4025,..,1,0
2010,4,Les Corts,19,les Corts,82,4025,..,1,1
2010,4,Les Corts,19,les Corts,82,4025,..,1,2
2010,4,Les Corts,19,les Corts,82,4025,..,1,3
2010,4,Les Corts,19,les Corts,82,4025,..,1,4
2010,4,Les Corts,19,les Corts,82,4025,8,1,5
2010,4,Les Corts,19,les Corts,82,4025,8,1,6
2010,4,Les Corts,19,les Corts,82,4025,..,1,7
2010,4,Les Corts,19,les Corts,82,4025,..,1,8
2010,4,Les Corts,19,les Corts,82,4025,..,1,9
2010,4,Les Corts,19,les Corts,82,4025,..,2,0
2010,4,Les Corts,19,les Corts,82,4025,..,2,4
2010,4,Les Corts,19,les Corts,82,4025,9,2,5
2010,4,Les Corts,19,les Corts,82,4025,..,2,6
2010,4,Les Corts,19,les Corts,82,4025,5,2,7
2010,4,Les Corts,19,les Corts,82,4025,..,2,8
2010,4,Les Corts,19,les Corts,82,4025,..,2,9
2010,4,Les Corts,19,les Corts,82,4026,..,1,2
2010,4,Les Corts,19,les Corts,82,4026,..,1,3
2010,4,Les Corts,19,les Corts,82,4026,9,1,4
2010,4,Les Corts,19,les Corts,82,4026,12,1,5
2010,4,Les Corts,19,les Corts,82,4026,..,1,6
2010,4,Les Corts,19,les Corts,82,4026,5,1,7
2010,4,Les Corts,19,les Corts,82,4026,..,1,8
2010,4,Les Corts,19,les Corts,82,4026,..,1,10
2010,4,Les Corts,19,les Corts,82,4026,..,1,13
2010,4,Les Corts,19,les Corts,82,4026,..,1,14
2010,4,Les Corts,19,les Corts,82,4026,..,2,0
2010,4,Les Corts,19,les Corts,82,4026,5,2,4
2010,4,Les Corts,19,les Corts,82,4026,7,2,5
2010,4,Les Corts,19,les Corts,82,4026,..,2,6
2010,4,Les Corts,19,les Corts,82,4026,5,2,7
2010,4,Les Corts,19,les Corts,82,4026,..,2,8
2010,4,Les Corts,19,les Corts,82,4026,..,2,9
2010,4,Les Corts,19,les Corts,82,4026,..,2,12
2010,4,Les Corts,19,les Corts,82,4026,..,2,13
2010,4,Les Corts,19,les Corts,82,4026,..,2,14
2010,4,Les Corts,19,les Corts,82,4027,..,1,0
2010,4,Les Corts,19,les Corts,82,4027,..,1,1
2010,4,Les Corts,19,les Corts,82,4027,..,1,4
2010,4,Les Corts,19,les Corts,82,4027,7,1,5
2010,4,Les Corts,19,les Corts,82,4027,6,1,6
2010,4,Les Corts,19,les Corts,82,4027,..,1,7
2010,4,Les Corts,19,les Corts,82,4027,..,1,8
2010,4,Les Corts,19,les Corts,82,4027,..,1,9
2010,4,Les Corts,19,les Corts,82,4027,..,1,10
2010,4,Les Corts,19,les Corts,82,4027,..,1,11
2010,4,Les Corts,19,les Corts,82,4027,..,1,12
2010,4,Les Corts,19,les Corts,82,4027,..,1,13
2010,4,Les Corts,19,les Corts,82,4027,..,1,16
2010,4,Les Corts,19,les Corts,82,4027,..,2,0
2010,4,Les Corts,19,les Corts,82,4027,..,2,1
2010,4,Les Corts,19,les Corts,82,4027,..,2,3
2010,4,Les Corts,19,les Corts,82,4027,..,2,4
2010,4,Les Corts,19,les Corts,82,4027,..,2,5
2010,4,Les Corts,19,les Corts,82,4027,5,2,6
2010,4,Les Corts,19,les Corts,82,4027,..,2,7
2010,4,Les Corts,19,les Corts,82,4027,..,2,8
2010,4,Les Corts,19,les Corts,82,4027,..,2,9
2010,4,Les Corts,19,les Corts,82,4027,..,2,10
2010,4,Les Corts,19,les Corts,82,4027,..,2,12
2010,4,Les Corts,19,les Corts,82,4027,..,2,13
2010,4,Les Corts,19,les Corts,82,4027,..,2,15
2010,4,Les Corts,19,les Corts,83,4028,..,1,0
2010,4,Les Corts,19,les Corts,83,4028,..,1,1
2010,4,Les Corts,19,les Corts,83,4028,7,1,3
2010,4,Les Corts,19,les Corts,83,4028,7,1,4
2010,4,Les Corts,19,les Corts,83,4028,8,1,5
2010,4,Les Corts,19,les Corts,83,4028,6,1,6
2010,4,Les Corts,19,les Corts,83,4028,..,1,7
2010,4,Les Corts,19,les Corts,83,4028,..,1,8
2010,4,Les Corts,19,les Corts,83,4028,..,1,9
2010,4,Les Corts,19,les Corts,83,4028,..,1,10
2010,4,Les Corts,19,les Corts,83,4028,..,1,11
2010,4,Les Corts,19,les Corts,83,4028,..,1,12
2010,4,Les Corts,19,les Corts,83,4028,..,1,13
2010,4,Les Corts,19,les Corts,83,4028,..,1,15
2010,4,Les Corts,19,les Corts,83,4028,..,1,16
2010,4,Les Corts,19,les Corts,83,4028,..,1,17
2010,4,Les Corts,19,les Corts,83,4028,..,1,18
2010,4,Les Corts,19,les Corts,83,4028,..,2,0
2010,4,Les Corts,19,les Corts,83,4028,..,2,1
2010,4,Les Corts,19,les Corts,83,4028,..,2,2
2010,4,Les Corts,19,les Corts,83,4028,..,2,4
2010,4,Les Corts,19,les Corts,83,4028,7,2,5
2010,4,Les Corts,19,les Corts,83,4028,..,2,6
2010,4,Les Corts,19,les Corts,83,4028,5,2,7
2010,4,Les Corts,19,les Corts,83,4028,..,2,8
2010,4,Les Corts,19,les Corts,83,4028,..,2,9
2010,4,Les Corts,19,les Corts,83,4028,..,2,10
2010,4,Les Corts,19,les Corts,83,4028,..,2,11
2010,4,Les Corts,19,les Corts,83,4028,..,2,12
2010,4,Les Corts,19,les Corts,83,4028,..,2,14
2010,4,Les Corts,19,les Corts,83,4028,..,2,15
2010,4,Les Corts,19,les Corts,83,4028,..,2,16
2010,4,Les Corts,19,les Corts,83,4028,..,2,18
2010,4,Les Corts,19,les Corts,83,4029,..,1,1
2010,4,Les Corts,19,les Corts,83,4029,..,1,2
2010,4,Les Corts,19,les Corts,83,4029,..,1,4
2010,4,Les Corts,19,les Corts,83,4029,7,1,5
2010,4,Les Corts,19,les Corts,83,4029,5,1,6
2010,4,Les Corts,19,les Corts,83,4029,..,1,7
2010,4,Les Corts,19,les Corts,83,4029,..,1,8
2010,4,Les Corts,19,les Corts,83,4029,..,1,9
2010,4,Les Corts,19,les Corts,83,4029,..,1,10
2010,4,Les Corts,19,les Corts,83,4029,..,1,11
2010,4,Les Corts,19,les Corts,83,4029,..,1,13
2010,4,Les Corts,19,les Corts,83,4029,..,1,14
2010,4,Les Corts,19,les Corts,83,4029,..,1,17
2010,4,Les Corts,19,les Corts,83,4029,6,2,0
2010,4,Les Corts,19,les Corts,83,4029,..,2,1
2010,4,Les Corts,19,les Corts,83,4029,..,2,3
2010,4,Les Corts,19,les Corts,83,4029,6,2,5
2010,4,Les Corts,19,les Corts,83,4029,7,2,6
2010,4,Les Corts,19,les Corts,83,4029,..,2,7
2010,4,Les Corts,19,les Corts,83,4029,..,2,8
2010,4,Les Corts,19,les Corts,83,4029,..,2,9
2010,4,Les Corts,19,les Corts,83,4029,..,2,10
2010,4,Les Corts,19,les Corts,83,4029,..,2,11
2010,4,Les Corts,19,les Corts,83,4029,..,2,14
2010,4,Les Corts,19,les Corts,83,4029,..,2,16
2010,4,Les Corts,19,les Corts,83,4030,6,1,0
2010,4,Les Corts,19,les Corts,83,4030,..,1,1
2010,4,Les Corts,19,les Corts,83,4030,..,1,3
2010,4,Les Corts,19,les Corts,83,4030,..,1,4
2010,4,Les Corts,19,les Corts,83,4030,8,1,5
2010,4,Les Corts,19,les Corts,83,4030,7,1,6
2010,4,Les Corts,19,les Corts,83,4030,9,1,7
2010,4,Les Corts,19,les Corts,83,4030,..,1,8
2010,4,Les Corts,19,les Corts,83,4030,..,1,9
2010,4,Les Corts,19,les Corts,83,4030,..,1,11
2010,4,Les Corts,19,les Corts,83,4030,..,1,12
2010,4,Les Corts,19,les Corts,83,4030,..,2,0
2010,4,Les Corts,19,les Corts,83,4030,..,2,1
2010,4,Les Corts,19,les Corts,83,4030,..,2,3
2010,4,Les Corts,19,les Corts,83,4030,5,2,4
2010,4,Les Corts,19,les Corts,83,4030,8,2,5
2010,4,Les Corts,19,les Corts,83,4030,7,2,6
2010,4,Les Corts,19,les Corts,83,4030,6,2,7
2010,4,Les Corts,19,les Corts,83,4030,..,2,8
2010,4,Les Corts,19,les Corts,83,4030,..,2,9
2010,4,Les Corts,19,les Corts,83,4030,..,2,10
2010,4,Les Corts,19,les Corts,83,4030,..,2,11
2010,4,Les Corts,19,les Corts,83,4030,..,2,12
2010,4,Les Corts,19,les Corts,83,4030,..,2,14
2010,4,Les Corts,19,les Corts,84,4031,..,1,0
2010,4,Les Corts,19,les Corts,84,4031,..,1,1
2010,4,Les Corts,19,les Corts,84,4031,..,1,2
2010,4,Les Corts,19,les Corts,84,4031,5,1,3
2010,4,Les Corts,19,les Corts,84,4031,24,1,4
2010,4,Les Corts,19,les Corts,84,4031,46,1,5
2010,4,Les Corts,19,les Corts,84,4031,30,1,6
2010,4,Les Corts,19,les Corts,84,4031,14,1,7
2010,4,Les Corts,19,les Corts,84,4031,11,1,8
2010,4,Les Corts,19,les Corts,84,4031,10,1,9
2010,4,Les Corts,19,les Corts,84,4031,5,1,10
2010,4,Les Corts,19,les Corts,84,4031,5,1,12
2010,4,Les Corts,19,les Corts,84,4031,..,1,14
2010,4,Les Corts,19,les Corts,84,4031,..,1,16
2010,4,Les Corts,19,les Corts,84,4031,9,2,0
2010,4,Les Corts,19,les Corts,84,4031,..,2,1
2010,4,Les Corts,19,les Corts,84,4031,..,2,2
2010,4,Les Corts,19,les Corts,84,4031,12,2,3
2010,4,Les Corts,19,les Corts,84,4031,81,2,4
2010,4,Les Corts,19,les Corts,84,4031,139,2,5
2010,4,Les Corts,19,les Corts,84,4031,116,2,6
2010,4,Les Corts,19,les Corts,84,4031,62,2,7
2010,4,Les Corts,19,les Corts,84,4031,35,2,8
2010,4,Les Corts,19,les Corts,84,4031,25,2,9
2010,4,Les Corts,19,les Corts,84,4031,8,2,10
2010,4,Les Corts,19,les Corts,84,4031,6,2,11
2010,4,Les Corts,19,les Corts,84,4031,..,2,12
2010,4,Les Corts,19,les Corts,84,4031,..,2,13
2010,4,Les Corts,19,les Corts,84,4031,..,2,17
2010,4,Les Corts,19,les Corts,84,4032,..,1,3
2010,4,Les Corts,19,les Corts,84,4032,7,1,4
2010,4,Les Corts,19,les Corts,84,4032,10,1,5
2010,4,Les Corts,19,les Corts,84,4032,5,1,6
2010,4,Les Corts,19,les Corts,84,4032,..,1,7
2010,4,Les Corts,19,les Corts,84,4032,..,1,8
2010,4,Les Corts,19,les Corts,84,4032,..,1,9
2010,4,Les Corts,19,les Corts,84,4032,..,1,10
2010,4,Les Corts,19,les Corts,84,4032,..,1,11
2010,4,Les Corts,19,les Corts,84,4032,..,2,0
2010,4,Les Corts,19,les Corts,84,4032,..,2,2
2010,4,Les Corts,19,les Corts,84,4032,..,2,3
2010,4,Les Corts,19,les Corts,84,4032,..,2,4
2010,4,Les Corts,19,les Corts,84,4032,5,2,5
2010,4,Les Corts,19,les Corts,84,4032,..,2,6
2010,4,Les Corts,19,les Corts,84,4032,..,2,7
2010,4,Les Corts,19,les Corts,84,4032,..,2,8
2010,4,Les Corts,19,les Corts,84,4032,..,2,10
2010,4,Les Corts,19,les Corts,84,4032,..,2,11
2010,4,Les Corts,19,les Corts,84,4032,..,2,12
2010,4,Les Corts,19,les Corts,84,4032,..,2,17
2010,4,Les Corts,19,les Corts,84,4033,..,1,0
2010,4,Les Corts,19,les Corts,84,4033,..,1,2
2010,4,Les Corts,19,les Corts,84,4033,..,1,4
2010,4,Les Corts,19,les Corts,84,4033,6,1,5
2010,4,Les Corts,19,les Corts,84,4033,..,1,6
2010,4,Les Corts,19,les Corts,84,4033,6,1,7
2010,4,Les Corts,19,les Corts,84,4033,..,1,8
2010,4,Les Corts,19,les Corts,84,4033,..,1,9
2010,4,Les Corts,19,les Corts,84,4033,..,1,10
2010,4,Les Corts,19,les Corts,84,4033,..,1,11
2010,4,Les Corts,19,les Corts,84,4033,..,1,12
2010,4,Les Corts,19,les Corts,84,4033,..,1,16
2010,4,Les Corts,19,les Corts,84,4033,..,2,0
2010,4,Les Corts,19,les Corts,84,4033,..,2,1
2010,4,Les Corts,19,les Corts,84,4033,..,2,4
2010,4,Les Corts,19,les Corts,84,4033,..,2,5
2010,4,Les Corts,19,les Corts,84,4033,6,2,6
2010,4,Les Corts,19,les Corts,84,4033,..,2,7
2010,4,Les Corts,19,les Corts,84,4033,..,2,8
2010,4,Les Corts,19,les Corts,84,4033,..,2,9
2010,4,Les Corts,19,les Corts,84,4033,..,2,10
2010,4,Les Corts,19,les Corts,84,4033,..,2,14
2010,4,Les Corts,19,les Corts,84,4034,..,1,0
2010,4,Les Corts,19,les Corts,84,4034,..,1,1
2010,4,Les Corts,19,les Corts,84,4034,..,1,2
2010,4,Les Corts,19,les Corts,84,4034,..,1,4
2010,4,Les Corts,19,les Corts,84,4034,6,1,5
2010,4,Les Corts,19,les Corts,84,4034,..,1,6
2010,4,Les Corts,19,les Corts,84,4034,..,1,7
2010,4,Les Corts,19,les Corts,84,4034,..,1,8
2010,4,Les Corts,19,les Corts,84,4034,..,1,11
2010,4,Les Corts,19,les Corts,84,4034,..,1,13
2010,4,Les Corts,19,les Corts,84,4034,..,1,14
2010,4,Les Corts,19,les Corts,84,4034,..,2,1
2010,4,Les Corts,19,les Corts,84,4034,..,2,2
2010,4,Les Corts,19,les Corts,84,4034,..,2,3
2010,4,Les Corts,19,les Corts,84,4034,..,2,4
2010,4,Les Corts,19,les Corts,84,4034,..,2,5
2010,4,Les Corts,19,les Corts,84,4034,..,2,6
2010,4,Les Corts,19,les Corts,84,4034,..,2,7
2010,4,Les Corts,19,les Corts,84,4034,..,2,8
2010,4,Les Corts,19,les Corts,84,4034,..,2,11
2010,4,Les Corts,19,les Corts,84,4034,..,2,15
2010,4,Les Corts,19,les Corts,84,4035,5,1,0
2010,4,Les Corts,19,les Corts,84,4035,..,1,2
2010,4,Les Corts,19,les Corts,84,4035,..,1,3
2010,4,Les Corts,19,les Corts,84,4035,5,1,4
2010,4,Les Corts,19,les Corts,84,4035,6,1,5
2010,4,Les Corts,19,les Corts,84,4035,6,1,6
2010,4,Les Corts,19,les Corts,84,4035,7,1,7
2010,4,Les Corts,19,les Corts,84,4035,..,1,8
2010,4,Les Corts,19,les Corts,84,4035,..,1,13
2010,4,Les Corts,19,les Corts,84,4035,..,2,0
2010,4,Les Corts,19,les Corts,84,4035,..,2,1
2010,4,Les Corts,19,les Corts,84,4035,..,2,4
2010,4,Les Corts,19,les Corts,84,4035,6,2,5
2010,4,Les Corts,19,les Corts,84,4035,8,2,6
2010,4,Les Corts,19,les Corts,84,4035,7,2,7
2010,4,Les Corts,19,les Corts,84,4035,..,2,8
2010,4,Les Corts,19,les Corts,84,4035,..,2,11
2010,4,Les Corts,19,les Corts,84,4035,..,2,12
2010,4,Les Corts,19,les Corts,84,4035,..,2,13
2010,4,Les Corts,20,la Maternitat i Sant Ramon,85,4036,..,1,0
2010,4,Les Corts,20,la Maternitat i Sant Ramon,85,4036,..,1,2
2010,4,Les Corts,20,la Maternitat i Sant Ramon,85,4036,..,1,4
2010,4,Les Corts,20,la Maternitat i Sant Ramon,85,4036,11,1,5
2010,4,Les Corts,20,la Maternitat i Sant Ramon,85,4036,5,1,6
2010,4,Les Corts,20,la Maternitat i Sant Ramon,85,4036,8,1,7
2010,4,Les Corts,20,la Maternitat i Sant Ramon,85,4036,..,1,9
2010,4,Les Corts,20,la Maternitat i Sant Ramon,85,4036,..,1,10
2010,4,Les Corts,20,la Maternitat i Sant Ramon,85,4036,..,1,11
2010,4,Les Corts,20,la Maternitat i Sant Ramon,85,4036,..,1,13
2010,4,Les Corts,20,la Maternitat i Sant Ramon,85,4036,..,1,16
2010,4,Les Corts,20,la Maternitat i Sant Ramon,85,4036,..,1,18
2010,4,Les Corts,20,la Maternitat i Sant Ramon,85,4036,..,2,0
2010,4,Les Corts,20,la Maternitat i Sant Ramon,85,4036,..,2,1
2010,4,Les Corts,20,la Maternitat i Sant Ramon,85,4036,..,2,3
2010,4,Les Corts,20,la Maternitat i Sant Ramon,85,4036,..,2,4
2010,4,Les Corts,20,la Maternitat i Sant Ramon,85,4036,8,2,5
2010,4,Les Corts,20,la Maternitat i Sant Ramon,85,4036,9,2,6
2010,4,Les Corts,20,la Maternitat i Sant Ramon,85,4036,7,2,7
2010,4,Les Corts,20,la Maternitat i Sant Ramon,85,4036,..,2,8
2010,4,Les Corts,20,la Maternitat i Sant Ramon,85,4036,..,2,9
2010,4,Les Corts,20,la Maternitat i Sant Ramon,85,4036,..,2,10
2010,4,Les Corts,20,la Maternitat i Sant Ramon,85,4036,..,2,11
2010,4,Les Corts,20,la Maternitat i Sant Ramon,85,4036,..,2,12
2010,4,Les Corts,20,la Maternitat i Sant Ramon,85,4036,..,2,13
2010,4,Les Corts,20,la Maternitat i Sant Ramon,85,4037,..,1,2
2010,4,Les Corts,20,la Maternitat i Sant Ramon,85,4037,..,1,4
2010,4,Les Corts,20,la Maternitat i Sant Ramon,85,4037,14,1,5
2010,4,Les Corts,20,la Maternitat i Sant Ramon,85,4037,5,1,6
2010,4,Les Corts,20,la Maternitat i Sant Ramon,85,4037,..,1,7
2010,4,Les Corts,20,la Maternitat i Sant Ramon,85,4037,..,1,10
2010,4,Les Corts,20,la Maternitat i Sant Ramon,85,4037,..,1,11
2010,4,Les Corts,20,la Maternitat i Sant Ramon,85,4037,..,1,13
2010,4,Les Corts,20,la Maternitat i Sant Ramon,85,4037,..,1,15
2010,4,Les Corts,20,la Maternitat i Sant Ramon,85,4037,..,2,1
2010,4,Les Corts,20,la Maternitat i Sant Ramon,85,4037,..,2,2
2010,4,Les Corts,20,la Maternitat i Sant Ramon,85,4037,..,2,3
2010,4,Les Corts,20,la Maternitat i Sant Ramon,85,4037,..,2,4
2010,4,Les Corts,20,la Maternitat i Sant Ramon,85,4037,7,2,5
2010,4,Les Corts,20,la Maternitat i Sant Ramon,85,4037,..,2,6
2010,4,Les Corts,20,la Maternitat i Sant Ramon,85,4037,..,2,7
2010,4,Les Corts,20,la Maternitat i Sant Ramon,85,4037,..,2,8
2010,4,Les Corts,20,la Maternitat i Sant Ramon,85,4037,..,2,10
2010,4,Les Corts,20,la Maternitat i Sant Ramon,85,4037,..,2,12
2010,4,Les Corts,20,la Maternitat i Sant Ramon,85,4037,..,2,13
2010,4,Les Corts,20,la Maternitat i Sant Ramon,85,4037,..,2,15
2010,4,Les Corts,20,la Maternitat i Sant Ramon,85,4038,..,1,0
2010,4,Les Corts,20,la Maternitat i Sant Ramon,85,4038,..,1,1
2010,4,Les Corts,20,la Maternitat i Sant Ramon,85,4038,..,1,2
2010,4,Les Corts,20,la Maternitat i Sant Ramon,85,4038,6,1,4
2010,4,Les Corts,20,la Maternitat i Sant Ramon,85,4038,7,1,5
2010,4,Les Corts,20,la Maternitat i Sant Ramon,85,4038,6,1,6
2010,4,Les Corts,20,la Maternitat i Sant Ramon,85,4038,..,1,7
2010,4,Les Corts,20,la Maternitat i Sant Ramon,85,4038,..,1,8
2010,4,Les Corts,20,la Maternitat i Sant Ramon,85,4038,..,1,9
2010,4,Les Corts,20,la Maternitat i Sant Ramon,85,4038,..,1,11
2010,4,Les Corts,20,la Maternitat i Sant Ramon,85,4038,..,1,18
2010,4,Les Corts,20,la Maternitat i Sant Ramon,85,4038,..,2,0
2010,4,Les Corts,20,la Maternitat i Sant Ramon,85,4038,..,2,1
2010,4,Les Corts,20,la Maternitat i Sant Ramon,85,4038,..,2,4
2010,4,Les Corts,20,la Maternitat i Sant Ramon,85,4038,..,2,5
2010,4,Les Corts,20,la Maternitat i Sant Ramon,85,4038,..,2,6
2010,4,Les Corts,20,la Maternitat i Sant Ramon,85,4038,..,2,7
2010,4,Les Corts,20,la Maternitat i Sant Ramon,85,4038,..,2,8
2010,4,Les Corts,20,la Maternitat i Sant Ramon,85,4038,..,2,9
2010,4,Les Corts,20,la Maternitat i Sant Ramon,85,4038,..,2,10
2010,4,Les Corts,20,la Maternitat i Sant Ramon,85,4038,..,2,16
2010,4,Les Corts,20,la Maternitat i Sant Ramon,85,4039,..,1,0
2010,4,Les Corts,20,la Maternitat i Sant Ramon,85,4039,..,1,1
2010,4,Les Corts,20,la Maternitat i Sant Ramon,85,4039,..,1,3
2010,4,Les Corts,20,la Maternitat i Sant Ramon,85,4039,8,1,4
2010,4,Les Corts,20,la Maternitat i Sant Ramon,85,4039,11,1,5
2010,4,Les Corts,20,la Maternitat i Sant Ramon,85,4039,..,1,6
2010,4,Les Corts,20,la Maternitat i Sant Ramon,85,4039,..,1,8
2010,4,Les Corts,20,la Maternitat i Sant Ramon,85,4039,..,1,9
2010,4,Les Corts,20,la Maternitat i Sant Ramon,85,4039,..,1,11
2010,4,Les Corts,20,la Maternitat i Sant Ramon,85,4039,..,1,15
2010,4,Les Corts,20,la Maternitat i Sant Ramon,85,4039,..,1,16
2010,4,Les Corts,20,la Maternitat i Sant Ramon,85,4039,..,2,0
2010,4,Les Corts,20,la Maternitat i Sant Ramon,85,4039,..,2,1
2010,4,Les Corts,20,la Maternitat i Sant Ramon,85,4039,..,2,2
2010,4,Les Corts,20,la Maternitat i Sant Ramon,85,4039,6,2,4
2010,4,Les Corts,20,la Maternitat i Sant Ramon,85,4039,8,2,5
2010,4,Les Corts,20,la Maternitat i Sant Ramon,85,4039,9,2,6
2010,4,Les Corts,20,la Maternitat i Sant Ramon,85,4039,5,2,7
2010,4,Les Corts,20,la Maternitat i Sant Ramon,85,4039,..,2,8
2010,4,Les Corts,20,la Maternitat i Sant Ramon,85,4039,..,2,9
2010,4,Les Corts,20,la Maternitat i Sant Ramon,85,4039,..,2,11
2010,4,Les Corts,20,la Maternitat i Sant Ramon,85,4039,..,2,13
2010,4,Les Corts,20,la Maternitat i Sant Ramon,85,4039,..,2,16
2010,4,Les Corts,20,la Maternitat i Sant Ramon,85,4040,..,1,0
2010,4,Les Corts,20,la Maternitat i Sant Ramon,85,4040,..,1,1
2010,4,Les Corts,20,la Maternitat i Sant Ramon,85,4040,..,1,2
2010,4,Les Corts,20,la Maternitat i Sant Ramon,85,4040,..,1,3
2010,4,Les Corts,20,la Maternitat i Sant Ramon,85,4040,..,1,4
2010,4,Les Corts,20,la Maternitat i Sant Ramon,85,4040,18,1,5
2010,4,Les Corts,20,la Maternitat i Sant Ramon,85,4040,16,1,6
2010,4,Les Corts,20,la Maternitat i Sant Ramon,85,4040,..,1,7
2010,4,Les Corts,20,la Maternitat i Sant Ramon,85,4040,..,1,8
2010,4,Les Corts,20,la Maternitat i Sant Ramon,85,4040,..,1,9
2010,4,Les Corts,20,la Maternitat i Sant Ramon,85,4040,..,1,10
2010,4,Les Corts,20,la Maternitat i Sant Ramon,85,4040,..,1,15
2010,4,Les Corts,20,la Maternitat i Sant Ramon,85,4040,..,1,16
2010,4,Les Corts,20,la Maternitat i Sant Ramon,85,4040,..,2,0
2010,4,Les Corts,20,la Maternitat i Sant Ramon,85,4040,..,2,1
2010,4,Les Corts,20,la Maternitat i Sant Ramon,85,4040,..,2,2
2010,4,Les Corts,20,la Maternitat i Sant Ramon,85,4040,..,2,3
2010,4,Les Corts,20,la Maternitat i Sant Ramon,85,4040,6,2,4
2010,4,Les Corts,20,la Maternitat i Sant Ramon,85,4040,16,2,5
2010,4,Les Corts,20,la Maternitat i Sant Ramon,85,4040,6,2,6
2010,4,Les Corts,20,la Maternitat i Sant Ramon,85,4040,7,2,7
2010,4,Les Corts,20,la Maternitat i Sant Ramon,85,4040,5,2,8
2010,4,Les Corts,20,la Maternitat i Sant Ramon,85,4040,..,2,9
2010,4,Les Corts,20,la Maternitat i Sant Ramon,85,4040,..,2,10
2010,4,Les Corts,20,la Maternitat i Sant Ramon,85,4040,..,2,11
2010,4,Les Corts,20,la Maternitat i Sant Ramon,85,4040,..,2,17
2010,4,Les Corts,20,la Maternitat i Sant Ramon,85,4041,..,1,0
2010,4,Les Corts,20,la Maternitat i Sant Ramon,85,4041,13,1,4
2010,4,Les Corts,20,la Maternitat i Sant Ramon,85,4041,19,1,5
2010,4,Les Corts,20,la Maternitat i Sant Ramon,85,4041,7,1,6
2010,4,Les Corts,20,la Maternitat i Sant Ramon,85,4041,5,1,7
2010,4,Les Corts,20,la Maternitat i Sant Ramon,85,4041,..,1,8
2010,4,Les Corts,20,la Maternitat i Sant Ramon,85,4041,..,1,9
2010,4,Les Corts,20,la Maternitat i Sant Ramon,85,4041,..,1,10
2010,4,Les Corts,20,la Maternitat i Sant Ramon,85,4041,..,1,11
2010,4,Les Corts,20,la Maternitat i Sant Ramon,85,4041,..,1,12
2010,4,Les Corts,20,la Maternitat i Sant Ramon,85,4041,..,1,14
2010,4,Les Corts,20,la Maternitat i Sant Ramon,85,4041,..,1,15
2010,4,Les Corts,20,la Maternitat i Sant Ramon,85,4041,..,1,18
2010,4,Les Corts,20,la Maternitat i Sant Ramon,85,4041,..,2,0
2010,4,Les Corts,20,la Maternitat i Sant Ramon,85,4041,..,2,3
2010,4,Les Corts,20,la Maternitat i Sant Ramon,85,4041,10,2,4
2010,4,Les Corts,20,la Maternitat i Sant Ramon,85,4041,12,2,5
2010,4,Les Corts,20,la Maternitat i Sant Ramon,85,4041,11,2,6
2010,4,Les Corts,20,la Maternitat i Sant Ramon,85,4041,6,2,7
2010,4,Les Corts,20,la Maternitat i Sant Ramon,85,4041,..,2,8
2010,4,Les Corts,20,la Maternitat i Sant Ramon,85,4041,..,2,10
2010,4,Les Corts,20,la Maternitat i Sant Ramon,85,4041,..,2,13
2010,4,Les Corts,20,la Maternitat i Sant Ramon,85,4041,..,2,14
2010,4,Les Corts,20,la Maternitat i Sant Ramon,85,4041,..,2,19
2010,4,Les Corts,20,la Maternitat i Sant Ramon,85,4042,..,1,0
2010,4,Les Corts,20,la Maternitat i Sant Ramon,85,4042,..,1,2
2010,4,Les Corts,20,la Maternitat i Sant Ramon,85,4042,..,1,3
2010,4,Les Corts,20,la Maternitat i Sant Ramon,85,4042,11,1,4
2010,4,Les Corts,20,la Maternitat i Sant Ramon,85,4042,10,1,5
2010,4,Les Corts,20,la Maternitat i Sant Ramon,85,4042,11,1,6
2010,4,Les Corts,20,la Maternitat i Sant Ramon,85,4042,5,1,7
2010,4,Les Corts,20,la Maternitat i Sant Ramon,85,4042,11,1,8
2010,4,Les Corts,20,la Maternitat i Sant Ramon,85,4042,..,1,9
2010,4,Les Corts,20,la Maternitat i Sant Ramon,85,4042,..,1,10
2010,4,Les Corts,20,la Maternitat i Sant Ramon,85,4042,..,1,11
2010,4,Les Corts,20,la Maternitat i Sant Ramon,85,4042,..,1,13
2010,4,Les Corts,20,la Maternitat i Sant Ramon,85,4042,..,1,14
2010,4,Les Corts,20,la Maternitat i Sant Ramon,85,4042,..,1,17
2010,4,Les Corts,20,la Maternitat i Sant Ramon,85,4042,..,2,0
2010,4,Les Corts,20,la Maternitat i Sant Ramon,85,4042,..,2,1
2010,4,Les Corts,20,la Maternitat i Sant Ramon,85,4042,..,2,2
2010,4,Les Corts,20,la Maternitat i Sant Ramon,85,4042,..,2,3
2010,4,Les Corts,20,la Maternitat i Sant Ramon,85,4042,10,2,4
2010,4,Les Corts,20,la Maternitat i Sant Ramon,85,4042,10,2,5
2010,4,Les Corts,20,la Maternitat i Sant Ramon,85,4042,11,2,6
2010,4,Les Corts,20,la Maternitat i Sant Ramon,85,4042,5,2,7
2010,4,Les Corts,20,la Maternitat i Sant Ramon,85,4042,..,2,8
2010,4,Les Corts,20,la Maternitat i Sant Ramon,85,4042,..,2,10
2010,4,Les Corts,20,la Maternitat i Sant Ramon,85,4042,..,2,11
2010,4,Les Corts,20,la Maternitat i Sant Ramon,85,4042,..,2,12
2010,4,Les Corts,20,la Maternitat i Sant Ramon,85,4042,..,2,14
2010,4,Les Corts,20,la Maternitat i Sant Ramon,86,4043,..,1,0
2010,4,Les Corts,20,la Maternitat i Sant Ramon,86,4043,..,1,3
2010,4,Les Corts,20,la Maternitat i Sant Ramon,86,4043,..,1,4
2010,4,Les Corts,20,la Maternitat i Sant Ramon,86,4043,8,1,5
2010,4,Les Corts,20,la Maternitat i Sant Ramon,86,4043,9,1,6
2010,4,Les Corts,20,la Maternitat i Sant Ramon,86,4043,..,1,8
2010,4,Les Corts,20,la Maternitat i Sant Ramon,86,4043,..,1,9
2010,4,Les Corts,20,la Maternitat i Sant Ramon,86,4043,..,1,10
2010,4,Les Corts,20,la Maternitat i Sant Ramon,86,4043,..,1,11
2010,4,Les Corts,20,la Maternitat i Sant Ramon,86,4043,..,1,13
2010,4,Les Corts,20,la Maternitat i Sant Ramon,86,4043,..,1,14
2010,4,Les Corts,20,la Maternitat i Sant Ramon,86,4043,..,1,16
2010,4,Les Corts,20,la Maternitat i Sant Ramon,86,4043,..,2,0
2010,4,Les Corts,20,la Maternitat i Sant Ramon,86,4043,..,2,4
2010,4,Les Corts,20,la Maternitat i Sant Ramon,86,4043,10,2,5
2010,4,Les Corts,20,la Maternitat i Sant Ramon,86,4043,5,2,6
2010,4,Les Corts,20,la Maternitat i Sant Ramon,86,4043,..,2,7
2010,4,Les Corts,20,la Maternitat i Sant Ramon,86,4043,..,2,9
2010,4,Les Corts,20,la Maternitat i Sant Ramon,86,4043,..,2,10
2010,4,Les Corts,20,la Maternitat i Sant Ramon,86,4043,..,2,11
2010,4,Les Corts,20,la Maternitat i Sant Ramon,86,4043,..,2,12
2010,4,Les Corts,20,la Maternitat i Sant Ramon,86,4043,..,2,13
2010,4,Les Corts,20,la Maternitat i Sant Ramon,86,4044,..,1,0
2010,4,Les Corts,20,la Maternitat i Sant Ramon,86,4044,..,1,1
2010,4,Les Corts,20,la Maternitat i Sant Ramon,86,4044,..,1,2
2010,4,Les Corts,20,la Maternitat i Sant Ramon,86,4044,..,1,3
2010,4,Les Corts,20,la Maternitat i Sant Ramon,86,4044,5,1,4
2010,4,Les Corts,20,la Maternitat i Sant Ramon,86,4044,10,1,5
2010,4,Les Corts,20,la Maternitat i Sant Ramon,86,4044,8,1,6
2010,4,Les Corts,20,la Maternitat i Sant Ramon,86,4044,..,1,7
2010,4,Les Corts,20,la Maternitat i Sant Ramon,86,4044,..,1,8
2010,4,Les Corts,20,la Maternitat i Sant Ramon,86,4044,..,1,9
2010,4,Les Corts,20,la Maternitat i Sant Ramon,86,4044,..,1,10
2010,4,Les Corts,20,la Maternitat i Sant Ramon,86,4044,..,1,13
2010,4,Les Corts,20,la Maternitat i Sant Ramon,86,4044,..,1,14
2010,4,Les Corts,20,la Maternitat i Sant Ramon,86,4044,..,1,15
2010,4,Les Corts,20,la Maternitat i Sant Ramon,86,4044,..,1,17
2010,4,Les Corts,20,la Maternitat i Sant Ramon,86,4044,..,2,0
2010,4,Les Corts,20,la Maternitat i Sant Ramon,86,4044,..,2,1
2010,4,Les Corts,20,la Maternitat i Sant Ramon,86,4044,..,2,2
2010,4,Les Corts,20,la Maternitat i Sant Ramon,86,4044,..,2,3
2010,4,Les Corts,20,la Maternitat i Sant Ramon,86,4044,..,2,4
2010,4,Les Corts,20,la Maternitat i Sant Ramon,86,4044,8,2,5
2010,4,Les Corts,20,la Maternitat i Sant Ramon,86,4044,8,2,6
2010,4,Les Corts,20,la Maternitat i Sant Ramon,86,4044,6,2,7
2010,4,Les Corts,20,la Maternitat i Sant Ramon,86,4044,6,2,8
2010,4,Les Corts,20,la Maternitat i Sant Ramon,86,4044,..,2,9
2010,4,Les Corts,20,la Maternitat i Sant Ramon,86,4044,..,2,10
2010,4,Les Corts,20,la Maternitat i Sant Ramon,86,4044,..,2,11
2010,4,Les Corts,20,la Maternitat i Sant Ramon,86,4044,..,2,12
2010,4,Les Corts,20,la Maternitat i Sant Ramon,86,4044,..,2,15
2010,4,Les Corts,20,la Maternitat i Sant Ramon,86,4044,..,2,16
2010,4,Les Corts,20,la Maternitat i Sant Ramon,86,4044,..,2,18
2010,4,Les Corts,20,la Maternitat i Sant Ramon,86,4045,..,1,0
2010,4,Les Corts,20,la Maternitat i Sant Ramon,86,4045,..,1,1
2010,4,Les Corts,20,la Maternitat i Sant Ramon,86,4045,..,1,2
2010,4,Les Corts,20,la Maternitat i Sant Ramon,86,4045,7,1,4
2010,4,Les Corts,20,la Maternitat i Sant Ramon,86,4045,8,1,5
2010,4,Les Corts,20,la Maternitat i Sant Ramon,86,4045,6,1,6
2010,4,Les Corts,20,la Maternitat i Sant Ramon,86,4045,6,1,7
2010,4,Les Corts,20,la Maternitat i Sant Ramon,86,4045,..,1,8
2010,4,Les Corts,20,la Maternitat i Sant Ramon,86,4045,..,1,9
2010,4,Les Corts,20,la Maternitat i Sant Ramon,86,4045,..,1,10
2010,4,Les Corts,20,la Maternitat i Sant Ramon,86,4045,..,1,11
2010,4,Les Corts,20,la Maternitat i Sant Ramon,86,4045,..,1,12
2010,4,Les Corts,20,la Maternitat i Sant Ramon,86,4045,..,1,14
2010,4,Les Corts,20,la Maternitat i Sant Ramon,86,4045,..,2,0
2010,4,Les Corts,20,la Maternitat i Sant Ramon,86,4045,..,2,3
2010,4,Les Corts,20,la Maternitat i Sant Ramon,86,4045,..,2,4
2010,4,Les Corts,20,la Maternitat i Sant Ramon,86,4045,9,2,5
2010,4,Les Corts,20,la Maternitat i Sant Ramon,86,4045,8,2,6
2010,4,Les Corts,20,la Maternitat i Sant Ramon,86,4045,6,2,7
2010,4,Les Corts,20,la Maternitat i Sant Ramon,86,4045,..,2,8
2010,4,Les Corts,20,la Maternitat i Sant Ramon,86,4045,..,2,9
2010,4,Les Corts,20,la Maternitat i Sant Ramon,86,4045,..,2,10
2010,4,Les Corts,20,la Maternitat i Sant Ramon,86,4045,..,2,12
2010,4,Les Corts,20,la Maternitat i Sant Ramon,86,4045,..,2,14
2010,4,Les Corts,20,la Maternitat i Sant Ramon,86,4045,..,2,15
2010,4,Les Corts,20,la Maternitat i Sant Ramon,86,4046,..,1,0
2010,4,Les Corts,20,la Maternitat i Sant Ramon,86,4046,..,1,1
2010,4,Les Corts,20,la Maternitat i Sant Ramon,86,4046,..,1,2
2010,4,Les Corts,20,la Maternitat i Sant Ramon,86,4046,..,1,4
2010,4,Les Corts,20,la Maternitat i Sant Ramon,86,4046,10,1,5
2010,4,Les Corts,20,la Maternitat i Sant Ramon,86,4046,9,1,6
2010,4,Les Corts,20,la Maternitat i Sant Ramon,86,4046,5,1,7
2010,4,Les Corts,20,la Maternitat i Sant Ramon,86,4046,..,1,8
2010,4,Les Corts,20,la Maternitat i Sant Ramon,86,4046,..,1,10
2010,4,Les Corts,20,la Maternitat i Sant Ramon,86,4046,..,1,11
2010,4,Les Corts,20,la Maternitat i Sant Ramon,86,4046,..,1,12
2010,4,Les Corts,20,la Maternitat i Sant Ramon,86,4046,..,1,13
2010,4,Les Corts,20,la Maternitat i Sant Ramon,86,4046,..,1,16
2010,4,Les Corts,20,la Maternitat i Sant Ramon,86,4046,6,2,0
2010,4,Les Corts,20,la Maternitat i Sant Ramon,86,4046,8,2,1
2010,4,Les Corts,20,la Maternitat i Sant Ramon,86,4046,..,2,2
2010,4,Les Corts,20,la Maternitat i Sant Ramon,86,4046,..,2,3
2010,4,Les Corts,20,la Maternitat i Sant Ramon,86,4046,5,2,4
2010,4,Les Corts,20,la Maternitat i Sant Ramon,86,4046,5,2,5
2010,4,Les Corts,20,la Maternitat i Sant Ramon,86,4046,..,2,6
2010,4,Les Corts,20,la Maternitat i Sant Ramon,86,4046,9,2,7
2010,4,Les Corts,20,la Maternitat i Sant Ramon,86,4046,..,2,8
2010,4,Les Corts,20,la Maternitat i Sant Ramon,86,4046,..,2,9
2010,4,Les Corts,20,la Maternitat i Sant Ramon,86,4046,..,2,10
2010,4,Les Corts,20,la Maternitat i Sant Ramon,86,4046,..,2,12
2010,4,Les Corts,20,la Maternitat i Sant Ramon,86,4046,..,2,13
2010,4,Les Corts,20,la Maternitat i Sant Ramon,86,4047,..,1,0
2010,4,Les Corts,20,la Maternitat i Sant Ramon,86,4047,..,1,1
2010,4,Les Corts,20,la Maternitat i Sant Ramon,86,4047,6,1,2
2010,4,Les Corts,20,la Maternitat i Sant Ramon,86,4047,..,1,3
2010,4,Les Corts,20,la Maternitat i Sant Ramon,86,4047,5,1,4
2010,4,Les Corts,20,la Maternitat i Sant Ramon,86,4047,..,1,5
2010,4,Les Corts,20,la Maternitat i Sant Ramon,86,4047,5,1,6
2010,4,Les Corts,20,la Maternitat i Sant Ramon,86,4047,..,1,7
2010,4,Les Corts,20,la Maternitat i Sant Ramon,86,4047,..,1,8
2010,4,Les Corts,20,la Maternitat i Sant Ramon,86,4047,..,1,9
2010,4,Les Corts,20,la Maternitat i Sant Ramon,86,4047,..,1,10
2010,4,Les Corts,20,la Maternitat i Sant Ramon,86,4047,..,1,11
2010,4,Les Corts,20,la Maternitat i Sant Ramon,86,4047,..,1,13
2010,4,Les Corts,20,la Maternitat i Sant Ramon,86,4047,..,1,15
2010,4,Les Corts,20,la Maternitat i Sant Ramon,86,4047,..,1,16
2010,4,Les Corts,20,la Maternitat i Sant Ramon,86,4047,..,2,0
2010,4,Les Corts,20,la Maternitat i Sant Ramon,86,4047,..,2,1
2010,4,Les Corts,20,la Maternitat i Sant Ramon,86,4047,..,2,4
2010,4,Les Corts,20,la Maternitat i Sant Ramon,86,4047,9,2,5
2010,4,Les Corts,20,la Maternitat i Sant Ramon,86,4047,5,2,6
2010,4,Les Corts,20,la Maternitat i Sant Ramon,86,4047,..,2,7
2010,4,Les Corts,20,la Maternitat i Sant Ramon,86,4047,..,2,8
2010,4,Les Corts,20,la Maternitat i Sant Ramon,86,4047,..,2,9
2010,4,Les Corts,20,la Maternitat i Sant Ramon,86,4047,..,2,10
2010,4,Les Corts,20,la Maternitat i Sant Ramon,86,4047,..,2,11
2010,4,Les Corts,20,la Maternitat i Sant Ramon,86,4047,..,2,12
2010,4,Les Corts,20,la Maternitat i Sant Ramon,86,4047,..,2,13
2010,4,Les Corts,20,la Maternitat i Sant Ramon,86,4047,..,2,14
2010,4,Les Corts,20,la Maternitat i Sant Ramon,86,4047,..,2,16
2010,4,Les Corts,20,la Maternitat i Sant Ramon,87,4048,..,1,1
2010,4,Les Corts,20,la Maternitat i Sant Ramon,87,4048,..,1,3
2010,4,Les Corts,20,la Maternitat i Sant Ramon,87,4048,5,1,4
2010,4,Les Corts,20,la Maternitat i Sant Ramon,87,4048,8,1,5
2010,4,Les Corts,20,la Maternitat i Sant Ramon,87,4048,..,1,6
2010,4,Les Corts,20,la Maternitat i Sant Ramon,87,4048,..,1,7
2010,4,Les Corts,20,la Maternitat i Sant Ramon,87,4048,..,1,8
2010,4,Les Corts,20,la Maternitat i Sant Ramon,87,4048,..,1,9
2010,4,Les Corts,20,la Maternitat i Sant Ramon,87,4048,..,1,10
2010,4,Les Corts,20,la Maternitat i Sant Ramon,87,4048,..,1,11
2010,4,Les Corts,20,la Maternitat i Sant Ramon,87,4048,..,1,12
2010,4,Les Corts,20,la Maternitat i Sant Ramon,87,4048,..,2,2
2010,4,Les Corts,20,la Maternitat i Sant Ramon,87,4048,..,2,4
2010,4,Les Corts,20,la Maternitat i Sant Ramon,87,4048,5,2,5
2010,4,Les Corts,20,la Maternitat i Sant Ramon,87,4048,..,2,6
2010,4,Les Corts,20,la Maternitat i Sant Ramon,87,4048,..,2,7
2010,4,Les Corts,20,la Maternitat i Sant Ramon,87,4048,..,2,8
2010,4,Les Corts,20,la Maternitat i Sant Ramon,87,4048,..,2,9
2010,4,Les Corts,20,la Maternitat i Sant Ramon,87,4048,..,2,10
2010,4,Les Corts,20,la Maternitat i Sant Ramon,87,4048,..,2,12
2010,4,Les Corts,20,la Maternitat i Sant Ramon,87,4049,..,1,0
2010,4,Les Corts,20,la Maternitat i Sant Ramon,87,4049,..,1,1
2010,4,Les Corts,20,la Maternitat i Sant Ramon,87,4049,7,1,4
2010,4,Les Corts,20,la Maternitat i Sant Ramon,87,4049,7,1,5
2010,4,Les Corts,20,la Maternitat i Sant Ramon,87,4049,14,1,6
2010,4,Les Corts,20,la Maternitat i Sant Ramon,87,4049,..,1,7
2010,4,Les Corts,20,la Maternitat i Sant Ramon,87,4049,..,1,8
2010,4,Les Corts,20,la Maternitat i Sant Ramon,87,4049,..,1,9
2010,4,Les Corts,20,la Maternitat i Sant Ramon,87,4049,..,1,10
2010,4,Les Corts,20,la Maternitat i Sant Ramon,87,4049,..,1,11
2010,4,Les Corts,20,la Maternitat i Sant Ramon,87,4049,..,1,12
2010,4,Les Corts,20,la Maternitat i Sant Ramon,87,4049,..,2,1
2010,4,Les Corts,20,la Maternitat i Sant Ramon,87,4049,..,2,2
2010,4,Les Corts,20,la Maternitat i Sant Ramon,87,4049,..,2,3
2010,4,Les Corts,20,la Maternitat i Sant Ramon,87,4049,..,2,4
2010,4,Les Corts,20,la Maternitat i Sant Ramon,87,4049,..,2,5
2010,4,Les Corts,20,la Maternitat i Sant Ramon,87,4049,5,2,6
2010,4,Les Corts,20,la Maternitat i Sant Ramon,87,4049,..,2,7
2010,4,Les Corts,20,la Maternitat i Sant Ramon,87,4049,..,2,8
2010,4,Les Corts,20,la Maternitat i Sant Ramon,87,4049,..,2,9
2010,4,Les Corts,20,la Maternitat i Sant Ramon,87,4049,..,2,11
2010,4,Les Corts,20,la Maternitat i Sant Ramon,87,4049,..,2,12
2010,4,Les Corts,20,la Maternitat i Sant Ramon,87,4049,..,2,15
2010,4,Les Corts,20,la Maternitat i Sant Ramon,87,4084,..,1,0
2010,4,Les Corts,20,la Maternitat i Sant Ramon,87,4084,..,1,1
2010,4,Les Corts,20,la Maternitat i Sant Ramon,87,4084,..,1,3
2010,4,Les Corts,20,la Maternitat i Sant Ramon,87,4084,..,1,4
2010,4,Les Corts,20,la Maternitat i Sant Ramon,87,4084,..,1,5
2010,4,Les Corts,20,la Maternitat i Sant Ramon,87,4084,6,1,6
2010,4,Les Corts,20,la Maternitat i Sant Ramon,87,4084,..,1,7
2010,4,Les Corts,20,la Maternitat i Sant Ramon,87,4084,..,1,8
2010,4,Les Corts,20,la Maternitat i Sant Ramon,87,4084,..,1,9
2010,4,Les Corts,20,la Maternitat i Sant Ramon,87,4084,..,1,11
2010,4,Les Corts,20,la Maternitat i Sant Ramon,87,4084,..,1,12
2010,4,Les Corts,20,la Maternitat i Sant Ramon,87,4084,..,1,16
2010,4,Les Corts,20,la Maternitat i Sant Ramon,87,4084,..,2,2
2010,4,Les Corts,20,la Maternitat i Sant Ramon,87,4084,..,2,4
2010,4,Les Corts,20,la Maternitat i Sant Ramon,87,4084,5,2,5
2010,4,Les Corts,20,la Maternitat i Sant Ramon,87,4084,..,2,6
2010,4,Les Corts,20,la Maternitat i Sant Ramon,87,4084,..,2,7
2010,4,Les Corts,20,la Maternitat i Sant Ramon,87,4084,..,2,8
2010,4,Les Corts,20,la Maternitat i Sant Ramon,87,4084,..,2,9
2010,4,Les Corts,20,la Maternitat i Sant Ramon,87,4084,..,2,10
2010,4,Les Corts,20,la Maternitat i Sant Ramon,87,4084,..,2,12
2010,4,Les Corts,20,la Maternitat i Sant Ramon,87,4084,..,2,13
2010,4,Les Corts,20,la Maternitat i Sant Ramon,87,4084,..,2,17
2010,4,Les Corts,20,la Maternitat i Sant Ramon,87,4084,..,2,18
2010,4,Les Corts,21,Pedralbes,88,4050,..,1,0
2010,4,Les Corts,21,Pedralbes,88,4050,8,1,1
2010,4,Les Corts,21,Pedralbes,88,4050,..,1,3
2010,4,Les Corts,21,Pedralbes,88,4050,..,1,4
2010,4,Les Corts,21,Pedralbes,88,4050,5,1,5
2010,4,Les Corts,21,Pedralbes,88,4050,10,1,6
2010,4,Les Corts,21,Pedralbes,88,4050,5,1,7
2010,4,Les Corts,21,Pedralbes,88,4050,..,1,8
2010,4,Les Corts,21,Pedralbes,88,4050,..,1,9
2010,4,Les Corts,21,Pedralbes,88,4050,..,1,10
2010,4,Les Corts,21,Pedralbes,88,4050,..,1,11
2010,4,Les Corts,21,Pedralbes,88,4050,..,1,13
2010,4,Les Corts,21,Pedralbes,88,4050,..,1,15
2010,4,Les Corts,21,Pedralbes,88,4050,5,2,0
2010,4,Les Corts,21,Pedralbes,88,4050,..,2,1
2010,4,Les Corts,21,Pedralbes,88,4050,..,2,2
2010,4,Les Corts,21,Pedralbes,88,4050,..,2,5
2010,4,Les Corts,21,Pedralbes,88,4050,7,2,6
2010,4,Les Corts,21,Pedralbes,88,4050,9,2,7
2010,4,Les Corts,21,Pedralbes,88,4050,8,2,8
2010,4,Les Corts,21,Pedralbes,88,4050,..,2,9
2010,4,Les Corts,21,Pedralbes,88,4050,..,2,10
2010,4,Les Corts,21,Pedralbes,88,4050,..,2,11
2010,4,Les Corts,21,Pedralbes,88,4050,..,2,12
2010,4,Les Corts,21,Pedralbes,88,4050,..,2,14
2010,4,Les Corts,21,Pedralbes,88,4050,..,2,15
2010,4,Les Corts,21,Pedralbes,88,4051,..,1,1
2010,4,Les Corts,21,Pedralbes,88,4051,..,1,3
2010,4,Les Corts,21,Pedralbes,88,4051,6,1,4
2010,4,Les Corts,21,Pedralbes,88,4051,7,1,5
2010,4,Les Corts,21,Pedralbes,88,4051,..,1,6
2010,4,Les Corts,21,Pedralbes,88,4051,..,1,7
2010,4,Les Corts,21,Pedralbes,88,4051,6,1,8
2010,4,Les Corts,21,Pedralbes,88,4051,..,1,9
2010,4,Les Corts,21,Pedralbes,88,4051,..,1,10
2010,4,Les Corts,21,Pedralbes,88,4051,..,1,11
2010,4,Les Corts,21,Pedralbes,88,4051,..,1,14
2010,4,Les Corts,21,Pedralbes,88,4051,..,1,15
2010,4,Les Corts,21,Pedralbes,88,4051,..,1,16
2010,4,Les Corts,21,Pedralbes,88,4051,..,2,0
2010,4,Les Corts,21,Pedralbes,88,4051,..,2,1
2010,4,Les Corts,21,Pedralbes,88,4051,..,2,2
2010,4,Les Corts,21,Pedralbes,88,4051,..,2,3
2010,4,Les Corts,21,Pedralbes,88,4051,5,2,5
2010,4,Les Corts,21,Pedralbes,88,4051,..,2,6
2010,4,Les Corts,21,Pedralbes,88,4051,..,2,8
2010,4,Les Corts,21,Pedralbes,88,4051,..,2,9
2010,4,Les Corts,21,Pedralbes,88,4051,..,2,10
2010,4,Les Corts,21,Pedralbes,88,4051,..,2,14
2010,4,Les Corts,21,Pedralbes,88,4051,..,2,16
2010,4,Les Corts,21,Pedralbes,88,4051,..,2,17
2010,4,Les Corts,21,Pedralbes,88,4052,..,1,0
2010,4,Les Corts,21,Pedralbes,88,4052,..,1,1
2010,4,Les Corts,21,Pedralbes,88,4052,..,1,2
2010,4,Les Corts,21,Pedralbes,88,4052,..,1,3
2010,4,Les Corts,21,Pedralbes,88,4052,..,1,4
2010,4,Les Corts,21,Pedralbes,88,4052,..,1,5
2010,4,Les Corts,21,Pedralbes,88,4052,6,1,6
2010,4,Les Corts,21,Pedralbes,88,4052,..,1,7
2010,4,Les Corts,21,Pedralbes,88,4052,5,1,8
2010,4,Les Corts,21,Pedralbes,88,4052,..,1,9
2010,4,Les Corts,21,Pedralbes,88,4052,..,1,10
2010,4,Les Corts,21,Pedralbes,88,4052,..,1,11
2010,4,Les Corts,21,Pedralbes,88,4052,..,1,12
2010,4,Les Corts,21,Pedralbes,88,4052,..,1,14
2010,4,Les Corts,21,Pedralbes,88,4052,..,2,0
2010,4,Les Corts,21,Pedralbes,88,4052,7,2,1
2010,4,Les Corts,21,Pedralbes,88,4052,..,2,2
2010,4,Les Corts,21,Pedralbes,88,4052,..,2,3
2010,4,Les Corts,21,Pedralbes,88,4052,6,2,4
2010,4,Les Corts,21,Pedralbes,88,4052,8,2,5
2010,4,Les Corts,21,Pedralbes,88,4052,..,2,6
2010,4,Les Corts,21,Pedralbes,88,4052,..,2,7
2010,4,Les Corts,21,Pedralbes,88,4052,5,2,8
2010,4,Les Corts,21,Pedralbes,88,4052,5,2,9
2010,4,Les Corts,21,Pedralbes,88,4052,..,2,10
2010,4,Les Corts,21,Pedralbes,88,4052,..,2,12
2010,4,Les Corts,21,Pedralbes,88,4052,..,2,14
2010,4,Les Corts,21,Pedralbes,88,4052,..,2,16
2010,4,Les Corts,21,Pedralbes,89,4053,..,1,0
2010,4,Les Corts,21,Pedralbes,89,4053,5,1,1
2010,4,Les Corts,21,Pedralbes,89,4053,8,1,2
2010,4,Les Corts,21,Pedralbes,89,4053,22,1,3
2010,4,Les Corts,21,Pedralbes,89,4053,14,1,4
2010,4,Les Corts,21,Pedralbes,89,4053,15,1,5
2010,4,Les Corts,21,Pedralbes,89,4053,12,1,6
2010,4,Les Corts,21,Pedralbes,89,4053,8,1,7
2010,4,Les Corts,21,Pedralbes,89,4053,..,1,8
2010,4,Les Corts,21,Pedralbes,89,4053,..,1,9
2010,4,Les Corts,21,Pedralbes,89,4053,..,1,10
2010,4,Les Corts,21,Pedralbes,89,4053,..,1,11
2010,4,Les Corts,21,Pedralbes,89,4053,..,2,0
2010,4,Les Corts,21,Pedralbes,89,4053,5,2,1
2010,4,Les Corts,21,Pedralbes,89,4053,..,2,2
2010,4,Les Corts,21,Pedralbes,89,4053,..,2,3
2010,4,Les Corts,21,Pedralbes,89,4053,19,2,4
2010,4,Les Corts,21,Pedralbes,89,4053,27,2,5
2010,4,Les Corts,21,Pedralbes,89,4053,20,2,6
2010,4,Les Corts,21,Pedralbes,89,4053,10,2,7
2010,4,Les Corts,21,Pedralbes,89,4053,..,2,8
2010,4,Les Corts,21,Pedralbes,89,4053,..,2,9
2010,4,Les Corts,21,Pedralbes,89,4053,..,2,10
2010,4,Les Corts,21,Pedralbes,89,4053,..,2,11
2010,4,Les Corts,21,Pedralbes,89,4053,..,2,12
2010,4,Les Corts,21,Pedralbes,89,4053,..,2,13
2010,4,Les Corts,21,Pedralbes,89,4054,..,1,1
2010,4,Les Corts,21,Pedralbes,89,4054,..,1,3
2010,4,Les Corts,21,Pedralbes,89,4054,..,1,5
2010,4,Les Corts,21,Pedralbes,89,4054,..,1,7
2010,4,Les Corts,21,Pedralbes,89,4054,..,1,8
2010,4,Les Corts,21,Pedralbes,89,4054,..,1,10
2010,4,Les Corts,21,Pedralbes,89,4054,..,1,11
2010,4,Les Corts,21,Pedralbes,89,4054,..,1,12
2010,4,Les Corts,21,Pedralbes,89,4054,..,2,0
2010,4,Les Corts,21,Pedralbes,89,4054,..,2,1
2010,4,Les Corts,21,Pedralbes,89,4054,..,2,3
2010,4,Les Corts,21,Pedralbes,89,4054,..,2,6
2010,4,Les Corts,21,Pedralbes,89,4054,..,2,7
2010,4,Les Corts,21,Pedralbes,89,4054,..,2,8
2010,4,Les Corts,21,Pedralbes,89,4054,..,2,9
2010,4,Les Corts,21,Pedralbes,89,4054,..,2,12
2010,4,Les Corts,21,Pedralbes,90,4055,..,1,0
2010,4,Les Corts,21,Pedralbes,90,4055,5,1,1
2010,4,Les Corts,21,Pedralbes,90,4055,..,1,2
2010,4,Les Corts,21,Pedralbes,90,4055,..,1,3
2010,4,Les Corts,21,Pedralbes,90,4055,..,1,4
2010,4,Les Corts,21,Pedralbes,90,4055,..,1,5
2010,4,Les Corts,21,Pedralbes,90,4055,..,1,6
2010,4,Les Corts,21,Pedralbes,90,4055,..,1,7
2010,4,Les Corts,21,Pedralbes,90,4055,7,1,8
2010,4,Les Corts,21,Pedralbes,90,4055,..,1,9
2010,4,Les Corts,21,Pedralbes,90,4055,..,1,10
2010,4,Les Corts,21,Pedralbes,90,4055,..,1,13
2010,4,Les Corts,21,Pedralbes,90,4055,5,2,0
2010,4,Les Corts,21,Pedralbes,90,4055,5,2,1
2010,4,Les Corts,21,Pedralbes,90,4055,5,2,2
2010,4,Les Corts,21,Pedralbes,90,4055,..,2,3
2010,4,Les Corts,21,Pedralbes,90,4055,..,2,5
2010,4,Les Corts,21,Pedralbes,90,4055,..,2,6
2010,4,Les Corts,21,Pedralbes,90,4055,..,2,7
2010,4,Les Corts,21,Pedralbes,90,4055,5,2,8
2010,4,Les Corts,21,Pedralbes,90,4055,5,2,9
2010,4,Les Corts,21,Pedralbes,90,4055,..,2,10
2010,4,Les Corts,21,Pedralbes,90,4056,5,1,0
2010,4,Les Corts,21,Pedralbes,90,4056,..,1,1
2010,4,Les Corts,21,Pedralbes,90,4056,..,1,2
2010,4,Les Corts,21,Pedralbes,90,4056,..,1,3
2010,4,Les Corts,21,Pedralbes,90,4056,..,1,4
2010,4,Les Corts,21,Pedralbes,90,4056,5,1,5
2010,4,Les Corts,21,Pedralbes,90,4056,5,1,6
2010,4,Les Corts,21,Pedralbes,90,4056,6,1,7
2010,4,Les Corts,21,Pedralbes,90,4056,6,1,8
2010,4,Les Corts,21,Pedralbes,90,4056,..,1,9
2010,4,Les Corts,21,Pedralbes,90,4056,..,1,10
2010,4,Les Corts,21,Pedralbes,90,4056,..,1,11
2010,4,Les Corts,21,Pedralbes,90,4056,..,1,13
2010,4,Les Corts,21,Pedralbes,90,4056,..,1,15
2010,4,Les Corts,21,Pedralbes,90,4056,..,1,16
2010,4,Les Corts,21,Pedralbes,90,4056,..,1,17
2010,4,Les Corts,21,Pedralbes,90,4056,..,2,0
2010,4,Les Corts,21,Pedralbes,90,4056,6,2,1
2010,4,Les Corts,21,Pedralbes,90,4056,..,2,2
2010,4,Les Corts,21,Pedralbes,90,4056,..,2,3
2010,4,Les Corts,21,Pedralbes,90,4056,7,2,5
2010,4,Les Corts,21,Pedralbes,90,4056,..,2,6
2010,4,Les Corts,21,Pedralbes,90,4056,5,2,7
2010,4,Les Corts,21,Pedralbes,90,4056,..,2,8
2010,4,Les Corts,21,Pedralbes,90,4056,..,2,9
2010,4,Les Corts,21,Pedralbes,90,4056,..,2,10
2010,4,Les Corts,21,Pedralbes,90,4056,..,2,11
2010,4,Les Corts,21,Pedralbes,90,4056,..,2,15
2010,4,Les Corts,21,Pedralbes,90,4056,..,2,18
2010,5,Sarrià-Sant Gervasi,22,"Vallvidrera, el Tibidabo i les Planes",91,5001,..,1,0
2010,5,Sarrià-Sant Gervasi,22,"Vallvidrera, el Tibidabo i les Planes",91,5001,..,1,1
2010,5,Sarrià-Sant Gervasi,22,"Vallvidrera, el Tibidabo i les Planes",91,5001,6,1,2
2010,5,Sarrià-Sant Gervasi,22,"Vallvidrera, el Tibidabo i les Planes",91,5001,..,1,3
2010,5,Sarrià-Sant Gervasi,22,"Vallvidrera, el Tibidabo i les Planes",91,5001,..,1,4
2010,5,Sarrià-Sant Gervasi,22,"Vallvidrera, el Tibidabo i les Planes",91,5001,..,1,5
2010,5,Sarrià-Sant Gervasi,22,"Vallvidrera, el Tibidabo i les Planes",91,5001,..,1,6
2010,5,Sarrià-Sant Gervasi,22,"Vallvidrera, el Tibidabo i les Planes",91,5001,7,1,7
2010,5,Sarrià-Sant Gervasi,22,"Vallvidrera, el Tibidabo i les Planes",91,5001,..,1,8
2010,5,Sarrià-Sant Gervasi,22,"Vallvidrera, el Tibidabo i les Planes",91,5001,..,1,9
2010,5,Sarrià-Sant Gervasi,22,"Vallvidrera, el Tibidabo i les Planes",91,5001,..,1,10
2010,5,Sarrià-Sant Gervasi,22,"Vallvidrera, el Tibidabo i les Planes",91,5001,..,1,11
2010,5,Sarrià-Sant Gervasi,22,"Vallvidrera, el Tibidabo i les Planes",91,5001,..,1,16
2010,5,Sarrià-Sant Gervasi,22,"Vallvidrera, el Tibidabo i les Planes",91,5001,..,2,1
2010,5,Sarrià-Sant Gervasi,22,"Vallvidrera, el Tibidabo i les Planes",91,5001,..,2,3
2010,5,Sarrià-Sant Gervasi,22,"Vallvidrera, el Tibidabo i les Planes",91,5001,..,2,4
2010,5,Sarrià-Sant Gervasi,22,"Vallvidrera, el Tibidabo i les Planes",91,5001,..,2,5
2010,5,Sarrià-Sant Gervasi,22,"Vallvidrera, el Tibidabo i les Planes",91,5001,..,2,6
2010,5,Sarrià-Sant Gervasi,22,"Vallvidrera, el Tibidabo i les Planes",91,5001,5,2,7
2010,5,Sarrià-Sant Gervasi,22,"Vallvidrera, el Tibidabo i les Planes",91,5001,..,2,8
2010,5,Sarrià-Sant Gervasi,22,"Vallvidrera, el Tibidabo i les Planes",91,5001,..,2,9
2010,5,Sarrià-Sant Gervasi,22,"Vallvidrera, el Tibidabo i les Planes",91,5001,..,2,10
2010,5,Sarrià-Sant Gervasi,22,"Vallvidrera, el Tibidabo i les Planes",91,5001,..,2,11
2010,5,Sarrià-Sant Gervasi,22,"Vallvidrera, el Tibidabo i les Planes",91,5001,..,2,12
2010,5,Sarrià-Sant Gervasi,22,"Vallvidrera, el Tibidabo i les Planes",91,5001,..,2,13
2010,5,Sarrià-Sant Gervasi,22,"Vallvidrera, el Tibidabo i les Planes",92,5002,5,1,0
2010,5,Sarrià-Sant Gervasi,22,"Vallvidrera, el Tibidabo i les Planes",92,5002,..,1,1
2010,5,Sarrià-Sant Gervasi,22,"Vallvidrera, el Tibidabo i les Planes",92,5002,..,1,5
2010,5,Sarrià-Sant Gervasi,22,"Vallvidrera, el Tibidabo i les Planes",92,5002,6,1,6
2010,5,Sarrià-Sant Gervasi,22,"Vallvidrera, el Tibidabo i les Planes",92,5002,..,1,7
2010,5,Sarrià-Sant Gervasi,22,"Vallvidrera, el Tibidabo i les Planes",92,5002,5,1,8
2010,5,Sarrià-Sant Gervasi,22,"Vallvidrera, el Tibidabo i les Planes",92,5002,..,1,11
2010,5,Sarrià-Sant Gervasi,22,"Vallvidrera, el Tibidabo i les Planes",92,5002,..,1,12
2010,5,Sarrià-Sant Gervasi,22,"Vallvidrera, el Tibidabo i les Planes",92,5002,..,1,15
2010,5,Sarrià-Sant Gervasi,22,"Vallvidrera, el Tibidabo i les Planes",92,5002,..,1,16
2010,5,Sarrià-Sant Gervasi,22,"Vallvidrera, el Tibidabo i les Planes",92,5002,..,1,17
2010,5,Sarrià-Sant Gervasi,22,"Vallvidrera, el Tibidabo i les Planes",92,5002,..,2,0
2010,5,Sarrià-Sant Gervasi,22,"Vallvidrera, el Tibidabo i les Planes",92,5002,..,2,1
2010,5,Sarrià-Sant Gervasi,22,"Vallvidrera, el Tibidabo i les Planes",92,5002,..,2,2
2010,5,Sarrià-Sant Gervasi,22,"Vallvidrera, el Tibidabo i les Planes",92,5002,..,2,5
2010,5,Sarrià-Sant Gervasi,22,"Vallvidrera, el Tibidabo i les Planes",92,5002,..,2,6
2010,5,Sarrià-Sant Gervasi,22,"Vallvidrera, el Tibidabo i les Planes",92,5002,6,2,7
2010,5,Sarrià-Sant Gervasi,22,"Vallvidrera, el Tibidabo i les Planes",92,5002,..,2,8
2010,5,Sarrià-Sant Gervasi,22,"Vallvidrera, el Tibidabo i les Planes",92,5002,5,2,9
2010,5,Sarrià-Sant Gervasi,22,"Vallvidrera, el Tibidabo i les Planes",92,5002,..,2,10
2010,5,Sarrià-Sant Gervasi,22,"Vallvidrera, el Tibidabo i les Planes",92,5002,..,2,11
2010,5,Sarrià-Sant Gervasi,22,"Vallvidrera, el Tibidabo i les Planes",92,5002,..,2,12
2010,5,Sarrià-Sant Gervasi,22,"Vallvidrera, el Tibidabo i les Planes",92,5002,..,2,13
2010,5,Sarrià-Sant Gervasi,22,"Vallvidrera, el Tibidabo i les Planes",92,5002,..,2,14
2010,5,Sarrià-Sant Gervasi,22,"Vallvidrera, el Tibidabo i les Planes",92,5002,..,2,15
2010,5,Sarrià-Sant Gervasi,22,"Vallvidrera, el Tibidabo i les Planes",92,5003,..,1,0
2010,5,Sarrià-Sant Gervasi,22,"Vallvidrera, el Tibidabo i les Planes",92,5003,..,1,1
2010,5,Sarrià-Sant Gervasi,22,"Vallvidrera, el Tibidabo i les Planes",92,5003,..,1,2
2010,5,Sarrià-Sant Gervasi,22,"Vallvidrera, el Tibidabo i les Planes",92,5003,..,1,4
2010,5,Sarrià-Sant Gervasi,22,"Vallvidrera, el Tibidabo i les Planes",92,5003,..,1,5
2010,5,Sarrià-Sant Gervasi,22,"Vallvidrera, el Tibidabo i les Planes",92,5003,..,1,6
2010,5,Sarrià-Sant Gervasi,22,"Vallvidrera, el Tibidabo i les Planes",92,5003,8,1,7
2010,5,Sarrià-Sant Gervasi,22,"Vallvidrera, el Tibidabo i les Planes",92,5003,..,1,8
2010,5,Sarrià-Sant Gervasi,22,"Vallvidrera, el Tibidabo i les Planes",92,5003,..,1,9
2010,5,Sarrià-Sant Gervasi,22,"Vallvidrera, el Tibidabo i les Planes",92,5003,..,1,11
2010,5,Sarrià-Sant Gervasi,22,"Vallvidrera, el Tibidabo i les Planes",92,5003,..,1,12
2010,5,Sarrià-Sant Gervasi,22,"Vallvidrera, el Tibidabo i les Planes",92,5003,..,1,13
2010,5,Sarrià-Sant Gervasi,22,"Vallvidrera, el Tibidabo i les Planes",92,5003,..,1,14
2010,5,Sarrià-Sant Gervasi,22,"Vallvidrera, el Tibidabo i les Planes",92,5003,..,1,15
2010,5,Sarrià-Sant Gervasi,22,"Vallvidrera, el Tibidabo i les Planes",92,5003,..,2,0
2010,5,Sarrià-Sant Gervasi,22,"Vallvidrera, el Tibidabo i les Planes",92,5003,..,2,1
2010,5,Sarrià-Sant Gervasi,22,"Vallvidrera, el Tibidabo i les Planes",92,5003,..,2,2
2010,5,Sarrià-Sant Gervasi,22,"Vallvidrera, el Tibidabo i les Planes",92,5003,..,2,3
2010,5,Sarrià-Sant Gervasi,22,"Vallvidrera, el Tibidabo i les Planes",92,5003,..,2,4
2010,5,Sarrià-Sant Gervasi,22,"Vallvidrera, el Tibidabo i les Planes",92,5003,..,2,5
2010,5,Sarrià-Sant Gervasi,22,"Vallvidrera, el Tibidabo i les Planes",92,5003,..,2,6
2010,5,Sarrià-Sant Gervasi,22,"Vallvidrera, el Tibidabo i les Planes",92,5003,..,2,7
2010,5,Sarrià-Sant Gervasi,22,"Vallvidrera, el Tibidabo i les Planes",92,5003,..,2,8
2010,5,Sarrià-Sant Gervasi,22,"Vallvidrera, el Tibidabo i les Planes",92,5003,..,2,9
2010,5,Sarrià-Sant Gervasi,22,"Vallvidrera, el Tibidabo i les Planes",92,5003,..,2,13
2010,5,Sarrià-Sant Gervasi,22,"Vallvidrera, el Tibidabo i les Planes",92,5003,..,2,14
2010,5,Sarrià-Sant Gervasi,23,Sarrià,93,5004,..,1,0
2010,5,Sarrià-Sant Gervasi,23,Sarrià,93,5004,..,1,1
2010,5,Sarrià-Sant Gervasi,23,Sarrià,93,5004,..,1,2
2010,5,Sarrià-Sant Gervasi,23,Sarrià,93,5004,9,1,3
2010,5,Sarrià-Sant Gervasi,23,Sarrià,93,5004,..,1,4
2010,5,Sarrià-Sant Gervasi,23,Sarrià,93,5004,..,1,5
2010,5,Sarrià-Sant Gervasi,23,Sarrià,93,5004,..,1,6
2010,5,Sarrià-Sant Gervasi,23,Sarrià,93,5004,..,1,8
2010,5,Sarrià-Sant Gervasi,23,Sarrià,93,5004,..,1,9
2010,5,Sarrià-Sant Gervasi,23,Sarrià,93,5004,..,1,15
2010,5,Sarrià-Sant Gervasi,23,Sarrià,93,5004,..,1,16
2010,5,Sarrià-Sant Gervasi,23,Sarrià,93,5004,..,1,17
2010,5,Sarrià-Sant Gervasi,23,Sarrià,93,5004,5,2,0
2010,5,Sarrià-Sant Gervasi,23,Sarrià,93,5004,..,2,1
2010,5,Sarrià-Sant Gervasi,23,Sarrià,93,5004,6,2,2
2010,5,Sarrià-Sant Gervasi,23,Sarrià,93,5004,..,2,7
2010,5,Sarrià-Sant Gervasi,23,Sarrià,93,5004,..,2,8
2010,5,Sarrià-Sant Gervasi,23,Sarrià,93,5004,..,2,16
2010,5,Sarrià-Sant Gervasi,23,Sarrià,93,5005,5,1,0
2010,5,Sarrià-Sant Gervasi,23,Sarrià,93,5005,..,1,1
2010,5,Sarrià-Sant Gervasi,23,Sarrià,93,5005,..,1,2
2010,5,Sarrià-Sant Gervasi,23,Sarrià,93,5005,5,1,3
2010,5,Sarrià-Sant Gervasi,23,Sarrià,93,5005,..,1,4
2010,5,Sarrià-Sant Gervasi,23,Sarrià,93,5005,5,1,5
2010,5,Sarrià-Sant Gervasi,23,Sarrià,93,5005,6,1,6
2010,5,Sarrià-Sant Gervasi,23,Sarrià,93,5005,..,1,7
2010,5,Sarrià-Sant Gervasi,23,Sarrià,93,5005,..,1,8
2010,5,Sarrià-Sant Gervasi,23,Sarrià,93,5005,..,1,9
2010,5,Sarrià-Sant Gervasi,23,Sarrià,93,5005,..,1,12
2010,5,Sarrià-Sant Gervasi,23,Sarrià,93,5005,..,1,13
2010,5,Sarrià-Sant Gervasi,23,Sarrià,93,5005,..,1,16
2010,5,Sarrià-Sant Gervasi,23,Sarrià,93,5005,..,1,19
2010,5,Sarrià-Sant Gervasi,23,Sarrià,93,5005,5,2,0
2010,5,Sarrià-Sant Gervasi,23,Sarrià,93,5005,..,2,1
2010,5,Sarrià-Sant Gervasi,23,Sarrià,93,5005,..,2,2
2010,5,Sarrià-Sant Gervasi,23,Sarrià,93,5005,..,2,3
2010,5,Sarrià-Sant Gervasi,23,Sarrià,93,5005,..,2,5
2010,5,Sarrià-Sant Gervasi,23,Sarrià,93,5005,..,2,6
2010,5,Sarrià-Sant Gervasi,23,Sarrià,93,5005,..,2,7
2010,5,Sarrià-Sant Gervasi,23,Sarrià,93,5005,..,2,8
2010,5,Sarrià-Sant Gervasi,23,Sarrià,93,5005,..,2,9
2010,5,Sarrià-Sant Gervasi,23,Sarrià,93,5005,..,2,15
2010,5,Sarrià-Sant Gervasi,23,Sarrià,93,5005,..,2,16
2010,5,Sarrià-Sant Gervasi,23,Sarrià,94,5006,10,1,0
2010,5,Sarrià-Sant Gervasi,23,Sarrià,94,5006,..,1,1
2010,5,Sarrià-Sant Gervasi,23,Sarrià,94,5006,6,1,2
2010,5,Sarrià-Sant Gervasi,23,Sarrià,94,5006,..,1,3
2010,5,Sarrià-Sant Gervasi,23,Sarrià,94,5006,..,1,5
2010,5,Sarrià-Sant Gervasi,23,Sarrià,94,5006,5,1,6
2010,5,Sarrià-Sant Gervasi,23,Sarrià,94,5006,8,1,7
2010,5,Sarrià-Sant Gervasi,23,Sarrià,94,5006,8,1,8
2010,5,Sarrià-Sant Gervasi,23,Sarrià,94,5006,..,1,9
2010,5,Sarrià-Sant Gervasi,23,Sarrià,94,5006,..,1,10
2010,5,Sarrià-Sant Gervasi,23,Sarrià,94,5006,..,1,11
2010,5,Sarrià-Sant Gervasi,23,Sarrià,94,5006,..,1,15
2010,5,Sarrià-Sant Gervasi,23,Sarrià,94,5006,..,1,18
2010,5,Sarrià-Sant Gervasi,23,Sarrià,94,5006,..,2,0
2010,5,Sarrià-Sant Gervasi,23,Sarrià,94,5006,6,2,1
2010,5,Sarrià-Sant Gervasi,23,Sarrià,94,5006,..,2,2
2010,5,Sarrià-Sant Gervasi,23,Sarrià,94,5006,..,2,3
2010,5,Sarrià-Sant Gervasi,23,Sarrià,94,5006,..,2,4
2010,5,Sarrià-Sant Gervasi,23,Sarrià,94,5006,..,2,5
2010,5,Sarrià-Sant Gervasi,23,Sarrià,94,5006,5,2,6
2010,5,Sarrià-Sant Gervasi,23,Sarrià,94,5006,12,2,7
2010,5,Sarrià-Sant Gervasi,23,Sarrià,94,5006,6,2,8
2010,5,Sarrià-Sant Gervasi,23,Sarrià,94,5006,7,2,9
2010,5,Sarrià-Sant Gervasi,23,Sarrià,94,5006,..,2,10
2010,5,Sarrià-Sant Gervasi,23,Sarrià,94,5006,..,2,11
2010,5,Sarrià-Sant Gervasi,23,Sarrià,94,5006,..,2,13
2010,5,Sarrià-Sant Gervasi,23,Sarrià,94,5006,..,2,15
2010,5,Sarrià-Sant Gervasi,23,Sarrià,94,5006,..,2,16
2010,5,Sarrià-Sant Gervasi,23,Sarrià,95,5007,..,1,0
2010,5,Sarrià-Sant Gervasi,23,Sarrià,95,5007,..,1,1
2010,5,Sarrià-Sant Gervasi,23,Sarrià,95,5007,..,1,2
2010,5,Sarrià-Sant Gervasi,23,Sarrià,95,5007,..,1,3
2010,5,Sarrià-Sant Gervasi,23,Sarrià,95,5007,6,1,4
2010,5,Sarrià-Sant Gervasi,23,Sarrià,95,5007,8,1,5
2010,5,Sarrià-Sant Gervasi,23,Sarrià,95,5007,..,1,6
2010,5,Sarrià-Sant Gervasi,23,Sarrià,95,5007,..,1,8
2010,5,Sarrià-Sant Gervasi,23,Sarrià,95,5007,..,1,9
2010,5,Sarrià-Sant Gervasi,23,Sarrià,95,5007,..,1,10
2010,5,Sarrià-Sant Gervasi,23,Sarrià,95,5007,..,1,11
2010,5,Sarrià-Sant Gervasi,23,Sarrià,95,5007,..,1,14
2010,5,Sarrià-Sant Gervasi,23,Sarrià,95,5007,..,1,15
2010,5,Sarrià-Sant Gervasi,23,Sarrià,95,5007,..,1,16
2010,5,Sarrià-Sant Gervasi,23,Sarrià,95,5007,..,1,17
2010,5,Sarrià-Sant Gervasi,23,Sarrià,95,5007,..,1,18
2010,5,Sarrià-Sant Gervasi,23,Sarrià,95,5007,..,2,0
2010,5,Sarrià-Sant Gervasi,23,Sarrià,95,5007,..,2,1
2010,5,Sarrià-Sant Gervasi,23,Sarrià,95,5007,..,2,2
2010,5,Sarrià-Sant Gervasi,23,Sarrià,95,5007,..,2,4
2010,5,Sarrià-Sant Gervasi,23,Sarrià,95,5007,..,2,5
2010,5,Sarrià-Sant Gervasi,23,Sarrià,95,5007,6,2,6
2010,5,Sarrià-Sant Gervasi,23,Sarrià,95,5007,7,2,7
2010,5,Sarrià-Sant Gervasi,23,Sarrià,95,5007,..,2,8
2010,5,Sarrià-Sant Gervasi,23,Sarrià,95,5007,..,2,9
2010,5,Sarrià-Sant Gervasi,23,Sarrià,95,5007,..,2,10
2010,5,Sarrià-Sant Gervasi,23,Sarrià,95,5007,..,2,11
2010,5,Sarrià-Sant Gervasi,23,Sarrià,95,5007,..,2,12
2010,5,Sarrià-Sant Gervasi,23,Sarrià,95,5007,..,2,13
2010,5,Sarrià-Sant Gervasi,23,Sarrià,95,5008,..,1,1
2010,5,Sarrià-Sant Gervasi,23,Sarrià,95,5008,..,1,2
2010,5,Sarrià-Sant Gervasi,23,Sarrià,95,5008,..,1,3
2010,5,Sarrià-Sant Gervasi,23,Sarrià,95,5008,..,1,4
2010,5,Sarrià-Sant Gervasi,23,Sarrià,95,5008,9,1,5
2010,5,Sarrià-Sant Gervasi,23,Sarrià,95,5008,5,1,6
2010,5,Sarrià-Sant Gervasi,23,Sarrià,95,5008,..,1,7
2010,5,Sarrià-Sant Gervasi,23,Sarrià,95,5008,..,1,8
2010,5,Sarrià-Sant Gervasi,23,Sarrià,95,5008,..,1,9
2010,5,Sarrià-Sant Gervasi,23,Sarrià,95,5008,..,1,12
2010,5,Sarrià-Sant Gervasi,23,Sarrià,95,5008,..,1,13
2010,5,Sarrià-Sant Gervasi,23,Sarrià,95,5008,..,1,15
2010,5,Sarrià-Sant Gervasi,23,Sarrià,95,5008,..,1,16
2010,5,Sarrià-Sant Gervasi,23,Sarrià,95,5008,..,1,17
2010,5,Sarrià-Sant Gervasi,23,Sarrià,95,5008,..,2,0
2010,5,Sarrià-Sant Gervasi,23,Sarrià,95,5008,..,2,1
2010,5,Sarrià-Sant Gervasi,23,Sarrià,95,5008,..,2,2
2010,5,Sarrià-Sant Gervasi,23,Sarrià,95,5008,..,2,3
2010,5,Sarrià-Sant Gervasi,23,Sarrià,95,5008,..,2,4
2010,5,Sarrià-Sant Gervasi,23,Sarrià,95,5008,5,2,5
2010,5,Sarrià-Sant Gervasi,23,Sarrià,95,5008,7,2,6
2010,5,Sarrià-Sant Gervasi,23,Sarrià,95,5008,..,2,7
2010,5,Sarrià-Sant Gervasi,23,Sarrià,95,5008,..,2,8
2010,5,Sarrià-Sant Gervasi,23,Sarrià,95,5008,5,2,9
2010,5,Sarrià-Sant Gervasi,23,Sarrià,95,5008,..,2,10
2010,5,Sarrià-Sant Gervasi,23,Sarrià,95,5008,..,2,15
2010,5,Sarrià-Sant Gervasi,23,Sarrià,95,5009,..,1,0
2010,5,Sarrià-Sant Gervasi,23,Sarrià,95,5009,..,1,1
2010,5,Sarrià-Sant Gervasi,23,Sarrià,95,5009,..,1,2
2010,5,Sarrià-Sant Gervasi,23,Sarrià,95,5009,..,1,3
2010,5,Sarrià-Sant Gervasi,23,Sarrià,95,5009,..,1,4
2010,5,Sarrià-Sant Gervasi,23,Sarrià,95,5009,6,1,5
2010,5,Sarrià-Sant Gervasi,23,Sarrià,95,5009,5,1,6
2010,5,Sarrià-Sant Gervasi,23,Sarrià,95,5009,6,1,7
2010,5,Sarrià-Sant Gervasi,23,Sarrià,95,5009,..,1,8
2010,5,Sarrià-Sant Gervasi,23,Sarrià,95,5009,..,1,9
2010,5,Sarrià-Sant Gervasi,23,Sarrià,95,5009,..,1,11
2010,5,Sarrià-Sant Gervasi,23,Sarrià,95,5009,..,1,13
2010,5,Sarrià-Sant Gervasi,23,Sarrià,95,5009,..,1,14
2010,5,Sarrià-Sant Gervasi,23,Sarrià,95,5009,..,1,15
2010,5,Sarrià-Sant Gervasi,23,Sarrià,95,5009,..,1,18
2010,5,Sarrià-Sant Gervasi,23,Sarrià,95,5009,..,2,0
2010,5,Sarrià-Sant Gervasi,23,Sarrià,95,5009,..,2,1
2010,5,Sarrià-Sant Gervasi,23,Sarrià,95,5009,..,2,4
2010,5,Sarrià-Sant Gervasi,23,Sarrià,95,5009,..,2,5
2010,5,Sarrià-Sant Gervasi,23,Sarrià,95,5009,..,2,6
2010,5,Sarrià-Sant Gervasi,23,Sarrià,95,5009,..,2,7
2010,5,Sarrià-Sant Gervasi,23,Sarrià,95,5009,..,2,8
2010,5,Sarrià-Sant Gervasi,23,Sarrià,95,5009,..,2,9
2010,5,Sarrià-Sant Gervasi,23,Sarrià,95,5009,..,2,10
2010,5,Sarrià-Sant Gervasi,23,Sarrià,95,5009,..,2,11
2010,5,Sarrià-Sant Gervasi,23,Sarrià,95,5009,..,2,13
2010,5,Sarrià-Sant Gervasi,23,Sarrià,95,5009,..,2,14
2010,5,Sarrià-Sant Gervasi,23,Sarrià,95,5009,..,2,15
2010,5,Sarrià-Sant Gervasi,23,Sarrià,95,5009,..,2,19
2010,5,Sarrià-Sant Gervasi,23,Sarrià,95,5010,..,1,0
2010,5,Sarrià-Sant Gervasi,23,Sarrià,95,5010,..,1,1
2010,5,Sarrià-Sant Gervasi,23,Sarrià,95,5010,..,1,4
2010,5,Sarrià-Sant Gervasi,23,Sarrià,95,5010,6,1,5
2010,5,Sarrià-Sant Gervasi,23,Sarrià,95,5010,5,1,6
2010,5,Sarrià-Sant Gervasi,23,Sarrià,95,5010,..,1,7
2010,5,Sarrià-Sant Gervasi,23,Sarrià,95,5010,..,1,8
2010,5,Sarrià-Sant Gervasi,23,Sarrià,95,5010,..,1,9
2010,5,Sarrià-Sant Gervasi,23,Sarrià,95,5010,..,1,10
2010,5,Sarrià-Sant Gervasi,23,Sarrià,95,5010,..,1,11
2010,5,Sarrià-Sant Gervasi,23,Sarrià,95,5010,..,1,12
2010,5,Sarrià-Sant Gervasi,23,Sarrià,95,5010,..,1,13
2010,5,Sarrià-Sant Gervasi,23,Sarrià,95,5010,..,1,19
2010,5,Sarrià-Sant Gervasi,23,Sarrià,95,5010,..,2,0
2010,5,Sarrià-Sant Gervasi,23,Sarrià,95,5010,..,2,1
2010,5,Sarrià-Sant Gervasi,23,Sarrià,95,5010,..,2,2
2010,5,Sarrià-Sant Gervasi,23,Sarrià,95,5010,..,2,4
2010,5,Sarrià-Sant Gervasi,23,Sarrià,95,5010,..,2,5
2010,5,Sarrià-Sant Gervasi,23,Sarrià,95,5010,..,2,6
2010,5,Sarrià-Sant Gervasi,23,Sarrià,95,5010,..,2,7
2010,5,Sarrià-Sant Gervasi,23,Sarrià,95,5010,..,2,8
2010,5,Sarrià-Sant Gervasi,23,Sarrià,95,5010,..,2,9
2010,5,Sarrià-Sant Gervasi,23,Sarrià,95,5010,..,2,10
2010,5,Sarrià-Sant Gervasi,23,Sarrià,95,5010,..,2,11
2010,5,Sarrià-Sant Gervasi,23,Sarrià,95,5010,..,2,12
2010,5,Sarrià-Sant Gervasi,23,Sarrià,95,5010,..,2,14
2010,5,Sarrià-Sant Gervasi,23,Sarrià,95,5010,..,2,18
2010,5,Sarrià-Sant Gervasi,23,Sarrià,95,5011,..,1,0
2010,5,Sarrià-Sant Gervasi,23,Sarrià,95,5011,..,1,1
2010,5,Sarrià-Sant Gervasi,23,Sarrià,95,5011,..,1,3
2010,5,Sarrià-Sant Gervasi,23,Sarrià,95,5011,..,1,4
2010,5,Sarrià-Sant Gervasi,23,Sarrià,95,5011,6,1,5
2010,5,Sarrià-Sant Gervasi,23,Sarrià,95,5011,..,1,6
2010,5,Sarrià-Sant Gervasi,23,Sarrià,95,5011,9,1,7
2010,5,Sarrià-Sant Gervasi,23,Sarrià,95,5011,..,1,9
2010,5,Sarrià-Sant Gervasi,23,Sarrià,95,5011,..,1,10
2010,5,Sarrià-Sant Gervasi,23,Sarrià,95,5011,..,1,11
2010,5,Sarrià-Sant Gervasi,23,Sarrià,95,5011,..,1,12
2010,5,Sarrià-Sant Gervasi,23,Sarrià,95,5011,..,1,14
2010,5,Sarrià-Sant Gervasi,23,Sarrià,95,5011,..,1,16
2010,5,Sarrià-Sant Gervasi,23,Sarrià,95,5011,..,2,0
2010,5,Sarrià-Sant Gervasi,23,Sarrià,95,5011,..,2,1
2010,5,Sarrià-Sant Gervasi,23,Sarrià,95,5011,..,2,2
2010,5,Sarrià-Sant Gervasi,23,Sarrià,95,5011,..,2,4
2010,5,Sarrià-Sant Gervasi,23,Sarrià,95,5011,5,2,5
2010,5,Sarrià-Sant Gervasi,23,Sarrià,95,5011,..,2,6
2010,5,Sarrià-Sant Gervasi,23,Sarrià,95,5011,..,2,7
2010,5,Sarrià-Sant Gervasi,23,Sarrià,95,5011,..,2,8
2010,5,Sarrià-Sant Gervasi,23,Sarrià,95,5011,6,2,9
2010,5,Sarrià-Sant Gervasi,23,Sarrià,95,5011,..,2,12
2010,5,Sarrià-Sant Gervasi,23,Sarrià,95,5012,..,1,1
2010,5,Sarrià-Sant Gervasi,23,Sarrià,95,5012,..,1,2
2010,5,Sarrià-Sant Gervasi,23,Sarrià,95,5012,..,1,3
2010,5,Sarrià-Sant Gervasi,23,Sarrià,95,5012,..,1,4
2010,5,Sarrià-Sant Gervasi,23,Sarrià,95,5012,6,1,5
2010,5,Sarrià-Sant Gervasi,23,Sarrià,95,5012,7,1,6
2010,5,Sarrià-Sant Gervasi,23,Sarrià,95,5012,..,1,7
2010,5,Sarrià-Sant Gervasi,23,Sarrià,95,5012,..,1,8
2010,5,Sarrià-Sant Gervasi,23,Sarrià,95,5012,..,1,9
2010,5,Sarrià-Sant Gervasi,23,Sarrià,95,5012,..,1,10
2010,5,Sarrià-Sant Gervasi,23,Sarrià,95,5012,..,2,0
2010,5,Sarrià-Sant Gervasi,23,Sarrià,95,5012,..,2,1
2010,5,Sarrià-Sant Gervasi,23,Sarrià,95,5012,..,2,2
2010,5,Sarrià-Sant Gervasi,23,Sarrià,95,5012,..,2,4
2010,5,Sarrià-Sant Gervasi,23,Sarrià,95,5012,8,2,5
2010,5,Sarrià-Sant Gervasi,23,Sarrià,95,5012,..,2,6
2010,5,Sarrià-Sant Gervasi,23,Sarrià,95,5012,..,2,7
2010,5,Sarrià-Sant Gervasi,23,Sarrià,95,5012,..,2,10
2010,5,Sarrià-Sant Gervasi,23,Sarrià,95,5012,..,2,11
2010,5,Sarrià-Sant Gervasi,23,Sarrià,95,5012,..,2,12
2010,5,Sarrià-Sant Gervasi,23,Sarrià,95,5012,..,2,13
2010,5,Sarrià-Sant Gervasi,23,Sarrià,95,5012,..,2,15
2010,5,Sarrià-Sant Gervasi,23,Sarrià,95,5013,..,1,0
2010,5,Sarrià-Sant Gervasi,23,Sarrià,95,5013,..,1,1
2010,5,Sarrià-Sant Gervasi,23,Sarrià,95,5013,..,1,2
2010,5,Sarrià-Sant Gervasi,23,Sarrià,95,5013,..,1,3
2010,5,Sarrià-Sant Gervasi,23,Sarrià,95,5013,..,1,4
2010,5,Sarrià-Sant Gervasi,23,Sarrià,95,5013,6,1,5
2010,5,Sarrià-Sant Gervasi,23,Sarrià,95,5013,5,1,6
2010,5,Sarrià-Sant Gervasi,23,Sarrià,95,5013,..,1,7
2010,5,Sarrià-Sant Gervasi,23,Sarrià,95,5013,..,1,8
2010,5,Sarrià-Sant Gervasi,23,Sarrià,95,5013,..,1,9
2010,5,Sarrià-Sant Gervasi,23,Sarrià,95,5013,..,1,10
2010,5,Sarrià-Sant Gervasi,23,Sarrià,95,5013,..,1,11
2010,5,Sarrià-Sant Gervasi,23,Sarrià,95,5013,..,1,14
2010,5,Sarrià-Sant Gervasi,23,Sarrià,95,5013,..,2,0
2010,5,Sarrià-Sant Gervasi,23,Sarrià,95,5013,..,2,1
2010,5,Sarrià-Sant Gervasi,23,Sarrià,95,5013,..,2,4
2010,5,Sarrià-Sant Gervasi,23,Sarrià,95,5013,6,2,5
2010,5,Sarrià-Sant Gervasi,23,Sarrià,95,5013,5,2,6
2010,5,Sarrià-Sant Gervasi,23,Sarrià,95,5013,..,2,7
2010,5,Sarrià-Sant Gervasi,23,Sarrià,95,5013,..,2,8
2010,5,Sarrià-Sant Gervasi,23,Sarrià,95,5013,..,2,9
2010,5,Sarrià-Sant Gervasi,23,Sarrià,95,5013,..,2,11
2010,5,Sarrià-Sant Gervasi,23,Sarrià,96,5014,..,1,0
2010,5,Sarrià-Sant Gervasi,23,Sarrià,96,5014,..,1,2
2010,5,Sarrià-Sant Gervasi,23,Sarrià,96,5014,..,1,4
2010,5,Sarrià-Sant Gervasi,23,Sarrià,96,5014,7,1,5
2010,5,Sarrià-Sant Gervasi,23,Sarrià,96,5014,7,1,6
2010,5,Sarrià-Sant Gervasi,23,Sarrià,96,5014,..,1,7
2010,5,Sarrià-Sant Gervasi,23,Sarrià,96,5014,..,1,8
2010,5,Sarrià-Sant Gervasi,23,Sarrià,96,5014,..,1,9
2010,5,Sarrià-Sant Gervasi,23,Sarrià,96,5014,..,1,10
2010,5,Sarrià-Sant Gervasi,23,Sarrià,96,5014,..,1,11
2010,5,Sarrià-Sant Gervasi,23,Sarrià,96,5014,..,1,12
2010,5,Sarrià-Sant Gervasi,23,Sarrià,96,5014,..,2,0
2010,5,Sarrià-Sant Gervasi,23,Sarrià,96,5014,..,2,1
2010,5,Sarrià-Sant Gervasi,23,Sarrià,96,5014,..,2,4
2010,5,Sarrià-Sant Gervasi,23,Sarrià,96,5014,..,2,5
2010,5,Sarrià-Sant Gervasi,23,Sarrià,96,5014,10,2,6
2010,5,Sarrià-Sant Gervasi,23,Sarrià,96,5014,..,2,7
2010,5,Sarrià-Sant Gervasi,23,Sarrià,96,5014,..,2,8
2010,5,Sarrià-Sant Gervasi,23,Sarrià,96,5014,..,2,9
2010,5,Sarrià-Sant Gervasi,23,Sarrià,96,5014,..,2,10
2010,5,Sarrià-Sant Gervasi,23,Sarrià,96,5014,..,2,11
2010,5,Sarrià-Sant Gervasi,23,Sarrià,96,5014,..,2,12
2010,5,Sarrià-Sant Gervasi,23,Sarrià,96,5015,..,1,0
2010,5,Sarrià-Sant Gervasi,23,Sarrià,96,5015,..,1,1
2010,5,Sarrià-Sant Gervasi,23,Sarrià,96,5015,..,1,2
2010,5,Sarrià-Sant Gervasi,23,Sarrià,96,5015,..,1,3
2010,5,Sarrià-Sant Gervasi,23,Sarrià,96,5015,..,1,4
2010,5,Sarrià-Sant Gervasi,23,Sarrià,96,5015,13,1,5
2010,5,Sarrià-Sant Gervasi,23,Sarrià,96,5015,..,1,6
2010,5,Sarrià-Sant Gervasi,23,Sarrià,96,5015,..,1,7
2010,5,Sarrià-Sant Gervasi,23,Sarrià,96,5015,..,1,8
2010,5,Sarrià-Sant Gervasi,23,Sarrià,96,5015,..,1,10
2010,5,Sarrià-Sant Gervasi,23,Sarrià,96,5015,..,1,11
2010,5,Sarrià-Sant Gervasi,23,Sarrià,96,5015,..,1,12
2010,5,Sarrià-Sant Gervasi,23,Sarrià,96,5015,..,1,13
2010,5,Sarrià-Sant Gervasi,23,Sarrià,96,5015,..,2,0
2010,5,Sarrià-Sant Gervasi,23,Sarrià,96,5015,..,2,1
2010,5,Sarrià-Sant Gervasi,23,Sarrià,96,5015,..,2,5
2010,5,Sarrià-Sant Gervasi,23,Sarrià,96,5015,6,2,6
2010,5,Sarrià-Sant Gervasi,23,Sarrià,96,5015,5,2,7
2010,5,Sarrià-Sant Gervasi,23,Sarrià,96,5015,..,2,8
2010,5,Sarrià-Sant Gervasi,23,Sarrià,96,5015,..,2,9
2010,5,Sarrià-Sant Gervasi,23,Sarrià,96,5015,..,2,10
2010,5,Sarrià-Sant Gervasi,23,Sarrià,96,5015,..,2,12
2010,5,Sarrià-Sant Gervasi,23,Sarrià,96,5015,..,2,13
2010,5,Sarrià-Sant Gervasi,23,Sarrià,96,5015,..,2,14
2010,5,Sarrià-Sant Gervasi,23,Sarrià,96,5016,5,1,0
2010,5,Sarrià-Sant Gervasi,23,Sarrià,96,5016,..,1,1
2010,5,Sarrià-Sant Gervasi,23,Sarrià,96,5016,..,1,2
2010,5,Sarrià-Sant Gervasi,23,Sarrià,96,5016,..,1,3
2010,5,Sarrià-Sant Gervasi,23,Sarrià,96,5016,5,1,4
2010,5,Sarrià-Sant Gervasi,23,Sarrià,96,5016,8,1,5
2010,5,Sarrià-Sant Gervasi,23,Sarrià,96,5016,6,1,6
2010,5,Sarrià-Sant Gervasi,23,Sarrià,96,5016,7,1,7
2010,5,Sarrià-Sant Gervasi,23,Sarrià,96,5016,..,1,8
2010,5,Sarrià-Sant Gervasi,23,Sarrià,96,5016,..,1,10
2010,5,Sarrià-Sant Gervasi,23,Sarrià,96,5016,..,1,11
2010,5,Sarrià-Sant Gervasi,23,Sarrià,96,5016,..,1,13
2010,5,Sarrià-Sant Gervasi,23,Sarrià,96,5016,..,1,16
2010,5,Sarrià-Sant Gervasi,23,Sarrià,96,5016,..,1,17
2010,5,Sarrià-Sant Gervasi,23,Sarrià,96,5016,..,2,0
2010,5,Sarrià-Sant Gervasi,23,Sarrià,96,5016,..,2,1
2010,5,Sarrià-Sant Gervasi,23,Sarrià,96,5016,..,2,2
2010,5,Sarrià-Sant Gervasi,23,Sarrià,96,5016,..,2,3
2010,5,Sarrià-Sant Gervasi,23,Sarrià,96,5016,..,2,4
2010,5,Sarrià-Sant Gervasi,23,Sarrià,96,5016,7,2,5
2010,5,Sarrià-Sant Gervasi,23,Sarrià,96,5016,11,2,6
2010,5,Sarrià-Sant Gervasi,23,Sarrià,96,5016,..,2,7
2010,5,Sarrià-Sant Gervasi,23,Sarrià,96,5016,8,2,8
2010,5,Sarrià-Sant Gervasi,23,Sarrià,96,5016,..,2,9
2010,5,Sarrià-Sant Gervasi,23,Sarrià,96,5016,..,2,10
2010,5,Sarrià-Sant Gervasi,23,Sarrià,96,5016,..,2,13
2010,5,Sarrià-Sant Gervasi,23,Sarrià,96,5016,..,2,14
2010,5,Sarrià-Sant Gervasi,23,Sarrià,96,5017,..,1,3
2010,5,Sarrià-Sant Gervasi,23,Sarrià,96,5017,..,1,4
2010,5,Sarrià-Sant Gervasi,23,Sarrià,96,5017,..,1,5
2010,5,Sarrià-Sant Gervasi,23,Sarrià,96,5017,..,1,6
2010,5,Sarrià-Sant Gervasi,23,Sarrià,96,5017,..,1,7
2010,5,Sarrià-Sant Gervasi,23,Sarrià,96,5017,..,1,8
2010,5,Sarrià-Sant Gervasi,23,Sarrià,96,5017,..,1,10
2010,5,Sarrià-Sant Gervasi,23,Sarrià,96,5017,..,1,11
2010,5,Sarrià-Sant Gervasi,23,Sarrià,96,5017,..,1,12
2010,5,Sarrià-Sant Gervasi,23,Sarrià,96,5017,..,2,0
2010,5,Sarrià-Sant Gervasi,23,Sarrià,96,5017,..,2,1
2010,5,Sarrià-Sant Gervasi,23,Sarrià,96,5017,..,2,2
2010,5,Sarrià-Sant Gervasi,23,Sarrià,96,5017,..,2,3
2010,5,Sarrià-Sant Gervasi,23,Sarrià,96,5017,..,2,4
2010,5,Sarrià-Sant Gervasi,23,Sarrià,96,5017,..,2,5
2010,5,Sarrià-Sant Gervasi,23,Sarrià,96,5017,..,2,7
2010,5,Sarrià-Sant Gervasi,23,Sarrià,96,5017,..,2,8
2010,5,Sarrià-Sant Gervasi,23,Sarrià,96,5017,..,2,9
2010,5,Sarrià-Sant Gervasi,23,Sarrià,96,5017,..,2,11
2010,5,Sarrià-Sant Gervasi,23,Sarrià,96,5017,..,2,12
2010,5,Sarrià-Sant Gervasi,23,Sarrià,96,5017,..,2,13
2010,5,Sarrià-Sant Gervasi,23,Sarrià,96,5017,..,2,14
2010,5,Sarrià-Sant Gervasi,23,Sarrià,96,5017,..,2,16
2010,5,Sarrià-Sant Gervasi,23,Sarrià,96,5018,..,1,1
2010,5,Sarrià-Sant Gervasi,23,Sarrià,96,5018,..,1,2
2010,5,Sarrià-Sant Gervasi,23,Sarrià,96,5018,..,1,3
2010,5,Sarrià-Sant Gervasi,23,Sarrià,96,5018,..,1,4
2010,5,Sarrià-Sant Gervasi,23,Sarrià,96,5018,..,1,5
2010,5,Sarrià-Sant Gervasi,23,Sarrià,96,5018,..,1,6
2010,5,Sarrià-Sant Gervasi,23,Sarrià,96,5018,..,1,7
2010,5,Sarrià-Sant Gervasi,23,Sarrià,96,5018,..,1,8
2010,5,Sarrià-Sant Gervasi,23,Sarrià,96,5018,..,1,10
2010,5,Sarrià-Sant Gervasi,23,Sarrià,96,5018,..,1,12
2010,5,Sarrià-Sant Gervasi,23,Sarrià,96,5018,..,2,0
2010,5,Sarrià-Sant Gervasi,23,Sarrià,96,5018,..,2,1
2010,5,Sarrià-Sant Gervasi,23,Sarrià,96,5018,..,2,3
2010,5,Sarrià-Sant Gervasi,23,Sarrià,96,5018,..,2,4
2010,5,Sarrià-Sant Gervasi,23,Sarrià,96,5018,..,2,5
2010,5,Sarrià-Sant Gervasi,23,Sarrià,96,5018,5,2,6
2010,5,Sarrià-Sant Gervasi,23,Sarrià,96,5018,..,2,7
2010,5,Sarrià-Sant Gervasi,23,Sarrià,96,5018,..,2,8
2010,5,Sarrià-Sant Gervasi,23,Sarrià,96,5018,..,2,10
2010,5,Sarrià-Sant Gervasi,23,Sarrià,96,5018,..,2,11
2010,5,Sarrià-Sant Gervasi,23,Sarrià,96,5019,..,1,0
2010,5,Sarrià-Sant Gervasi,23,Sarrià,96,5019,5,1,1
2010,5,Sarrià-Sant Gervasi,23,Sarrià,96,5019,..,1,2
2010,5,Sarrià-Sant Gervasi,23,Sarrià,96,5019,..,1,3
2010,5,Sarrià-Sant Gervasi,23,Sarrià,96,5019,6,1,4
2010,5,Sarrià-Sant Gervasi,23,Sarrià,96,5019,..,1,5
2010,5,Sarrià-Sant Gervasi,23,Sarrià,96,5019,6,1,6
2010,5,Sarrià-Sant Gervasi,23,Sarrià,96,5019,8,1,7
2010,5,Sarrià-Sant Gervasi,23,Sarrià,96,5019,..,1,8
2010,5,Sarrià-Sant Gervasi,23,Sarrià,96,5019,..,1,9
2010,5,Sarrià-Sant Gervasi,23,Sarrià,96,5019,..,1,10
2010,5,Sarrià-Sant Gervasi,23,Sarrià,96,5019,..,1,11
2010,5,Sarrià-Sant Gervasi,23,Sarrià,96,5019,..,1,12
2010,5,Sarrià-Sant Gervasi,23,Sarrià,96,5019,..,1,14
2010,5,Sarrià-Sant Gervasi,23,Sarrià,96,5019,..,1,16
2010,5,Sarrià-Sant Gervasi,23,Sarrià,96,5019,..,1,17
2010,5,Sarrià-Sant Gervasi,23,Sarrià,96,5019,..,2,0
2010,5,Sarrià-Sant Gervasi,23,Sarrià,96,5019,..,2,1
2010,5,Sarrià-Sant Gervasi,23,Sarrià,96,5019,..,2,2
2010,5,Sarrià-Sant Gervasi,23,Sarrià,96,5019,..,2,3
2010,5,Sarrià-Sant Gervasi,23,Sarrià,96,5019,..,2,5
2010,5,Sarrià-Sant Gervasi,23,Sarrià,96,5019,6,2,6
2010,5,Sarrià-Sant Gervasi,23,Sarrià,96,5019,..,2,7
2010,5,Sarrià-Sant Gervasi,23,Sarrià,96,5019,..,2,8
2010,5,Sarrià-Sant Gervasi,23,Sarrià,96,5019,..,2,9
2010,5,Sarrià-Sant Gervasi,23,Sarrià,96,5019,5,2,10
2010,5,Sarrià-Sant Gervasi,23,Sarrià,96,5019,..,2,11
2010,5,Sarrià-Sant Gervasi,23,Sarrià,96,5019,..,2,15
2010,5,Sarrià-Sant Gervasi,23,Sarrià,96,5019,..,2,16
2010,5,Sarrià-Sant Gervasi,24,les Tres Torres,97,5020,..,1,0
2010,5,Sarrià-Sant Gervasi,24,les Tres Torres,97,5020,..,1,1
2010,5,Sarrià-Sant Gervasi,24,les Tres Torres,97,5020,..,1,2
2010,5,Sarrià-Sant Gervasi,24,les Tres Torres,97,5020,..,1,4
2010,5,Sarrià-Sant Gervasi,24,les Tres Torres,97,5020,11,1,5
2010,5,Sarrià-Sant Gervasi,24,les Tres Torres,97,5020,..,1,6
2010,5,Sarrià-Sant Gervasi,24,les Tres Torres,97,5020,..,1,7
2010,5,Sarrià-Sant Gervasi,24,les Tres Torres,97,5020,..,1,8
2010,5,Sarrià-Sant Gervasi,24,les Tres Torres,97,5020,..,1,9
2010,5,Sarrià-Sant Gervasi,24,les Tres Torres,97,5020,..,1,10
2010,5,Sarrià-Sant Gervasi,24,les Tres Torres,97,5020,..,1,11
2010,5,Sarrià-Sant Gervasi,24,les Tres Torres,97,5020,..,1,12
2010,5,Sarrià-Sant Gervasi,24,les Tres Torres,97,5020,..,1,13
2010,5,Sarrià-Sant Gervasi,24,les Tres Torres,97,5020,..,2,0
2010,5,Sarrià-Sant Gervasi,24,les Tres Torres,97,5020,..,2,1
2010,5,Sarrià-Sant Gervasi,24,les Tres Torres,97,5020,..,2,4
2010,5,Sarrià-Sant Gervasi,24,les Tres Torres,97,5020,..,2,5
2010,5,Sarrià-Sant Gervasi,24,les Tres Torres,97,5020,6,2,6
2010,5,Sarrià-Sant Gervasi,24,les Tres Torres,97,5020,..,2,7
2010,5,Sarrià-Sant Gervasi,24,les Tres Torres,97,5020,..,2,9
2010,5,Sarrià-Sant Gervasi,24,les Tres Torres,97,5020,..,2,10
2010,5,Sarrià-Sant Gervasi,24,les Tres Torres,97,5020,..,2,11
2010,5,Sarrià-Sant Gervasi,24,les Tres Torres,97,5020,..,2,13
2010,5,Sarrià-Sant Gervasi,24,les Tres Torres,97,5021,..,1,0
2010,5,Sarrià-Sant Gervasi,24,les Tres Torres,97,5021,..,1,2
2010,5,Sarrià-Sant Gervasi,24,les Tres Torres,97,5021,12,1,3
2010,5,Sarrià-Sant Gervasi,24,les Tres Torres,97,5021,35,1,4
2010,5,Sarrià-Sant Gervasi,24,les Tres Torres,97,5021,..,1,5
2010,5,Sarrià-Sant Gervasi,24,les Tres Torres,97,5021,7,1,6
2010,5,Sarrià-Sant Gervasi,24,les Tres Torres,97,5021,..,1,7
2010,5,Sarrià-Sant Gervasi,24,les Tres Torres,97,5021,..,1,8
2010,5,Sarrià-Sant Gervasi,24,les Tres Torres,97,5021,..,1,9
2010,5,Sarrià-Sant Gervasi,24,les Tres Torres,97,5021,..,1,10
2010,5,Sarrià-Sant Gervasi,24,les Tres Torres,97,5021,..,1,11
2010,5,Sarrià-Sant Gervasi,24,les Tres Torres,97,5021,..,1,15
2010,5,Sarrià-Sant Gervasi,24,les Tres Torres,97,5021,..,1,16
2010,5,Sarrià-Sant Gervasi,24,les Tres Torres,97,5021,..,2,0
2010,5,Sarrià-Sant Gervasi,24,les Tres Torres,97,5021,5,2,3
2010,5,Sarrià-Sant Gervasi,24,les Tres Torres,97,5021,13,2,4
2010,5,Sarrià-Sant Gervasi,24,les Tres Torres,97,5021,..,2,5
2010,5,Sarrià-Sant Gervasi,24,les Tres Torres,97,5021,..,2,6
2010,5,Sarrià-Sant Gervasi,24,les Tres Torres,97,5021,..,2,7
2010,5,Sarrià-Sant Gervasi,24,les Tres Torres,97,5021,..,2,8
2010,5,Sarrià-Sant Gervasi,24,les Tres Torres,97,5021,..,2,9
2010,5,Sarrià-Sant Gervasi,24,les Tres Torres,97,5021,..,2,10
2010,5,Sarrià-Sant Gervasi,24,les Tres Torres,97,5021,..,2,12
2010,5,Sarrià-Sant Gervasi,24,les Tres Torres,97,5021,..,2,15
2010,5,Sarrià-Sant Gervasi,24,les Tres Torres,98,5022,..,1,0
2010,5,Sarrià-Sant Gervasi,24,les Tres Torres,98,5022,..,1,2
2010,5,Sarrià-Sant Gervasi,24,les Tres Torres,98,5022,..,1,3
2010,5,Sarrià-Sant Gervasi,24,les Tres Torres,98,5022,..,1,4
2010,5,Sarrià-Sant Gervasi,24,les Tres Torres,98,5022,..,1,5
2010,5,Sarrià-Sant Gervasi,24,les Tres Torres,98,5022,..,1,6
2010,5,Sarrià-Sant Gervasi,24,les Tres Torres,98,5022,..,1,7
2010,5,Sarrià-Sant Gervasi,24,les Tres Torres,98,5022,..,1,8
2010,5,Sarrià-Sant Gervasi,24,les Tres Torres,98,5022,..,1,9
2010,5,Sarrià-Sant Gervasi,24,les Tres Torres,98,5022,..,1,10
2010,5,Sarrià-Sant Gervasi,24,les Tres Torres,98,5022,..,1,11
2010,5,Sarrià-Sant Gervasi,24,les Tres Torres,98,5022,..,1,12
2010,5,Sarrià-Sant Gervasi,24,les Tres Torres,98,5022,..,1,13
2010,5,Sarrià-Sant Gervasi,24,les Tres Torres,98,5022,..,1,14
2010,5,Sarrià-Sant Gervasi,24,les Tres Torres,98,5022,..,1,15
2010,5,Sarrià-Sant Gervasi,24,les Tres Torres,98,5022,..,2,0
2010,5,Sarrià-Sant Gervasi,24,les Tres Torres,98,5022,..,2,2
2010,5,Sarrià-Sant Gervasi,24,les Tres Torres,98,5022,..,2,4
2010,5,Sarrià-Sant Gervasi,24,les Tres Torres,98,5022,6,2,5
2010,5,Sarrià-Sant Gervasi,24,les Tres Torres,98,5022,..,2,6
2010,5,Sarrià-Sant Gervasi,24,les Tres Torres,98,5022,..,2,7
2010,5,Sarrià-Sant Gervasi,24,les Tres Torres,98,5022,..,2,8
2010,5,Sarrià-Sant Gervasi,24,les Tres Torres,98,5022,..,2,9
2010,5,Sarrià-Sant Gervasi,24,les Tres Torres,98,5022,..,2,11
2010,5,Sarrià-Sant Gervasi,24,les Tres Torres,98,5022,..,2,13
2010,5,Sarrià-Sant Gervasi,24,les Tres Torres,98,5022,..,2,14
2010,5,Sarrià-Sant Gervasi,24,les Tres Torres,98,5022,..,2,15
2010,5,Sarrià-Sant Gervasi,24,les Tres Torres,98,5022,..,2,16
2010,5,Sarrià-Sant Gervasi,24,les Tres Torres,98,5023,..,1,0
2010,5,Sarrià-Sant Gervasi,24,les Tres Torres,98,5023,..,1,1
2010,5,Sarrià-Sant Gervasi,24,les Tres Torres,98,5023,..,1,3
2010,5,Sarrià-Sant Gervasi,24,les Tres Torres,98,5023,5,1,4
2010,5,Sarrià-Sant Gervasi,24,les Tres Torres,98,5023,9,1,5
2010,5,Sarrià-Sant Gervasi,24,les Tres Torres,98,5023,..,1,6
2010,5,Sarrià-Sant Gervasi,24,les Tres Torres,98,5023,..,1,7
2010,5,Sarrià-Sant Gervasi,24,les Tres Torres,98,5023,..,1,9
2010,5,Sarrià-Sant Gervasi,24,les Tres Torres,98,5023,..,1,10
2010,5,Sarrià-Sant Gervasi,24,les Tres Torres,98,5023,..,1,11
2010,5,Sarrià-Sant Gervasi,24,les Tres Torres,98,5023,..,1,15
2010,5,Sarrià-Sant Gervasi,24,les Tres Torres,98,5023,..,1,16
2010,5,Sarrià-Sant Gervasi,24,les Tres Torres,98,5023,..,1,17
2010,5,Sarrià-Sant Gervasi,24,les Tres Torres,98,5023,..,2,0
2010,5,Sarrià-Sant Gervasi,24,les Tres Torres,98,5023,..,2,1
2010,5,Sarrià-Sant Gervasi,24,les Tres Torres,98,5023,..,2,3
2010,5,Sarrià-Sant Gervasi,24,les Tres Torres,98,5023,..,2,4
2010,5,Sarrià-Sant Gervasi,24,les Tres Torres,98,5023,6,2,5
2010,5,Sarrià-Sant Gervasi,24,les Tres Torres,98,5023,..,2,6
2010,5,Sarrià-Sant Gervasi,24,les Tres Torres,98,5023,..,2,7
2010,5,Sarrià-Sant Gervasi,24,les Tres Torres,98,5023,..,2,8
2010,5,Sarrià-Sant Gervasi,24,les Tres Torres,98,5023,..,2,9
2010,5,Sarrià-Sant Gervasi,24,les Tres Torres,98,5023,..,2,11
2010,5,Sarrià-Sant Gervasi,24,les Tres Torres,98,5023,..,2,12
2010,5,Sarrià-Sant Gervasi,24,les Tres Torres,98,5023,..,2,14
2010,5,Sarrià-Sant Gervasi,24,les Tres Torres,98,5023,..,2,15
2010,5,Sarrià-Sant Gervasi,24,les Tres Torres,98,5024,..,1,0
2010,5,Sarrià-Sant Gervasi,24,les Tres Torres,98,5024,5,1,1
2010,5,Sarrià-Sant Gervasi,24,les Tres Torres,98,5024,..,1,2
2010,5,Sarrià-Sant Gervasi,24,les Tres Torres,98,5024,..,1,3
2010,5,Sarrià-Sant Gervasi,24,les Tres Torres,98,5024,..,1,4
2010,5,Sarrià-Sant Gervasi,24,les Tres Torres,98,5024,5,1,5
2010,5,Sarrià-Sant Gervasi,24,les Tres Torres,98,5024,..,1,6
2010,5,Sarrià-Sant Gervasi,24,les Tres Torres,98,5024,10,1,7
2010,5,Sarrià-Sant Gervasi,24,les Tres Torres,98,5024,..,1,8
2010,5,Sarrià-Sant Gervasi,24,les Tres Torres,98,5024,..,1,9
2010,5,Sarrià-Sant Gervasi,24,les Tres Torres,98,5024,..,1,11
2010,5,Sarrià-Sant Gervasi,24,les Tres Torres,98,5024,..,1,12
2010,5,Sarrià-Sant Gervasi,24,les Tres Torres,98,5024,..,1,13
2010,5,Sarrià-Sant Gervasi,24,les Tres Torres,98,5024,..,1,15
2010,5,Sarrià-Sant Gervasi,24,les Tres Torres,98,5024,..,1,16
2010,5,Sarrià-Sant Gervasi,24,les Tres Torres,98,5024,..,2,0
2010,5,Sarrià-Sant Gervasi,24,les Tres Torres,98,5024,..,2,1
2010,5,Sarrià-Sant Gervasi,24,les Tres Torres,98,5024,..,2,2
2010,5,Sarrià-Sant Gervasi,24,les Tres Torres,98,5024,..,2,5
2010,5,Sarrià-Sant Gervasi,24,les Tres Torres,98,5024,..,2,6
2010,5,Sarrià-Sant Gervasi,24,les Tres Torres,98,5024,..,2,7
2010,5,Sarrià-Sant Gervasi,24,les Tres Torres,98,5024,..,2,8
2010,5,Sarrià-Sant Gervasi,24,les Tres Torres,98,5024,..,2,9
2010,5,Sarrià-Sant Gervasi,24,les Tres Torres,98,5024,..,2,11
2010,5,Sarrià-Sant Gervasi,24,les Tres Torres,98,5024,..,2,12
2010,5,Sarrià-Sant Gervasi,24,les Tres Torres,98,5024,..,2,13
2010,5,Sarrià-Sant Gervasi,24,les Tres Torres,99,5025,..,1,1
2010,5,Sarrià-Sant Gervasi,24,les Tres Torres,99,5025,..,1,4
2010,5,Sarrià-Sant Gervasi,24,les Tres Torres,99,5025,..,1,5
2010,5,Sarrià-Sant Gervasi,24,les Tres Torres,99,5025,..,1,6
2010,5,Sarrià-Sant Gervasi,24,les Tres Torres,99,5025,..,1,7
2010,5,Sarrià-Sant Gervasi,24,les Tres Torres,99,5025,..,1,8
2010,5,Sarrià-Sant Gervasi,24,les Tres Torres,99,5025,..,1,9
2010,5,Sarrià-Sant Gervasi,24,les Tres Torres,99,5025,..,1,10
2010,5,Sarrià-Sant Gervasi,24,les Tres Torres,99,5025,..,1,11
2010,5,Sarrià-Sant Gervasi,24,les Tres Torres,99,5025,..,1,12
2010,5,Sarrià-Sant Gervasi,24,les Tres Torres,99,5025,..,1,13
2010,5,Sarrià-Sant Gervasi,24,les Tres Torres,99,5025,..,1,14
2010,5,Sarrià-Sant Gervasi,24,les Tres Torres,99,5025,..,2,1
2010,5,Sarrià-Sant Gervasi,24,les Tres Torres,99,5025,..,2,2
2010,5,Sarrià-Sant Gervasi,24,les Tres Torres,99,5025,10,2,3
2010,5,Sarrià-Sant Gervasi,24,les Tres Torres,99,5025,12,2,4
2010,5,Sarrià-Sant Gervasi,24,les Tres Torres,99,5025,5,2,5
2010,5,Sarrià-Sant Gervasi,24,les Tres Torres,99,5025,..,2,6
2010,5,Sarrià-Sant Gervasi,24,les Tres Torres,99,5025,..,2,8
2010,5,Sarrià-Sant Gervasi,24,les Tres Torres,99,5025,..,2,10
2010,5,Sarrià-Sant Gervasi,24,les Tres Torres,99,5025,..,2,12
2010,5,Sarrià-Sant Gervasi,24,les Tres Torres,99,5025,..,2,13
2010,5,Sarrià-Sant Gervasi,24,les Tres Torres,99,5025,..,2,15
2010,5,Sarrià-Sant Gervasi,24,les Tres Torres,99,5025,..,2,16
2010,5,Sarrià-Sant Gervasi,24,les Tres Torres,99,5026,..,1,0
2010,5,Sarrià-Sant Gervasi,24,les Tres Torres,99,5026,..,1,1
2010,5,Sarrià-Sant Gervasi,24,les Tres Torres,99,5026,..,1,2
2010,5,Sarrià-Sant Gervasi,24,les Tres Torres,99,5026,..,1,3
2010,5,Sarrià-Sant Gervasi,24,les Tres Torres,99,5026,..,1,4
2010,5,Sarrià-Sant Gervasi,24,les Tres Torres,99,5026,..,1,5
2010,5,Sarrià-Sant Gervasi,24,les Tres Torres,99,5026,..,1,6
2010,5,Sarrià-Sant Gervasi,24,les Tres Torres,99,5026,..,1,7
2010,5,Sarrià-Sant Gervasi,24,les Tres Torres,99,5026,..,1,8
2010,5,Sarrià-Sant Gervasi,24,les Tres Torres,99,5026,..,1,9
2010,5,Sarrià-Sant Gervasi,24,les Tres Torres,99,5026,..,1,11
2010,5,Sarrià-Sant Gervasi,24,les Tres Torres,99,5026,..,1,15
2010,5,Sarrià-Sant Gervasi,24,les Tres Torres,99,5026,..,2,0
2010,5,Sarrià-Sant Gervasi,24,les Tres Torres,99,5026,..,2,1
2010,5,Sarrià-Sant Gervasi,24,les Tres Torres,99,5026,..,2,2
2010,5,Sarrià-Sant Gervasi,24,les Tres Torres,99,5026,..,2,3
2010,5,Sarrià-Sant Gervasi,24,les Tres Torres,99,5026,..,2,4
2010,5,Sarrià-Sant Gervasi,24,les Tres Torres,99,5026,..,2,5
2010,5,Sarrià-Sant Gervasi,24,les Tres Torres,99,5026,..,2,6
2010,5,Sarrià-Sant Gervasi,24,les Tres Torres,99,5026,..,2,7
2010,5,Sarrià-Sant Gervasi,24,les Tres Torres,99,5026,..,2,8
2010,5,Sarrià-Sant Gervasi,24,les Tres Torres,99,5026,..,2,9
2010,5,Sarrià-Sant Gervasi,24,les Tres Torres,99,5027,..,1,0
2010,5,Sarrià-Sant Gervasi,24,les Tres Torres,99,5027,..,1,2
2010,5,Sarrià-Sant Gervasi,24,les Tres Torres,99,5027,..,1,3
2010,5,Sarrià-Sant Gervasi,24,les Tres Torres,99,5027,..,1,4
2010,5,Sarrià-Sant Gervasi,24,les Tres Torres,99,5027,..,1,5
2010,5,Sarrià-Sant Gervasi,24,les Tres Torres,99,5027,5,1,6
2010,5,Sarrià-Sant Gervasi,24,les Tres Torres,99,5027,..,1,7
2010,5,Sarrià-Sant Gervasi,24,les Tres Torres,99,5027,..,1,9
2010,5,Sarrià-Sant Gervasi,24,les Tres Torres,99,5027,..,1,10
2010,5,Sarrià-Sant Gervasi,24,les Tres Torres,99,5027,..,1,12
2010,5,Sarrià-Sant Gervasi,24,les Tres Torres,99,5027,..,1,15
2010,5,Sarrià-Sant Gervasi,24,les Tres Torres,99,5027,..,2,0
2010,5,Sarrià-Sant Gervasi,24,les Tres Torres,99,5027,..,2,3
2010,5,Sarrià-Sant Gervasi,24,les Tres Torres,99,5027,..,2,4
2010,5,Sarrià-Sant Gervasi,24,les Tres Torres,99,5027,..,2,6
2010,5,Sarrià-Sant Gervasi,24,les Tres Torres,99,5027,..,2,7
2010,5,Sarrià-Sant Gervasi,24,les Tres Torres,99,5027,..,2,8
2010,5,Sarrià-Sant Gervasi,24,les Tres Torres,99,5027,..,2,10
2010,5,Sarrià-Sant Gervasi,24,les Tres Torres,99,5027,..,2,11
2010,5,Sarrià-Sant Gervasi,24,les Tres Torres,99,5027,..,2,12
2010,5,Sarrià-Sant Gervasi,24,les Tres Torres,99,5027,..,2,13
2010,5,Sarrià-Sant Gervasi,24,les Tres Torres,99,5028,..,1,0
2010,5,Sarrià-Sant Gervasi,24,les Tres Torres,99,5028,..,1,2
2010,5,Sarrià-Sant Gervasi,24,les Tres Torres,99,5028,..,1,4
2010,5,Sarrià-Sant Gervasi,24,les Tres Torres,99,5028,..,1,5
2010,5,Sarrià-Sant Gervasi,24,les Tres Torres,99,5028,..,1,6
2010,5,Sarrià-Sant Gervasi,24,les Tres Torres,99,5028,5,1,7
2010,5,Sarrià-Sant Gervasi,24,les Tres Torres,99,5028,..,1,8
2010,5,Sarrià-Sant Gervasi,24,les Tres Torres,99,5028,..,1,9
2010,5,Sarrià-Sant Gervasi,24,les Tres Torres,99,5028,..,1,11
2010,5,Sarrià-Sant Gervasi,24,les Tres Torres,99,5028,..,1,14
2010,5,Sarrià-Sant Gervasi,24,les Tres Torres,99,5028,..,1,15
2010,5,Sarrià-Sant Gervasi,24,les Tres Torres,99,5028,..,2,0
2010,5,Sarrià-Sant Gervasi,24,les Tres Torres,99,5028,..,2,1
2010,5,Sarrià-Sant Gervasi,24,les Tres Torres,99,5028,..,2,2
2010,5,Sarrià-Sant Gervasi,24,les Tres Torres,99,5028,..,2,3
2010,5,Sarrià-Sant Gervasi,24,les Tres Torres,99,5028,..,2,4
2010,5,Sarrià-Sant Gervasi,24,les Tres Torres,99,5028,..,2,6
2010,5,Sarrià-Sant Gervasi,24,les Tres Torres,99,5028,..,2,7
2010,5,Sarrià-Sant Gervasi,24,les Tres Torres,99,5028,..,2,8
2010,5,Sarrià-Sant Gervasi,24,les Tres Torres,99,5028,..,2,9
2010,5,Sarrià-Sant Gervasi,24,les Tres Torres,99,5028,..,2,10
2010,5,Sarrià-Sant Gervasi,24,les Tres Torres,99,5028,..,2,11
2010,5,Sarrià-Sant Gervasi,24,les Tres Torres,99,5028,..,2,16
2010,5,Sarrià-Sant Gervasi,24,les Tres Torres,99,5028,..,2,17
2010,5,Sarrià-Sant Gervasi,24,les Tres Torres,99,5029,..,1,0
2010,5,Sarrià-Sant Gervasi,24,les Tres Torres,99,5029,..,1,1
2010,5,Sarrià-Sant Gervasi,24,les Tres Torres,99,5029,..,1,2
2010,5,Sarrià-Sant Gervasi,24,les Tres Torres,99,5029,..,1,3
2010,5,Sarrià-Sant Gervasi,24,les Tres Torres,99,5029,..,1,5
2010,5,Sarrià-Sant Gervasi,24,les Tres Torres,99,5029,..,1,6
2010,5,Sarrià-Sant Gervasi,24,les Tres Torres,99,5029,..,1,7
2010,5,Sarrià-Sant Gervasi,24,les Tres Torres,99,5029,6,1,8
2010,5,Sarrià-Sant Gervasi,24,les Tres Torres,99,5029,..,1,9
2010,5,Sarrià-Sant Gervasi,24,les Tres Torres,99,5029,..,1,10
2010,5,Sarrià-Sant Gervasi,24,les Tres Torres,99,5029,..,1,12
2010,5,Sarrià-Sant Gervasi,24,les Tres Torres,99,5029,..,1,16
2010,5,Sarrià-Sant Gervasi,24,les Tres Torres,99,5029,..,2,0
2010,5,Sarrià-Sant Gervasi,24,les Tres Torres,99,5029,..,2,1
2010,5,Sarrià-Sant Gervasi,24,les Tres Torres,99,5029,..,2,3
2010,5,Sarrià-Sant Gervasi,24,les Tres Torres,99,5029,..,2,4
2010,5,Sarrià-Sant Gervasi,24,les Tres Torres,99,5029,..,2,5
2010,5,Sarrià-Sant Gervasi,24,les Tres Torres,99,5029,..,2,7
2010,5,Sarrià-Sant Gervasi,24,les Tres Torres,99,5029,..,2,8
2010,5,Sarrià-Sant Gervasi,24,les Tres Torres,99,5029,..,2,9
2010,5,Sarrià-Sant Gervasi,24,les Tres Torres,99,5029,..,2,11
2010,5,Sarrià-Sant Gervasi,24,les Tres Torres,99,5029,..,2,12
2010,5,Sarrià-Sant Gervasi,24,les Tres Torres,99,5030,..,1,0
2010,5,Sarrià-Sant Gervasi,24,les Tres Torres,99,5030,..,1,1
2010,5,Sarrià-Sant Gervasi,24,les Tres Torres,99,5030,..,1,4
2010,5,Sarrià-Sant Gervasi,24,les Tres Torres,99,5030,..,1,5
2010,5,Sarrià-Sant Gervasi,24,les Tres Torres,99,5030,7,1,6
2010,5,Sarrià-Sant Gervasi,24,les Tres Torres,99,5030,..,1,7
2010,5,Sarrià-Sant Gervasi,24,les Tres Torres,99,5030,..,1,8
2010,5,Sarrià-Sant Gervasi,24,les Tres Torres,99,5030,..,1,9
2010,5,Sarrià-Sant Gervasi,24,les Tres Torres,99,5030,..,1,10
2010,5,Sarrià-Sant Gervasi,24,les Tres Torres,99,5030,..,1,13
2010,5,Sarrià-Sant Gervasi,24,les Tres Torres,99,5030,..,1,17
2010,5,Sarrià-Sant Gervasi,24,les Tres Torres,99,5030,6,2,0
2010,5,Sarrià-Sant Gervasi,24,les Tres Torres,99,5030,5,2,1
2010,5,Sarrià-Sant Gervasi,24,les Tres Torres,99,5030,..,2,2
2010,5,Sarrià-Sant Gervasi,24,les Tres Torres,99,5030,..,2,4
2010,5,Sarrià-Sant Gervasi,24,les Tres Torres,99,5030,..,2,5
2010,5,Sarrià-Sant Gervasi,24,les Tres Torres,99,5030,..,2,6
2010,5,Sarrià-Sant Gervasi,24,les Tres Torres,99,5030,..,2,7
2010,5,Sarrià-Sant Gervasi,24,les Tres Torres,99,5030,..,2,8
2010,5,Sarrià-Sant Gervasi,24,les Tres Torres,99,5030,..,2,9
2010,5,Sarrià-Sant Gervasi,24,les Tres Torres,99,5030,..,2,10
2010,5,Sarrià-Sant Gervasi,25,Sant Gervasi - la Bonanova,100,5031,..,1,0
2010,5,Sarrià-Sant Gervasi,25,Sant Gervasi - la Bonanova,100,5031,..,1,1
2010,5,Sarrià-Sant Gervasi,25,Sant Gervasi - la Bonanova,100,5031,..,1,3
2010,5,Sarrià-Sant Gervasi,25,Sant Gervasi - la Bonanova,100,5031,..,1,4
2010,5,Sarrià-Sant Gervasi,25,Sant Gervasi - la Bonanova,100,5031,..,1,5
2010,5,Sarrià-Sant Gervasi,25,Sant Gervasi - la Bonanova,100,5031,..,1,6
2010,5,Sarrià-Sant Gervasi,25,Sant Gervasi - la Bonanova,100,5031,..,1,7
2010,5,Sarrià-Sant Gervasi,25,Sant Gervasi - la Bonanova,100,5031,..,1,8
2010,5,Sarrià-Sant Gervasi,25,Sant Gervasi - la Bonanova,100,5031,..,1,10
2010,5,Sarrià-Sant Gervasi,25,Sant Gervasi - la Bonanova,100,5031,..,1,11
2010,5,Sarrià-Sant Gervasi,25,Sant Gervasi - la Bonanova,100,5031,..,1,14
2010,5,Sarrià-Sant Gervasi,25,Sant Gervasi - la Bonanova,100,5031,..,1,15
2010,5,Sarrià-Sant Gervasi,25,Sant Gervasi - la Bonanova,100,5031,..,1,16
2010,5,Sarrià-Sant Gervasi,25,Sant Gervasi - la Bonanova,100,5031,..,1,17
2010,5,Sarrià-Sant Gervasi,25,Sant Gervasi - la Bonanova,100,5031,..,2,0
2010,5,Sarrià-Sant Gervasi,25,Sant Gervasi - la Bonanova,100,5031,..,2,3
2010,5,Sarrià-Sant Gervasi,25,Sant Gervasi - la Bonanova,100,5031,..,2,4
2010,5,Sarrià-Sant Gervasi,25,Sant Gervasi - la Bonanova,100,5031,..,2,5
2010,5,Sarrià-Sant Gervasi,25,Sant Gervasi - la Bonanova,100,5031,..,2,6
2010,5,Sarrià-Sant Gervasi,25,Sant Gervasi - la Bonanova,100,5031,..,2,7
2010,5,Sarrià-Sant Gervasi,25,Sant Gervasi - la Bonanova,100,5031,..,2,8
2010,5,Sarrià-Sant Gervasi,25,Sant Gervasi - la Bonanova,100,5031,..,2,9
2010,5,Sarrià-Sant Gervasi,25,Sant Gervasi - la Bonanova,100,5031,..,2,11
2010,5,Sarrià-Sant Gervasi,25,Sant Gervasi - la Bonanova,100,5032,..,1,0
2010,5,Sarrià-Sant Gervasi,25,Sant Gervasi - la Bonanova,100,5032,..,1,1
2010,5,Sarrià-Sant Gervasi,25,Sant Gervasi - la Bonanova,100,5032,..,1,2
2010,5,Sarrià-Sant Gervasi,25,Sant Gervasi - la Bonanova,100,5032,..,1,4
2010,5,Sarrià-Sant Gervasi,25,Sant Gervasi - la Bonanova,100,5032,..,1,5
2010,5,Sarrià-Sant Gervasi,25,Sant Gervasi - la Bonanova,100,5032,..,1,6
2010,5,Sarrià-Sant Gervasi,25,Sant Gervasi - la Bonanova,100,5032,8,1,7
2010,5,Sarrià-Sant Gervasi,25,Sant Gervasi - la Bonanova,100,5032,6,1,8
2010,5,Sarrià-Sant Gervasi,25,Sant Gervasi - la Bonanova,100,5032,..,1,9
2010,5,Sarrià-Sant Gervasi,25,Sant Gervasi - la Bonanova,100,5032,..,1,11
2010,5,Sarrià-Sant Gervasi,25,Sant Gervasi - la Bonanova,100,5032,..,1,13
2010,5,Sarrià-Sant Gervasi,25,Sant Gervasi - la Bonanova,100,5032,..,2,0
2010,5,Sarrià-Sant Gervasi,25,Sant Gervasi - la Bonanova,100,5032,..,2,1
2010,5,Sarrià-Sant Gervasi,25,Sant Gervasi - la Bonanova,100,5032,..,2,2
2010,5,Sarrià-Sant Gervasi,25,Sant Gervasi - la Bonanova,100,5032,..,2,3
2010,5,Sarrià-Sant Gervasi,25,Sant Gervasi - la Bonanova,100,5032,..,2,4
2010,5,Sarrià-Sant Gervasi,25,Sant Gervasi - la Bonanova,100,5032,..,2,5
2010,5,Sarrià-Sant Gervasi,25,Sant Gervasi - la Bonanova,100,5032,..,2,6
2010,5,Sarrià-Sant Gervasi,25,Sant Gervasi - la Bonanova,100,5032,5,2,7
2010,5,Sarrià-Sant Gervasi,25,Sant Gervasi - la Bonanova,100,5032,8,2,8
2010,5,Sarrià-Sant Gervasi,25,Sant Gervasi - la Bonanova,100,5032,..,2,9
2010,5,Sarrià-Sant Gervasi,25,Sant Gervasi - la Bonanova,100,5032,..,2,10
2010,5,Sarrià-Sant Gervasi,25,Sant Gervasi - la Bonanova,100,5032,..,2,12
2010,5,Sarrià-Sant Gervasi,25,Sant Gervasi - la Bonanova,100,5032,..,2,13
2010,5,Sarrià-Sant Gervasi,25,Sant Gervasi - la Bonanova,100,5032,..,2,16
2010,5,Sarrià-Sant Gervasi,25,Sant Gervasi - la Bonanova,100,5032,..,2,17
2010,5,Sarrià-Sant Gervasi,25,Sant Gervasi - la Bonanova,101,5033,6,1,0
2010,5,Sarrià-Sant Gervasi,25,Sant Gervasi - la Bonanova,101,5033,..,1,2
2010,5,Sarrià-Sant Gervasi,25,Sant Gervasi - la Bonanova,101,5033,..,1,3
2010,5,Sarrià-Sant Gervasi,25,Sant Gervasi - la Bonanova,101,5033,..,1,4
2010,5,Sarrià-Sant Gervasi,25,Sant Gervasi - la Bonanova,101,5033,..,1,5
2010,5,Sarrià-Sant Gervasi,25,Sant Gervasi - la Bonanova,101,5033,..,1,6
2010,5,Sarrià-Sant Gervasi,25,Sant Gervasi - la Bonanova,101,5033,7,1,7
2010,5,Sarrià-Sant Gervasi,25,Sant Gervasi - la Bonanova,101,5033,..,1,8
2010,5,Sarrià-Sant Gervasi,25,Sant Gervasi - la Bonanova,101,5033,..,1,11
2010,5,Sarrià-Sant Gervasi,25,Sant Gervasi - la Bonanova,101,5033,..,1,15
2010,5,Sarrià-Sant Gervasi,25,Sant Gervasi - la Bonanova,101,5033,..,1,16
2010,5,Sarrià-Sant Gervasi,25,Sant Gervasi - la Bonanova,101,5033,..,1,17
2010,5,Sarrià-Sant Gervasi,25,Sant Gervasi - la Bonanova,101,5033,..,1,18
2010,5,Sarrià-Sant Gervasi,25,Sant Gervasi - la Bonanova,101,5033,6,2,0
2010,5,Sarrià-Sant Gervasi,25,Sant Gervasi - la Bonanova,101,5033,..,2,1
2010,5,Sarrià-Sant Gervasi,25,Sant Gervasi - la Bonanova,101,5033,..,2,2
2010,5,Sarrià-Sant Gervasi,25,Sant Gervasi - la Bonanova,101,5033,..,2,3
2010,5,Sarrià-Sant Gervasi,25,Sant Gervasi - la Bonanova,101,5033,..,2,4
2010,5,Sarrià-Sant Gervasi,25,Sant Gervasi - la Bonanova,101,5033,..,2,5
2010,5,Sarrià-Sant Gervasi,25,Sant Gervasi - la Bonanova,101,5033,..,2,6
2010,5,Sarrià-Sant Gervasi,25,Sant Gervasi - la Bonanova,101,5033,..,2,7
2010,5,Sarrià-Sant Gervasi,25,Sant Gervasi - la Bonanova,101,5033,..,2,8
2010,5,Sarrià-Sant Gervasi,25,Sant Gervasi - la Bonanova,101,5033,..,2,10
2010,5,Sarrià-Sant Gervasi,25,Sant Gervasi - la Bonanova,101,5033,..,2,11
2010,5,Sarrià-Sant Gervasi,25,Sant Gervasi - la Bonanova,101,5033,..,2,15
2010,5,Sarrià-Sant Gervasi,25,Sant Gervasi - la Bonanova,101,5033,..,2,17
2010,5,Sarrià-Sant Gervasi,25,Sant Gervasi - la Bonanova,101,5034,..,1,0
2010,5,Sarrià-Sant Gervasi,25,Sant Gervasi - la Bonanova,101,5034,..,1,1
2010,5,Sarrià-Sant Gervasi,25,Sant Gervasi - la Bonanova,101,5034,..,1,3
2010,5,Sarrià-Sant Gervasi,25,Sant Gervasi - la Bonanova,101,5034,8,1,4
2010,5,Sarrià-Sant Gervasi,25,Sant Gervasi - la Bonanova,101,5034,8,1,5
2010,5,Sarrià-Sant Gervasi,25,Sant Gervasi - la Bonanova,101,5034,..,1,6
2010,5,Sarrià-Sant Gervasi,25,Sant Gervasi - la Bonanova,101,5034,..,1,7
2010,5,Sarrià-Sant Gervasi,25,Sant Gervasi - la Bonanova,101,5034,..,1,8
2010,5,Sarrià-Sant Gervasi,25,Sant Gervasi - la Bonanova,101,5034,..,1,9
2010,5,Sarrià-Sant Gervasi,25,Sant Gervasi - la Bonanova,101,5034,..,1,10
2010,5,Sarrià-Sant Gervasi,25,Sant Gervasi - la Bonanova,101,5034,..,1,11
2010,5,Sarrià-Sant Gervasi,25,Sant Gervasi - la Bonanova,101,5034,..,1,12
2010,5,Sarrià-Sant Gervasi,25,Sant Gervasi - la Bonanova,101,5034,..,1,16
2010,5,Sarrià-Sant Gervasi,25,Sant Gervasi - la Bonanova,101,5034,..,2,0
2010,5,Sarrià-Sant Gervasi,25,Sant Gervasi - la Bonanova,101,5034,..,2,1
2010,5,Sarrià-Sant Gervasi,25,Sant Gervasi - la Bonanova,101,5034,..,2,2
2010,5,Sarrià-Sant Gervasi,25,Sant Gervasi - la Bonanova,101,5034,..,2,5
2010,5,Sarrià-Sant Gervasi,25,Sant Gervasi - la Bonanova,101,5034,..,2,6
2010,5,Sarrià-Sant Gervasi,25,Sant Gervasi - la Bonanova,101,5034,..,2,7
2010,5,Sarrià-Sant Gervasi,25,Sant Gervasi - la Bonanova,101,5034,..,2,8
2010,5,Sarrià-Sant Gervasi,25,Sant Gervasi - la Bonanova,101,5034,..,2,10
2010,5,Sarrià-Sant Gervasi,25,Sant Gervasi - la Bonanova,101,5034,..,2,11
2010,5,Sarrià-Sant Gervasi,25,Sant Gervasi - la Bonanova,102,5035,..,1,2
2010,5,Sarrià-Sant Gervasi,25,Sant Gervasi - la Bonanova,102,5035,..,1,3
2010,5,Sarrià-Sant Gervasi,25,Sant Gervasi - la Bonanova,102,5035,..,1,4
2010,5,Sarrià-Sant Gervasi,25,Sant Gervasi - la Bonanova,102,5035,..,1,5
2010,5,Sarrià-Sant Gervasi,25,Sant Gervasi - la Bonanova,102,5035,..,1,6
2010,5,Sarrià-Sant Gervasi,25,Sant Gervasi - la Bonanova,102,5035,..,1,8
2010,5,Sarrià-Sant Gervasi,25,Sant Gervasi - la Bonanova,102,5035,..,1,9
2010,5,Sarrià-Sant Gervasi,25,Sant Gervasi - la Bonanova,102,5035,..,1,11
2010,5,Sarrià-Sant Gervasi,25,Sant Gervasi - la Bonanova,102,5035,..,1,12
2010,5,Sarrià-Sant Gervasi,25,Sant Gervasi - la Bonanova,102,5035,..,1,13
2010,5,Sarrià-Sant Gervasi,25,Sant Gervasi - la Bonanova,102,5035,..,1,17
2010,5,Sarrià-Sant Gervasi,25,Sant Gervasi - la Bonanova,102,5035,..,2,4
2010,5,Sarrià-Sant Gervasi,25,Sant Gervasi - la Bonanova,102,5035,..,2,5
2010,5,Sarrià-Sant Gervasi,25,Sant Gervasi - la Bonanova,102,5035,..,2,6
2010,5,Sarrià-Sant Gervasi,25,Sant Gervasi - la Bonanova,102,5035,..,2,7
2010,5,Sarrià-Sant Gervasi,25,Sant Gervasi - la Bonanova,102,5035,..,2,8
2010,5,Sarrià-Sant Gervasi,25,Sant Gervasi - la Bonanova,102,5035,..,2,9
2010,5,Sarrià-Sant Gervasi,25,Sant Gervasi - la Bonanova,102,5035,..,2,15
2010,5,Sarrià-Sant Gervasi,25,Sant Gervasi - la Bonanova,102,5035,..,2,17
2010,5,Sarrià-Sant Gervasi,25,Sant Gervasi - la Bonanova,102,5036,..,1,0
2010,5,Sarrià-Sant Gervasi,25,Sant Gervasi - la Bonanova,102,5036,..,1,2
2010,5,Sarrià-Sant Gervasi,25,Sant Gervasi - la Bonanova,102,5036,..,1,3
2010,5,Sarrià-Sant Gervasi,25,Sant Gervasi - la Bonanova,102,5036,..,1,4
2010,5,Sarrià-Sant Gervasi,25,Sant Gervasi - la Bonanova,102,5036,..,1,5
2010,5,Sarrià-Sant Gervasi,25,Sant Gervasi - la Bonanova,102,5036,..,1,6
2010,5,Sarrià-Sant Gervasi,25,Sant Gervasi - la Bonanova,102,5036,6,1,7
2010,5,Sarrià-Sant Gervasi,25,Sant Gervasi - la Bonanova,102,5036,..,1,8
2010,5,Sarrià-Sant Gervasi,25,Sant Gervasi - la Bonanova,102,5036,..,1,9
2010,5,Sarrià-Sant Gervasi,25,Sant Gervasi - la Bonanova,102,5036,..,1,10
2010,5,Sarrià-Sant Gervasi,25,Sant Gervasi - la Bonanova,102,5036,..,1,11
2010,5,Sarrià-Sant Gervasi,25,Sant Gervasi - la Bonanova,102,5036,..,1,12
2010,5,Sarrià-Sant Gervasi,25,Sant Gervasi - la Bonanova,102,5036,..,1,13
2010,5,Sarrià-Sant Gervasi,25,Sant Gervasi - la Bonanova,102,5036,..,2,0
2010,5,Sarrià-Sant Gervasi,25,Sant Gervasi - la Bonanova,102,5036,..,2,1
2010,5,Sarrià-Sant Gervasi,25,Sant Gervasi - la Bonanova,102,5036,..,2,2
2010,5,Sarrià-Sant Gervasi,25,Sant Gervasi - la Bonanova,102,5036,..,2,3
2010,5,Sarrià-Sant Gervasi,25,Sant Gervasi - la Bonanova,102,5036,..,2,4
2010,5,Sarrià-Sant Gervasi,25,Sant Gervasi - la Bonanova,102,5036,..,2,5
2010,5,Sarrià-Sant Gervasi,25,Sant Gervasi - la Bonanova,102,5036,..,2,6
2010,5,Sarrià-Sant Gervasi,25,Sant Gervasi - la Bonanova,102,5036,..,2,7
2010,5,Sarrià-Sant Gervasi,25,Sant Gervasi - la Bonanova,102,5036,..,2,8
2010,5,Sarrià-Sant Gervasi,25,Sant Gervasi - la Bonanova,102,5036,..,2,9
2010,5,Sarrià-Sant Gervasi,25,Sant Gervasi - la Bonanova,102,5036,..,2,10
2010,5,Sarrià-Sant Gervasi,25,Sant Gervasi - la Bonanova,102,5036,..,2,11
2010,5,Sarrià-Sant Gervasi,25,Sant Gervasi - la Bonanova,102,5036,..,2,12
2010,5,Sarrià-Sant Gervasi,25,Sant Gervasi - la Bonanova,102,5036,..,2,13
2010,5,Sarrià-Sant Gervasi,25,Sant Gervasi - la Bonanova,102,5037,..,1,0
2010,5,Sarrià-Sant Gervasi,25,Sant Gervasi - la Bonanova,102,5037,..,1,1
2010,5,Sarrià-Sant Gervasi,25,Sant Gervasi - la Bonanova,102,5037,..,1,3
2010,5,Sarrià-Sant Gervasi,25,Sant Gervasi - la Bonanova,102,5037,..,1,4
2010,5,Sarrià-Sant Gervasi,25,Sant Gervasi - la Bonanova,102,5037,5,1,5
2010,5,Sarrià-Sant Gervasi,25,Sant Gervasi - la Bonanova,102,5037,..,1,6
2010,5,Sarrià-Sant Gervasi,25,Sant Gervasi - la Bonanova,102,5037,..,1,7
2010,5,Sarrià-Sant Gervasi,25,Sant Gervasi - la Bonanova,102,5037,..,1,8
2010,5,Sarrià-Sant Gervasi,25,Sant Gervasi - la Bonanova,102,5037,..,1,9
2010,5,Sarrià-Sant Gervasi,25,Sant Gervasi - la Bonanova,102,5037,..,1,10
2010,5,Sarrià-Sant Gervasi,25,Sant Gervasi - la Bonanova,102,5037,..,1,12
2010,5,Sarrià-Sant Gervasi,25,Sant Gervasi - la Bonanova,102,5037,..,1,13
2010,5,Sarrià-Sant Gervasi,25,Sant Gervasi - la Bonanova,102,5037,..,2,0
2010,5,Sarrià-Sant Gervasi,25,Sant Gervasi - la Bonanova,102,5037,..,2,4
2010,5,Sarrià-Sant Gervasi,25,Sant Gervasi - la Bonanova,102,5037,..,2,6
2010,5,Sarrià-Sant Gervasi,25,Sant Gervasi - la Bonanova,102,5037,..,2,7
2010,5,Sarrià-Sant Gervasi,25,Sant Gervasi - la Bonanova,102,5037,..,2,8
2010,5,Sarrià-Sant Gervasi,25,Sant Gervasi - la Bonanova,102,5037,..,2,9
2010,5,Sarrià-Sant Gervasi,25,Sant Gervasi - la Bonanova,102,5037,..,2,11
2010,5,Sarrià-Sant Gervasi,25,Sant Gervasi - la Bonanova,102,5037,..,2,12
2010,5,Sarrià-Sant Gervasi,25,Sant Gervasi - la Bonanova,102,5037,..,2,14
2010,5,Sarrià-Sant Gervasi,25,Sant Gervasi - la Bonanova,102,5038,..,1,0
2010,5,Sarrià-Sant Gervasi,25,Sant Gervasi - la Bonanova,102,5038,6,1,1
2010,5,Sarrià-Sant Gervasi,25,Sant Gervasi - la Bonanova,102,5038,..,1,2
2010,5,Sarrià-Sant Gervasi,25,Sant Gervasi - la Bonanova,102,5038,..,1,3
2010,5,Sarrià-Sant Gervasi,25,Sant Gervasi - la Bonanova,102,5038,5,1,4
2010,5,Sarrià-Sant Gervasi,25,Sant Gervasi - la Bonanova,102,5038,7,1,5
2010,5,Sarrià-Sant Gervasi,25,Sant Gervasi - la Bonanova,102,5038,..,1,6
2010,5,Sarrià-Sant Gervasi,25,Sant Gervasi - la Bonanova,102,5038,..,1,7
2010,5,Sarrià-Sant Gervasi,25,Sant Gervasi - la Bonanova,102,5038,..,1,8
2010,5,Sarrià-Sant Gervasi,25,Sant Gervasi - la Bonanova,102,5038,..,1,9
2010,5,Sarrià-Sant Gervasi,25,Sant Gervasi - la Bonanova,102,5038,..,1,11
2010,5,Sarrià-Sant Gervasi,25,Sant Gervasi - la Bonanova,102,5038,..,1,12
2010,5,Sarrià-Sant Gervasi,25,Sant Gervasi - la Bonanova,102,5038,..,1,13
2010,5,Sarrià-Sant Gervasi,25,Sant Gervasi - la Bonanova,102,5038,..,1,15
2010,5,Sarrià-Sant Gervasi,25,Sant Gervasi - la Bonanova,102,5038,..,2,1
2010,5,Sarrià-Sant Gervasi,25,Sant Gervasi - la Bonanova,102,5038,..,2,3
2010,5,Sarrià-Sant Gervasi,25,Sant Gervasi - la Bonanova,102,5038,6,2,4
2010,5,Sarrià-Sant Gervasi,25,Sant Gervasi - la Bonanova,102,5038,10,2,5
2010,5,Sarrià-Sant Gervasi,25,Sant Gervasi - la Bonanova,102,5038,..,2,6
2010,5,Sarrià-Sant Gervasi,25,Sant Gervasi - la Bonanova,102,5038,..,2,7
2010,5,Sarrià-Sant Gervasi,25,Sant Gervasi - la Bonanova,102,5038,7,2,8
2010,5,Sarrià-Sant Gervasi,25,Sant Gervasi - la Bonanova,102,5038,..,2,9
2010,5,Sarrià-Sant Gervasi,25,Sant Gervasi - la Bonanova,102,5038,..,2,11
2010,5,Sarrià-Sant Gervasi,25,Sant Gervasi - la Bonanova,102,5038,..,2,12
2010,5,Sarrià-Sant Gervasi,25,Sant Gervasi - la Bonanova,102,5038,..,2,13
2010,5,Sarrià-Sant Gervasi,25,Sant Gervasi - la Bonanova,102,5038,..,2,16
2010,5,Sarrià-Sant Gervasi,25,Sant Gervasi - la Bonanova,102,5039,..,1,1
2010,5,Sarrià-Sant Gervasi,25,Sant Gervasi - la Bonanova,102,5039,..,1,2
2010,5,Sarrià-Sant Gervasi,25,Sant Gervasi - la Bonanova,102,5039,..,1,4
2010,5,Sarrià-Sant Gervasi,25,Sant Gervasi - la Bonanova,102,5039,7,1,5
2010,5,Sarrià-Sant Gervasi,25,Sant Gervasi - la Bonanova,102,5039,..,1,7
2010,5,Sarrià-Sant Gervasi,25,Sant Gervasi - la Bonanova,102,5039,..,1,8
2010,5,Sarrià-Sant Gervasi,25,Sant Gervasi - la Bonanova,102,5039,..,1,11
2010,5,Sarrià-Sant Gervasi,25,Sant Gervasi - la Bonanova,102,5039,..,1,12
2010,5,Sarrià-Sant Gervasi,25,Sant Gervasi - la Bonanova,102,5039,..,1,13
2010,5,Sarrià-Sant Gervasi,25,Sant Gervasi - la Bonanova,102,5039,..,2,1
2010,5,Sarrià-Sant Gervasi,25,Sant Gervasi - la Bonanova,102,5039,..,2,2
2010,5,Sarrià-Sant Gervasi,25,Sant Gervasi - la Bonanova,102,5039,..,2,3
2010,5,Sarrià-Sant Gervasi,25,Sant Gervasi - la Bonanova,102,5039,..,2,5
2010,5,Sarrià-Sant Gervasi,25,Sant Gervasi - la Bonanova,102,5039,..,2,6
2010,5,Sarrià-Sant Gervasi,25,Sant Gervasi - la Bonanova,102,5039,..,2,7
2010,5,Sarrià-Sant Gervasi,25,Sant Gervasi - la Bonanova,102,5039,..,2,8
2010,5,Sarrià-Sant Gervasi,25,Sant Gervasi - la Bonanova,102,5039,..,2,10
2010,5,Sarrià-Sant Gervasi,25,Sant Gervasi - la Bonanova,102,5039,..,2,12
2010,5,Sarrià-Sant Gervasi,25,Sant Gervasi - la Bonanova,102,5039,..,2,17
2010,5,Sarrià-Sant Gervasi,25,Sant Gervasi - la Bonanova,102,5039,..,2,18
2010,5,Sarrià-Sant Gervasi,25,Sant Gervasi - la Bonanova,102,5040,..,1,0
2010,5,Sarrià-Sant Gervasi,25,Sant Gervasi - la Bonanova,102,5040,..,1,2
2010,5,Sarrià-Sant Gervasi,25,Sant Gervasi - la Bonanova,102,5040,..,1,3
2010,5,Sarrià-Sant Gervasi,25,Sant Gervasi - la Bonanova,102,5040,..,1,4
2010,5,Sarrià-Sant Gervasi,25,Sant Gervasi - la Bonanova,102,5040,5,1,5
2010,5,Sarrià-Sant Gervasi,25,Sant Gervasi - la Bonanova,102,5040,5,1,6
2010,5,Sarrià-Sant Gervasi,25,Sant Gervasi - la Bonanova,102,5040,6,1,7
2010,5,Sarrià-Sant Gervasi,25,Sant Gervasi - la Bonanova,102,5040,..,1,8
2010,5,Sarrià-Sant Gervasi,25,Sant Gervasi - la Bonanova,102,5040,..,1,9
2010,5,Sarrià-Sant Gervasi,25,Sant Gervasi - la Bonanova,102,5040,..,1,10
2010,5,Sarrià-Sant Gervasi,25,Sant Gervasi - la Bonanova,102,5040,..,1,11
2010,5,Sarrià-Sant Gervasi,25,Sant Gervasi - la Bonanova,102,5040,..,1,12
2010,5,Sarrià-Sant Gervasi,25,Sant Gervasi - la Bonanova,102,5040,..,1,13
2010,5,Sarrià-Sant Gervasi,25,Sant Gervasi - la Bonanova,102,5040,..,1,16
2010,5,Sarrià-Sant Gervasi,25,Sant Gervasi - la Bonanova,102,5040,..,2,0
2010,5,Sarrià-Sant Gervasi,25,Sant Gervasi - la Bonanova,102,5040,..,2,1
2010,5,Sarrià-Sant Gervasi,25,Sant Gervasi - la Bonanova,102,5040,..,2,2
2010,5,Sarrià-Sant Gervasi,25,Sant Gervasi - la Bonanova,102,5040,7,2,5
2010,5,Sarrià-Sant Gervasi,25,Sant Gervasi - la Bonanova,102,5040,..,2,6
2010,5,Sarrià-Sant Gervasi,25,Sant Gervasi - la Bonanova,102,5040,..,2,7
2010,5,Sarrià-Sant Gervasi,25,Sant Gervasi - la Bonanova,102,5040,..,2,8
2010,5,Sarrià-Sant Gervasi,25,Sant Gervasi - la Bonanova,102,5040,..,2,9
2010,5,Sarrià-Sant Gervasi,25,Sant Gervasi - la Bonanova,102,5040,..,2,12
2010,5,Sarrià-Sant Gervasi,25,Sant Gervasi - la Bonanova,102,5041,5,1,0
2010,5,Sarrià-Sant Gervasi,25,Sant Gervasi - la Bonanova,102,5041,..,1,1
2010,5,Sarrià-Sant Gervasi,25,Sant Gervasi - la Bonanova,102,5041,..,1,2
2010,5,Sarrià-Sant Gervasi,25,Sant Gervasi - la Bonanova,102,5041,5,1,3
2010,5,Sarrià-Sant Gervasi,25,Sant Gervasi - la Bonanova,102,5041,21,1,4
2010,5,Sarrià-Sant Gervasi,25,Sant Gervasi - la Bonanova,102,5041,39,1,5
2010,5,Sarrià-Sant Gervasi,25,Sant Gervasi - la Bonanova,102,5041,27,1,6
2010,5,Sarrià-Sant Gervasi,25,Sant Gervasi - la Bonanova,102,5041,19,1,7
2010,5,Sarrià-Sant Gervasi,25,Sant Gervasi - la Bonanova,102,5041,16,1,8
2010,5,Sarrià-Sant Gervasi,25,Sant Gervasi - la Bonanova,102,5041,14,1,9
2010,5,Sarrià-Sant Gervasi,25,Sant Gervasi - la Bonanova,102,5041,9,1,10
2010,5,Sarrià-Sant Gervasi,25,Sant Gervasi - la Bonanova,102,5041,..,1,11
2010,5,Sarrià-Sant Gervasi,25,Sant Gervasi - la Bonanova,102,5041,..,1,12
2010,5,Sarrià-Sant Gervasi,25,Sant Gervasi - la Bonanova,102,5041,..,1,15
2010,5,Sarrià-Sant Gervasi,25,Sant Gervasi - la Bonanova,102,5041,5,2,0
2010,5,Sarrià-Sant Gervasi,25,Sant Gervasi - la Bonanova,102,5041,5,2,1
2010,5,Sarrià-Sant Gervasi,25,Sant Gervasi - la Bonanova,102,5041,..,2,2
2010,5,Sarrià-Sant Gervasi,25,Sant Gervasi - la Bonanova,102,5041,14,2,3
2010,5,Sarrià-Sant Gervasi,25,Sant Gervasi - la Bonanova,102,5041,102,2,4
2010,5,Sarrià-Sant Gervasi,25,Sant Gervasi - la Bonanova,102,5041,130,2,5
2010,5,Sarrià-Sant Gervasi,25,Sant Gervasi - la Bonanova,102,5041,94,2,6
2010,5,Sarrià-Sant Gervasi,25,Sant Gervasi - la Bonanova,102,5041,58,2,7
2010,5,Sarrià-Sant Gervasi,25,Sant Gervasi - la Bonanova,102,5041,38,2,8
2010,5,Sarrià-Sant Gervasi,25,Sant Gervasi - la Bonanova,102,5041,21,2,9
2010,5,Sarrià-Sant Gervasi,25,Sant Gervasi - la Bonanova,102,5041,12,2,10
2010,5,Sarrià-Sant Gervasi,25,Sant Gervasi - la Bonanova,102,5041,7,2,11
2010,5,Sarrià-Sant Gervasi,25,Sant Gervasi - la Bonanova,102,5041,..,2,12
2010,5,Sarrià-Sant Gervasi,25,Sant Gervasi - la Bonanova,102,5041,..,2,14
2010,5,Sarrià-Sant Gervasi,25,Sant Gervasi - la Bonanova,102,5041,..,2,15
2010,5,Sarrià-Sant Gervasi,25,Sant Gervasi - la Bonanova,103,5042,..,1,2
2010,5,Sarrià-Sant Gervasi,25,Sant Gervasi - la Bonanova,103,5042,..,1,3
2010,5,Sarrià-Sant Gervasi,25,Sant Gervasi - la Bonanova,103,5042,..,1,4
2010,5,Sarrià-Sant Gervasi,25,Sant Gervasi - la Bonanova,103,5042,5,1,5
2010,5,Sarrià-Sant Gervasi,25,Sant Gervasi - la Bonanova,103,5042,..,1,6
2010,5,Sarrià-Sant Gervasi,25,Sant Gervasi - la Bonanova,103,5042,..,1,7
2010,5,Sarrià-Sant Gervasi,25,Sant Gervasi - la Bonanova,103,5042,..,1,8
2010,5,Sarrià-Sant Gervasi,25,Sant Gervasi - la Bonanova,103,5042,..,1,9
2010,5,Sarrià-Sant Gervasi,25,Sant Gervasi - la Bonanova,103,5042,..,1,14
2010,5,Sarrià-Sant Gervasi,25,Sant Gervasi - la Bonanova,103,5042,..,1,16
2010,5,Sarrià-Sant Gervasi,25,Sant Gervasi - la Bonanova,103,5042,..,2,2
2010,5,Sarrià-Sant Gervasi,25,Sant Gervasi - la Bonanova,103,5042,..,2,3
2010,5,Sarrià-Sant Gervasi,25,Sant Gervasi - la Bonanova,103,5042,..,2,4
2010,5,Sarrià-Sant Gervasi,25,Sant Gervasi - la Bonanova,103,5042,..,2,5
2010,5,Sarrià-Sant Gervasi,25,Sant Gervasi - la Bonanova,103,5042,..,2,6
2010,5,Sarrià-Sant Gervasi,25,Sant Gervasi - la Bonanova,103,5042,..,2,7
2010,5,Sarrià-Sant Gervasi,25,Sant Gervasi - la Bonanova,103,5042,..,2,8
2010,5,Sarrià-Sant Gervasi,25,Sant Gervasi - la Bonanova,103,5042,..,2,9
2010,5,Sarrià-Sant Gervasi,25,Sant Gervasi - la Bonanova,103,5043,..,1,0
2010,5,Sarrià-Sant Gervasi,25,Sant Gervasi - la Bonanova,103,5043,..,1,1
2010,5,Sarrià-Sant Gervasi,25,Sant Gervasi - la Bonanova,103,5043,..,1,2
2010,5,Sarrià-Sant Gervasi,25,Sant Gervasi - la Bonanova,103,5043,5,1,4
2010,5,Sarrià-Sant Gervasi,25,Sant Gervasi - la Bonanova,103,5043,7,1,5
2010,5,Sarrià-Sant Gervasi,25,Sant Gervasi - la Bonanova,103,5043,..,1,6
2010,5,Sarrià-Sant Gervasi,25,Sant Gervasi - la Bonanova,103,5043,..,1,7
2010,5,Sarrià-Sant Gervasi,25,Sant Gervasi - la Bonanova,103,5043,5,1,8
2010,5,Sarrià-Sant Gervasi,25,Sant Gervasi - la Bonanova,103,5043,..,1,9
2010,5,Sarrià-Sant Gervasi,25,Sant Gervasi - la Bonanova,103,5043,..,1,10
2010,5,Sarrià-Sant Gervasi,25,Sant Gervasi - la Bonanova,103,5043,..,1,11
2010,5,Sarrià-Sant Gervasi,25,Sant Gervasi - la Bonanova,103,5043,..,1,12
2010,5,Sarrià-Sant Gervasi,25,Sant Gervasi - la Bonanova,103,5043,..,1,17
2010,5,Sarrià-Sant Gervasi,25,Sant Gervasi - la Bonanova,103,5043,..,2,0
2010,5,Sarrià-Sant Gervasi,25,Sant Gervasi - la Bonanova,103,5043,..,2,1
2010,5,Sarrià-Sant Gervasi,25,Sant Gervasi - la Bonanova,103,5043,..,2,2
2010,5,Sarrià-Sant Gervasi,25,Sant Gervasi - la Bonanova,103,5043,..,2,3
2010,5,Sarrià-Sant Gervasi,25,Sant Gervasi - la Bonanova,103,5043,..,2,4
2010,5,Sarrià-Sant Gervasi,25,Sant Gervasi - la Bonanova,103,5043,8,2,5
2010,5,Sarrià-Sant Gervasi,25,Sant Gervasi - la Bonanova,103,5043,..,2,6
2010,5,Sarrià-Sant Gervasi,25,Sant Gervasi - la Bonanova,103,5043,..,2,7
2010,5,Sarrià-Sant Gervasi,25,Sant Gervasi - la Bonanova,103,5043,..,2,8
2010,5,Sarrià-Sant Gervasi,25,Sant Gervasi - la Bonanova,103,5043,..,2,9
2010,5,Sarrià-Sant Gervasi,25,Sant Gervasi - la Bonanova,103,5043,..,2,10
2010,5,Sarrià-Sant Gervasi,25,Sant Gervasi - la Bonanova,103,5043,..,2,11
2010,5,Sarrià-Sant Gervasi,25,Sant Gervasi - la Bonanova,103,5043,..,2,12
2010,5,Sarrià-Sant Gervasi,25,Sant Gervasi - la Bonanova,103,5044,..,1,0
2010,5,Sarrià-Sant Gervasi,25,Sant Gervasi - la Bonanova,103,5044,..,1,2
2010,5,Sarrià-Sant Gervasi,25,Sant Gervasi - la Bonanova,103,5044,..,1,3
2010,5,Sarrià-Sant Gervasi,25,Sant Gervasi - la Bonanova,103,5044,..,1,4
2010,5,Sarrià-Sant Gervasi,25,Sant Gervasi - la Bonanova,103,5044,..,1,5
2010,5,Sarrià-Sant Gervasi,25,Sant Gervasi - la Bonanova,103,5044,11,1,6
2010,5,Sarrià-Sant Gervasi,25,Sant Gervasi - la Bonanova,103,5044,..,1,7
2010,5,Sarrià-Sant Gervasi,25,Sant Gervasi - la Bonanova,103,5044,..,1,8
2010,5,Sarrià-Sant Gervasi,25,Sant Gervasi - la Bonanova,103,5044,..,1,9
2010,5,Sarrià-Sant Gervasi,25,Sant Gervasi - la Bonanova,103,5044,..,1,10
2010,5,Sarrià-Sant Gervasi,25,Sant Gervasi - la Bonanova,103,5044,..,1,12
2010,5,Sarrià-Sant Gervasi,25,Sant Gervasi - la Bonanova,103,5044,..,1,13
2010,5,Sarrià-Sant Gervasi,25,Sant Gervasi - la Bonanova,103,5044,..,1,14
2010,5,Sarrià-Sant Gervasi,25,Sant Gervasi - la Bonanova,103,5044,..,1,16
2010,5,Sarrià-Sant Gervasi,25,Sant Gervasi - la Bonanova,103,5044,..,2,0
2010,5,Sarrià-Sant Gervasi,25,Sant Gervasi - la Bonanova,103,5044,..,2,2
2010,5,Sarrià-Sant Gervasi,25,Sant Gervasi - la Bonanova,103,5044,..,2,4
2010,5,Sarrià-Sant Gervasi,25,Sant Gervasi - la Bonanova,103,5044,..,2,5
2010,5,Sarrià-Sant Gervasi,25,Sant Gervasi - la Bonanova,103,5044,..,2,6
2010,5,Sarrià-Sant Gervasi,25,Sant Gervasi - la Bonanova,103,5044,..,2,7
2010,5,Sarrià-Sant Gervasi,25,Sant Gervasi - la Bonanova,103,5044,..,2,8
2010,5,Sarrià-Sant Gervasi,25,Sant Gervasi - la Bonanova,103,5045,..,1,0
2010,5,Sarrià-Sant Gervasi,25,Sant Gervasi - la Bonanova,103,5045,..,1,1
2010,5,Sarrià-Sant Gervasi,25,Sant Gervasi - la Bonanova,103,5045,..,1,2
2010,5,Sarrià-Sant Gervasi,25,Sant Gervasi - la Bonanova,103,5045,5,1,3
2010,5,Sarrià-Sant Gervasi,25,Sant Gervasi - la Bonanova,103,5045,..,1,4
2010,5,Sarrià-Sant Gervasi,25,Sant Gervasi - la Bonanova,103,5045,..,1,5
2010,5,Sarrià-Sant Gervasi,25,Sant Gervasi - la Bonanova,103,5045,..,1,6
2010,5,Sarrià-Sant Gervasi,25,Sant Gervasi - la Bonanova,103,5045,..,1,7
2010,5,Sarrià-Sant Gervasi,25,Sant Gervasi - la Bonanova,103,5045,..,1,8
2010,5,Sarrià-Sant Gervasi,25,Sant Gervasi - la Bonanova,103,5045,..,1,9
2010,5,Sarrià-Sant Gervasi,25,Sant Gervasi - la Bonanova,103,5045,..,1,10
2010,5,Sarrià-Sant Gervasi,25,Sant Gervasi - la Bonanova,103,5045,..,1,11
2010,5,Sarrià-Sant Gervasi,25,Sant Gervasi - la Bonanova,103,5045,..,1,15
2010,5,Sarrià-Sant Gervasi,25,Sant Gervasi - la Bonanova,103,5045,..,2,0
2010,5,Sarrià-Sant Gervasi,25,Sant Gervasi - la Bonanova,103,5045,..,2,1
2010,5,Sarrià-Sant Gervasi,25,Sant Gervasi - la Bonanova,103,5045,..,2,3
2010,5,Sarrià-Sant Gervasi,25,Sant Gervasi - la Bonanova,103,5045,..,2,5
2010,5,Sarrià-Sant Gervasi,25,Sant Gervasi - la Bonanova,103,5045,..,2,6
2010,5,Sarrià-Sant Gervasi,25,Sant Gervasi - la Bonanova,103,5045,..,2,7
2010,5,Sarrià-Sant Gervasi,25,Sant Gervasi - la Bonanova,103,5045,..,2,8
2010,5,Sarrià-Sant Gervasi,25,Sant Gervasi - la Bonanova,103,5045,..,2,9
2010,5,Sarrià-Sant Gervasi,25,Sant Gervasi - la Bonanova,103,5045,..,2,10
2010,5,Sarrià-Sant Gervasi,25,Sant Gervasi - la Bonanova,103,5045,..,2,12
2010,5,Sarrià-Sant Gervasi,25,Sant Gervasi - la Bonanova,103,5045,..,2,14
2010,5,Sarrià-Sant Gervasi,25,Sant Gervasi - la Bonanova,103,5046,..,1,0
2010,5,Sarrià-Sant Gervasi,25,Sant Gervasi - la Bonanova,103,5046,..,1,1
2010,5,Sarrià-Sant Gervasi,25,Sant Gervasi - la Bonanova,103,5046,..,1,3
2010,5,Sarrià-Sant Gervasi,25,Sant Gervasi - la Bonanova,103,5046,6,1,5
2010,5,Sarrià-Sant Gervasi,25,Sant Gervasi - la Bonanova,103,5046,..,1,6
2010,5,Sarrià-Sant Gervasi,25,Sant Gervasi - la Bonanova,103,5046,..,1,7
2010,5,Sarrià-Sant Gervasi,25,Sant Gervasi - la Bonanova,103,5046,..,1,13
2010,5,Sarrià-Sant Gervasi,25,Sant Gervasi - la Bonanova,103,5046,..,1,17
2010,5,Sarrià-Sant Gervasi,25,Sant Gervasi - la Bonanova,103,5046,..,2,0
2010,5,Sarrià-Sant Gervasi,25,Sant Gervasi - la Bonanova,103,5046,..,2,1
2010,5,Sarrià-Sant Gervasi,25,Sant Gervasi - la Bonanova,103,5046,..,2,3
2010,5,Sarrià-Sant Gervasi,25,Sant Gervasi - la Bonanova,103,5046,..,2,4
2010,5,Sarrià-Sant Gervasi,25,Sant Gervasi - la Bonanova,103,5046,..,2,5
2010,5,Sarrià-Sant Gervasi,25,Sant Gervasi - la Bonanova,103,5046,..,2,6
2010,5,Sarrià-Sant Gervasi,25,Sant Gervasi - la Bonanova,103,5046,..,2,7
2010,5,Sarrià-Sant Gervasi,25,Sant Gervasi - la Bonanova,103,5046,..,2,9
2010,5,Sarrià-Sant Gervasi,25,Sant Gervasi - la Bonanova,103,5047,..,1,0
2010,5,Sarrià-Sant Gervasi,25,Sant Gervasi - la Bonanova,103,5047,..,1,1
2010,5,Sarrià-Sant Gervasi,25,Sant Gervasi - la Bonanova,103,5047,..,1,3
2010,5,Sarrià-Sant Gervasi,25,Sant Gervasi - la Bonanova,103,5047,..,1,4
2010,5,Sarrià-Sant Gervasi,25,Sant Gervasi - la Bonanova,103,5047,5,1,5
2010,5,Sarrià-Sant Gervasi,25,Sant Gervasi - la Bonanova,103,5047,..,1,6
2010,5,Sarrià-Sant Gervasi,25,Sant Gervasi - la Bonanova,103,5047,..,1,7
2010,5,Sarrià-Sant Gervasi,25,Sant Gervasi - la Bonanova,103,5047,..,1,9
2010,5,Sarrià-Sant Gervasi,25,Sant Gervasi - la Bonanova,103,5047,..,1,10
2010,5,Sarrià-Sant Gervasi,25,Sant Gervasi - la Bonanova,103,5047,..,2,0
2010,5,Sarrià-Sant Gervasi,25,Sant Gervasi - la Bonanova,103,5047,..,2,1
2010,5,Sarrià-Sant Gervasi,25,Sant Gervasi - la Bonanova,103,5047,..,2,2
2010,5,Sarrià-Sant Gervasi,25,Sant Gervasi - la Bonanova,103,5047,..,2,5
2010,5,Sarrià-Sant Gervasi,25,Sant Gervasi - la Bonanova,103,5047,..,2,6
2010,5,Sarrià-Sant Gervasi,25,Sant Gervasi - la Bonanova,103,5047,..,2,7
2010,5,Sarrià-Sant Gervasi,25,Sant Gervasi - la Bonanova,103,5047,..,2,8
2010,5,Sarrià-Sant Gervasi,25,Sant Gervasi - la Bonanova,103,5047,..,2,9
2010,5,Sarrià-Sant Gervasi,25,Sant Gervasi - la Bonanova,103,5047,..,2,10
2010,5,Sarrià-Sant Gervasi,25,Sant Gervasi - la Bonanova,103,5048,..,1,3
2010,5,Sarrià-Sant Gervasi,25,Sant Gervasi - la Bonanova,103,5048,..,1,5
2010,5,Sarrià-Sant Gervasi,25,Sant Gervasi - la Bonanova,103,5048,..,1,6
2010,5,Sarrià-Sant Gervasi,25,Sant Gervasi - la Bonanova,103,5048,..,1,7
2010,5,Sarrià-Sant Gervasi,25,Sant Gervasi - la Bonanova,103,5048,..,1,8
2010,5,Sarrià-Sant Gervasi,25,Sant Gervasi - la Bonanova,103,5048,..,1,10
2010,5,Sarrià-Sant Gervasi,25,Sant Gervasi - la Bonanova,103,5048,..,1,15
2010,5,Sarrià-Sant Gervasi,25,Sant Gervasi - la Bonanova,103,5048,..,1,17
2010,5,Sarrià-Sant Gervasi,25,Sant Gervasi - la Bonanova,103,5048,..,2,0
2010,5,Sarrià-Sant Gervasi,25,Sant Gervasi - la Bonanova,103,5048,..,2,4
2010,5,Sarrià-Sant Gervasi,25,Sant Gervasi - la Bonanova,103,5048,..,2,5
2010,5,Sarrià-Sant Gervasi,25,Sant Gervasi - la Bonanova,103,5048,..,2,6
2010,5,Sarrià-Sant Gervasi,25,Sant Gervasi - la Bonanova,103,5048,..,2,7
2010,5,Sarrià-Sant Gervasi,25,Sant Gervasi - la Bonanova,103,5048,..,2,8
2010,5,Sarrià-Sant Gervasi,25,Sant Gervasi - la Bonanova,103,5048,..,2,10
2010,5,Sarrià-Sant Gervasi,25,Sant Gervasi - la Bonanova,103,5048,..,2,14
2010,5,Sarrià-Sant Gervasi,25,Sant Gervasi - la Bonanova,103,5048,..,2,16
2010,5,Sarrià-Sant Gervasi,26,Sant Gervasi - Galvany,104,5049,..,1,1
2010,5,Sarrià-Sant Gervasi,26,Sant Gervasi - Galvany,104,5049,..,1,2
2010,5,Sarrià-Sant Gervasi,26,Sant Gervasi - Galvany,104,5049,..,1,4
2010,5,Sarrià-Sant Gervasi,26,Sant Gervasi - Galvany,104,5049,6,1,5
2010,5,Sarrià-Sant Gervasi,26,Sant Gervasi - Galvany,104,5049,..,1,6
2010,5,Sarrià-Sant Gervasi,26,Sant Gervasi - Galvany,104,5049,..,1,7
2010,5,Sarrià-Sant Gervasi,26,Sant Gervasi - Galvany,104,5049,..,1,8
2010,5,Sarrià-Sant Gervasi,26,Sant Gervasi - Galvany,104,5049,..,1,9
2010,5,Sarrià-Sant Gervasi,26,Sant Gervasi - Galvany,104,5049,..,1,10
2010,5,Sarrià-Sant Gervasi,26,Sant Gervasi - Galvany,104,5049,..,1,12
2010,5,Sarrià-Sant Gervasi,26,Sant Gervasi - Galvany,104,5049,..,1,13
2010,5,Sarrià-Sant Gervasi,26,Sant Gervasi - Galvany,104,5049,..,1,15
2010,5,Sarrià-Sant Gervasi,26,Sant Gervasi - Galvany,104,5049,..,1,16
2010,5,Sarrià-Sant Gervasi,26,Sant Gervasi - Galvany,104,5049,..,2,0
2010,5,Sarrià-Sant Gervasi,26,Sant Gervasi - Galvany,104,5049,..,2,1
2010,5,Sarrià-Sant Gervasi,26,Sant Gervasi - Galvany,104,5049,..,2,2
2010,5,Sarrià-Sant Gervasi,26,Sant Gervasi - Galvany,104,5049,..,2,4
2010,5,Sarrià-Sant Gervasi,26,Sant Gervasi - Galvany,104,5049,..,2,5
2010,5,Sarrià-Sant Gervasi,26,Sant Gervasi - Galvany,104,5049,..,2,6
2010,5,Sarrià-Sant Gervasi,26,Sant Gervasi - Galvany,104,5049,..,2,7
2010,5,Sarrià-Sant Gervasi,26,Sant Gervasi - Galvany,104,5049,5,2,8
2010,5,Sarrià-Sant Gervasi,26,Sant Gervasi - Galvany,104,5049,..,2,9
2010,5,Sarrià-Sant Gervasi,26,Sant Gervasi - Galvany,104,5049,..,2,11
2010,5,Sarrià-Sant Gervasi,26,Sant Gervasi - Galvany,104,5049,..,2,13
2010,5,Sarrià-Sant Gervasi,26,Sant Gervasi - Galvany,104,5049,..,2,15
2010,5,Sarrià-Sant Gervasi,26,Sant Gervasi - Galvany,104,5049,..,2,17
2010,5,Sarrià-Sant Gervasi,26,Sant Gervasi - Galvany,104,5050,..,1,1
2010,5,Sarrià-Sant Gervasi,26,Sant Gervasi - Galvany,104,5050,..,1,3
2010,5,Sarrià-Sant Gervasi,26,Sant Gervasi - Galvany,104,5050,..,1,4
2010,5,Sarrià-Sant Gervasi,26,Sant Gervasi - Galvany,104,5050,10,1,5
2010,5,Sarrià-Sant Gervasi,26,Sant Gervasi - Galvany,104,5050,..,1,6
2010,5,Sarrià-Sant Gervasi,26,Sant Gervasi - Galvany,104,5050,5,1,7
2010,5,Sarrià-Sant Gervasi,26,Sant Gervasi - Galvany,104,5050,..,1,8
2010,5,Sarrià-Sant Gervasi,26,Sant Gervasi - Galvany,104,5050,..,1,10
2010,5,Sarrià-Sant Gervasi,26,Sant Gervasi - Galvany,104,5050,..,1,11
2010,5,Sarrià-Sant Gervasi,26,Sant Gervasi - Galvany,104,5050,..,1,13
2010,5,Sarrià-Sant Gervasi,26,Sant Gervasi - Galvany,104,5050,..,2,0
2010,5,Sarrià-Sant Gervasi,26,Sant Gervasi - Galvany,104,5050,..,2,1
2010,5,Sarrià-Sant Gervasi,26,Sant Gervasi - Galvany,104,5050,..,2,2
2010,5,Sarrià-Sant Gervasi,26,Sant Gervasi - Galvany,104,5050,..,2,3
2010,5,Sarrià-Sant Gervasi,26,Sant Gervasi - Galvany,104,5050,..,2,4
2010,5,Sarrià-Sant Gervasi,26,Sant Gervasi - Galvany,104,5050,6,2,5
2010,5,Sarrià-Sant Gervasi,26,Sant Gervasi - Galvany,104,5050,6,2,6
2010,5,Sarrià-Sant Gervasi,26,Sant Gervasi - Galvany,104,5050,5,2,7
2010,5,Sarrià-Sant Gervasi,26,Sant Gervasi - Galvany,104,5050,..,2,8
2010,5,Sarrià-Sant Gervasi,26,Sant Gervasi - Galvany,104,5050,..,2,9
2010,5,Sarrià-Sant Gervasi,26,Sant Gervasi - Galvany,104,5050,..,2,10
2010,5,Sarrià-Sant Gervasi,26,Sant Gervasi - Galvany,104,5050,..,2,11
2010,5,Sarrià-Sant Gervasi,26,Sant Gervasi - Galvany,104,5050,..,2,13
2010,5,Sarrià-Sant Gervasi,26,Sant Gervasi - Galvany,104,5050,..,2,18
2010,5,Sarrià-Sant Gervasi,26,Sant Gervasi - Galvany,104,5051,..,1,0
2010,5,Sarrià-Sant Gervasi,26,Sant Gervasi - Galvany,104,5051,..,1,1
2010,5,Sarrià-Sant Gervasi,26,Sant Gervasi - Galvany,104,5051,..,1,3
2010,5,Sarrià-Sant Gervasi,26,Sant Gervasi - Galvany,104,5051,5,1,5
2010,5,Sarrià-Sant Gervasi,26,Sant Gervasi - Galvany,104,5051,..,1,6
2010,5,Sarrià-Sant Gervasi,26,Sant Gervasi - Galvany,104,5051,..,1,7
2010,5,Sarrià-Sant Gervasi,26,Sant Gervasi - Galvany,104,5051,..,1,8
2010,5,Sarrià-Sant Gervasi,26,Sant Gervasi - Galvany,104,5051,5,1,9
2010,5,Sarrià-Sant Gervasi,26,Sant Gervasi - Galvany,104,5051,..,1,10
2010,5,Sarrià-Sant Gervasi,26,Sant Gervasi - Galvany,104,5051,..,1,11
2010,5,Sarrià-Sant Gervasi,26,Sant Gervasi - Galvany,104,5051,..,1,12
2010,5,Sarrià-Sant Gervasi,26,Sant Gervasi - Galvany,104,5051,..,1,13
2010,5,Sarrià-Sant Gervasi,26,Sant Gervasi - Galvany,104,5051,..,1,14
2010,5,Sarrià-Sant Gervasi,26,Sant Gervasi - Galvany,104,5051,..,2,0
2010,5,Sarrià-Sant Gervasi,26,Sant Gervasi - Galvany,104,5051,..,2,1
2010,5,Sarrià-Sant Gervasi,26,Sant Gervasi - Galvany,104,5051,5,2,3
2010,5,Sarrià-Sant Gervasi,26,Sant Gervasi - Galvany,104,5051,..,2,5
2010,5,Sarrià-Sant Gervasi,26,Sant Gervasi - Galvany,104,5051,..,2,6
2010,5,Sarrià-Sant Gervasi,26,Sant Gervasi - Galvany,104,5051,..,2,7
2010,5,Sarrià-Sant Gervasi,26,Sant Gervasi - Galvany,104,5051,..,2,8
2010,5,Sarrià-Sant Gervasi,26,Sant Gervasi - Galvany,104,5051,..,2,9
2010,5,Sarrià-Sant Gervasi,26,Sant Gervasi - Galvany,104,5051,..,2,11
2010,5,Sarrià-Sant Gervasi,26,Sant Gervasi - Galvany,104,5051,..,2,12
2010,5,Sarrià-Sant Gervasi,26,Sant Gervasi - Galvany,104,5051,..,2,13
2010,5,Sarrià-Sant Gervasi,26,Sant Gervasi - Galvany,104,5051,..,2,15
2010,5,Sarrià-Sant Gervasi,26,Sant Gervasi - Galvany,104,5052,..,1,0
2010,5,Sarrià-Sant Gervasi,26,Sant Gervasi - Galvany,104,5052,..,1,1
2010,5,Sarrià-Sant Gervasi,26,Sant Gervasi - Galvany,104,5052,..,1,2
2010,5,Sarrià-Sant Gervasi,26,Sant Gervasi - Galvany,104,5052,..,1,3
2010,5,Sarrià-Sant Gervasi,26,Sant Gervasi - Galvany,104,5052,..,1,4
2010,5,Sarrià-Sant Gervasi,26,Sant Gervasi - Galvany,104,5052,..,1,5
2010,5,Sarrià-Sant Gervasi,26,Sant Gervasi - Galvany,104,5052,..,1,6
2010,5,Sarrià-Sant Gervasi,26,Sant Gervasi - Galvany,104,5052,..,1,7
2010,5,Sarrià-Sant Gervasi,26,Sant Gervasi - Galvany,104,5052,..,1,8
2010,5,Sarrià-Sant Gervasi,26,Sant Gervasi - Galvany,104,5052,..,1,9
2010,5,Sarrià-Sant Gervasi,26,Sant Gervasi - Galvany,104,5052,..,1,11
2010,5,Sarrià-Sant Gervasi,26,Sant Gervasi - Galvany,104,5052,..,1,12
2010,5,Sarrià-Sant Gervasi,26,Sant Gervasi - Galvany,104,5052,..,1,17
2010,5,Sarrià-Sant Gervasi,26,Sant Gervasi - Galvany,104,5052,..,1,18
2010,5,Sarrià-Sant Gervasi,26,Sant Gervasi - Galvany,104,5052,..,2,0
2010,5,Sarrià-Sant Gervasi,26,Sant Gervasi - Galvany,104,5052,..,2,2
2010,5,Sarrià-Sant Gervasi,26,Sant Gervasi - Galvany,104,5052,..,2,3
2010,5,Sarrià-Sant Gervasi,26,Sant Gervasi - Galvany,104,5052,..,2,5
2010,5,Sarrià-Sant Gervasi,26,Sant Gervasi - Galvany,104,5052,7,2,6
2010,5,Sarrià-Sant Gervasi,26,Sant Gervasi - Galvany,104,5052,..,2,7
2010,5,Sarrià-Sant Gervasi,26,Sant Gervasi - Galvany,104,5052,..,2,8
2010,5,Sarrià-Sant Gervasi,26,Sant Gervasi - Galvany,104,5052,..,2,9
2010,5,Sarrià-Sant Gervasi,26,Sant Gervasi - Galvany,104,5052,..,2,12
2010,5,Sarrià-Sant Gervasi,26,Sant Gervasi - Galvany,104,5052,..,2,13
2010,5,Sarrià-Sant Gervasi,26,Sant Gervasi - Galvany,104,5052,..,2,14
2010,5,Sarrià-Sant Gervasi,26,Sant Gervasi - Galvany,104,5052,..,2,18
2010,5,Sarrià-Sant Gervasi,26,Sant Gervasi - Galvany,105,5053,..,1,0
2010,5,Sarrià-Sant Gervasi,26,Sant Gervasi - Galvany,105,5053,..,1,1
2010,5,Sarrià-Sant Gervasi,26,Sant Gervasi - Galvany,105,5053,..,1,2
2010,5,Sarrià-Sant Gervasi,26,Sant Gervasi - Galvany,105,5053,..,1,3
2010,5,Sarrià-Sant Gervasi,26,Sant Gervasi - Galvany,105,5053,..,1,4
2010,5,Sarrià-Sant Gervasi,26,Sant Gervasi - Galvany,105,5053,..,1,5
2010,5,Sarrià-Sant Gervasi,26,Sant Gervasi - Galvany,105,5053,..,1,6
2010,5,Sarrià-Sant Gervasi,26,Sant Gervasi - Galvany,105,5053,..,1,7
2010,5,Sarrià-Sant Gervasi,26,Sant Gervasi - Galvany,105,5053,6,1,8
2010,5,Sarrià-Sant Gervasi,26,Sant Gervasi - Galvany,105,5053,..,1,9
2010,5,Sarrià-Sant Gervasi,26,Sant Gervasi - Galvany,105,5053,..,1,10
2010,5,Sarrià-Sant Gervasi,26,Sant Gervasi - Galvany,105,5053,..,1,11
2010,5,Sarrià-Sant Gervasi,26,Sant Gervasi - Galvany,105,5053,..,2,0
2010,5,Sarrià-Sant Gervasi,26,Sant Gervasi - Galvany,105,5053,..,2,1
2010,5,Sarrià-Sant Gervasi,26,Sant Gervasi - Galvany,105,5053,..,2,2
2010,5,Sarrià-Sant Gervasi,26,Sant Gervasi - Galvany,105,5053,..,2,3
2010,5,Sarrià-Sant Gervasi,26,Sant Gervasi - Galvany,105,5053,..,2,4
2010,5,Sarrià-Sant Gervasi,26,Sant Gervasi - Galvany,105,5053,..,2,5
2010,5,Sarrià-Sant Gervasi,26,Sant Gervasi - Galvany,105,5053,..,2,6
2010,5,Sarrià-Sant Gervasi,26,Sant Gervasi - Galvany,105,5053,..,2,7
2010,5,Sarrià-Sant Gervasi,26,Sant Gervasi - Galvany,105,5053,..,2,8
2010,5,Sarrià-Sant Gervasi,26,Sant Gervasi - Galvany,105,5053,..,2,9
2010,5,Sarrià-Sant Gervasi,26,Sant Gervasi - Galvany,105,5053,..,2,10
2010,5,Sarrià-Sant Gervasi,26,Sant Gervasi - Galvany,105,5053,..,2,16
2010,5,Sarrià-Sant Gervasi,26,Sant Gervasi - Galvany,105,5054,..,1,0
2010,5,Sarrià-Sant Gervasi,26,Sant Gervasi - Galvany,105,5054,..,1,1
2010,5,Sarrià-Sant Gervasi,26,Sant Gervasi - Galvany,105,5054,..,1,2
2010,5,Sarrià-Sant Gervasi,26,Sant Gervasi - Galvany,105,5054,..,1,3
2010,5,Sarrià-Sant Gervasi,26,Sant Gervasi - Galvany,105,5054,..,1,4
2010,5,Sarrià-Sant Gervasi,26,Sant Gervasi - Galvany,105,5054,5,1,5
2010,5,Sarrià-Sant Gervasi,26,Sant Gervasi - Galvany,105,5054,..,1,6
2010,5,Sarrià-Sant Gervasi,26,Sant Gervasi - Galvany,105,5054,..,1,7
2010,5,Sarrià-Sant Gervasi,26,Sant Gervasi - Galvany,105,5054,..,1,8
2010,5,Sarrià-Sant Gervasi,26,Sant Gervasi - Galvany,105,5054,..,1,9
2010,5,Sarrià-Sant Gervasi,26,Sant Gervasi - Galvany,105,5054,..,1,10
2010,5,Sarrià-Sant Gervasi,26,Sant Gervasi - Galvany,105,5054,..,1,11
2010,5,Sarrià-Sant Gervasi,26,Sant Gervasi - Galvany,105,5054,..,1,13
2010,5,Sarrià-Sant Gervasi,26,Sant Gervasi - Galvany,105,5054,..,1,16
2010,5,Sarrià-Sant Gervasi,26,Sant Gervasi - Galvany,105,5054,..,2,0
2010,5,Sarrià-Sant Gervasi,26,Sant Gervasi - Galvany,105,5054,..,2,1
2010,5,Sarrià-Sant Gervasi,26,Sant Gervasi - Galvany,105,5054,..,2,2
2010,5,Sarrià-Sant Gervasi,26,Sant Gervasi - Galvany,105,5054,..,2,3
2010,5,Sarrià-Sant Gervasi,26,Sant Gervasi - Galvany,105,5054,..,2,5
2010,5,Sarrià-Sant Gervasi,26,Sant Gervasi - Galvany,105,5054,..,2,6
2010,5,Sarrià-Sant Gervasi,26,Sant Gervasi - Galvany,105,5054,..,2,7
2010,5,Sarrià-Sant Gervasi,26,Sant Gervasi - Galvany,105,5054,..,2,8
2010,5,Sarrià-Sant Gervasi,26,Sant Gervasi - Galvany,105,5054,..,2,9
2010,5,Sarrià-Sant Gervasi,26,Sant Gervasi - Galvany,105,5054,..,2,10
2010,5,Sarrià-Sant Gervasi,26,Sant Gervasi - Galvany,105,5054,..,2,12
2010,5,Sarrià-Sant Gervasi,26,Sant Gervasi - Galvany,105,5055,..,1,0
2010,5,Sarrià-Sant Gervasi,26,Sant Gervasi - Galvany,105,5055,..,1,3
2010,5,Sarrià-Sant Gervasi,26,Sant Gervasi - Galvany,105,5055,..,1,4
2010,5,Sarrià-Sant Gervasi,26,Sant Gervasi - Galvany,105,5055,6,1,6
2010,5,Sarrià-Sant Gervasi,26,Sant Gervasi - Galvany,105,5055,..,1,7
2010,5,Sarrià-Sant Gervasi,26,Sant Gervasi - Galvany,105,5055,..,1,8
2010,5,Sarrià-Sant Gervasi,26,Sant Gervasi - Galvany,105,5055,..,1,9
2010,5,Sarrià-Sant Gervasi,26,Sant Gervasi - Galvany,105,5055,..,1,10
2010,5,Sarrià-Sant Gervasi,26,Sant Gervasi - Galvany,105,5055,..,1,13
2010,5,Sarrià-Sant Gervasi,26,Sant Gervasi - Galvany,105,5055,..,1,14
2010,5,Sarrià-Sant Gervasi,26,Sant Gervasi - Galvany,105,5055,..,1,15
2010,5,Sarrià-Sant Gervasi,26,Sant Gervasi - Galvany,105,5055,..,2,2
2010,5,Sarrià-Sant Gervasi,26,Sant Gervasi - Galvany,105,5055,..,2,7
2010,5,Sarrià-Sant Gervasi,26,Sant Gervasi - Galvany,105,5055,..,2,9
2010,5,Sarrià-Sant Gervasi,26,Sant Gervasi - Galvany,105,5055,..,2,12
2010,5,Sarrià-Sant Gervasi,26,Sant Gervasi - Galvany,105,5055,..,2,13
2010,5,Sarrià-Sant Gervasi,26,Sant Gervasi - Galvany,106,5056,..,1,0
2010,5,Sarrià-Sant Gervasi,26,Sant Gervasi - Galvany,106,5056,..,1,1
2010,5,Sarrià-Sant Gervasi,26,Sant Gervasi - Galvany,106,5056,..,1,2
2010,5,Sarrià-Sant Gervasi,26,Sant Gervasi - Galvany,106,5056,..,1,4
2010,5,Sarrià-Sant Gervasi,26,Sant Gervasi - Galvany,106,5056,..,1,5
2010,5,Sarrià-Sant Gervasi,26,Sant Gervasi - Galvany,106,5056,5,1,6
2010,5,Sarrià-Sant Gervasi,26,Sant Gervasi - Galvany,106,5056,..,1,7
2010,5,Sarrià-Sant Gervasi,26,Sant Gervasi - Galvany,106,5056,..,1,8
2010,5,Sarrià-Sant Gervasi,26,Sant Gervasi - Galvany,106,5056,..,1,9
2010,5,Sarrià-Sant Gervasi,26,Sant Gervasi - Galvany,106,5056,..,1,11
2010,5,Sarrià-Sant Gervasi,26,Sant Gervasi - Galvany,106,5056,..,2,0
2010,5,Sarrià-Sant Gervasi,26,Sant Gervasi - Galvany,106,5056,..,2,1
2010,5,Sarrià-Sant Gervasi,26,Sant Gervasi - Galvany,106,5056,..,2,2
2010,5,Sarrià-Sant Gervasi,26,Sant Gervasi - Galvany,106,5056,..,2,3
2010,5,Sarrià-Sant Gervasi,26,Sant Gervasi - Galvany,106,5056,..,2,4
2010,5,Sarrià-Sant Gervasi,26,Sant Gervasi - Galvany,106,5056,..,2,5
2010,5,Sarrià-Sant Gervasi,26,Sant Gervasi - Galvany,106,5056,..,2,6
2010,5,Sarrià-Sant Gervasi,26,Sant Gervasi - Galvany,106,5056,..,2,7
2010,5,Sarrià-Sant Gervasi,26,Sant Gervasi - Galvany,106,5056,..,2,8
2010,5,Sarrià-Sant Gervasi,26,Sant Gervasi - Galvany,106,5056,..,2,10
2010,5,Sarrià-Sant Gervasi,26,Sant Gervasi - Galvany,106,5056,..,2,11
2010,5,Sarrià-Sant Gervasi,26,Sant Gervasi - Galvany,106,5057,..,1,0
2010,5,Sarrià-Sant Gervasi,26,Sant Gervasi - Galvany,106,5057,..,1,3
2010,5,Sarrià-Sant Gervasi,26,Sant Gervasi - Galvany,106,5057,..,1,4
2010,5,Sarrià-Sant Gervasi,26,Sant Gervasi - Galvany,106,5057,7,1,5
2010,5,Sarrià-Sant Gervasi,26,Sant Gervasi - Galvany,106,5057,..,1,6
2010,5,Sarrià-Sant Gervasi,26,Sant Gervasi - Galvany,106,5057,..,1,7
2010,5,Sarrià-Sant Gervasi,26,Sant Gervasi - Galvany,106,5057,..,1,8
2010,5,Sarrià-Sant Gervasi,26,Sant Gervasi - Galvany,106,5057,..,1,9
2010,5,Sarrià-Sant Gervasi,26,Sant Gervasi - Galvany,106,5057,..,1,10
2010,5,Sarrià-Sant Gervasi,26,Sant Gervasi - Galvany,106,5057,..,1,11
2010,5,Sarrià-Sant Gervasi,26,Sant Gervasi - Galvany,106,5057,..,1,12
2010,5,Sarrià-Sant Gervasi,26,Sant Gervasi - Galvany,106,5057,..,1,13
2010,5,Sarrià-Sant Gervasi,26,Sant Gervasi - Galvany,106,5057,..,1,15
2010,5,Sarrià-Sant Gervasi,26,Sant Gervasi - Galvany,106,5057,..,1,19
2010,5,Sarrià-Sant Gervasi,26,Sant Gervasi - Galvany,106,5057,..,2,0
2010,5,Sarrià-Sant Gervasi,26,Sant Gervasi - Galvany,106,5057,..,2,2
2010,5,Sarrià-Sant Gervasi,26,Sant Gervasi - Galvany,106,5057,..,2,3
2010,5,Sarrià-Sant Gervasi,26,Sant Gervasi - Galvany,106,5057,..,2,5
2010,5,Sarrià-Sant Gervasi,26,Sant Gervasi - Galvany,106,5057,..,2,6
2010,5,Sarrià-Sant Gervasi,26,Sant Gervasi - Galvany,106,5057,..,2,7
2010,5,Sarrià-Sant Gervasi,26,Sant Gervasi - Galvany,106,5057,..,2,8
2010,5,Sarrià-Sant Gervasi,26,Sant Gervasi - Galvany,106,5057,..,2,9
2010,5,Sarrià-Sant Gervasi,26,Sant Gervasi - Galvany,106,5057,..,2,10
2010,5,Sarrià-Sant Gervasi,26,Sant Gervasi - Galvany,106,5057,..,2,12
2010,5,Sarrià-Sant Gervasi,26,Sant Gervasi - Galvany,106,5057,..,2,13
2010,5,Sarrià-Sant Gervasi,26,Sant Gervasi - Galvany,106,5057,..,2,16
2010,5,Sarrià-Sant Gervasi,26,Sant Gervasi - Galvany,106,5058,..,1,0
2010,5,Sarrià-Sant Gervasi,26,Sant Gervasi - Galvany,106,5058,..,1,1
2010,5,Sarrià-Sant Gervasi,26,Sant Gervasi - Galvany,106,5058,..,1,2
2010,5,Sarrià-Sant Gervasi,26,Sant Gervasi - Galvany,106,5058,..,1,4
2010,5,Sarrià-Sant Gervasi,26,Sant Gervasi - Galvany,106,5058,5,1,5
2010,5,Sarrià-Sant Gervasi,26,Sant Gervasi - Galvany,106,5058,9,1,6
2010,5,Sarrià-Sant Gervasi,26,Sant Gervasi - Galvany,106,5058,6,1,7
2010,5,Sarrià-Sant Gervasi,26,Sant Gervasi - Galvany,106,5058,..,1,8
2010,5,Sarrià-Sant Gervasi,26,Sant Gervasi - Galvany,106,5058,..,1,10
2010,5,Sarrià-Sant Gervasi,26,Sant Gervasi - Galvany,106,5058,..,1,11
2010,5,Sarrià-Sant Gervasi,26,Sant Gervasi - Galvany,106,5058,..,1,15
2010,5,Sarrià-Sant Gervasi,26,Sant Gervasi - Galvany,106,5058,..,1,19
2010,5,Sarrià-Sant Gervasi,26,Sant Gervasi - Galvany,106,5058,5,2,0
2010,5,Sarrià-Sant Gervasi,26,Sant Gervasi - Galvany,106,5058,..,2,1
2010,5,Sarrià-Sant Gervasi,26,Sant Gervasi - Galvany,106,5058,5,2,2
2010,5,Sarrià-Sant Gervasi,26,Sant Gervasi - Galvany,106,5058,..,2,3
2010,5,Sarrià-Sant Gervasi,26,Sant Gervasi - Galvany,106,5058,..,2,5
2010,5,Sarrià-Sant Gervasi,26,Sant Gervasi - Galvany,106,5058,..,2,6
2010,5,Sarrià-Sant Gervasi,26,Sant Gervasi - Galvany,106,5058,6,2,7
2010,5,Sarrià-Sant Gervasi,26,Sant Gervasi - Galvany,106,5058,..,2,8
2010,5,Sarrià-Sant Gervasi,26,Sant Gervasi - Galvany,106,5058,..,2,9
2010,5,Sarrià-Sant Gervasi,26,Sant Gervasi - Galvany,106,5058,..,2,11
2010,5,Sarrià-Sant Gervasi,26,Sant Gervasi - Galvany,106,5058,..,2,12
2010,5,Sarrià-Sant Gervasi,26,Sant Gervasi - Galvany,106,5058,..,2,15
2010,5,Sarrià-Sant Gervasi,26,Sant Gervasi - Galvany,106,5058,..,2,17
2010,5,Sarrià-Sant Gervasi,26,Sant Gervasi - Galvany,106,5059,..,1,0
2010,5,Sarrià-Sant Gervasi,26,Sant Gervasi - Galvany,106,5059,..,1,1
2010,5,Sarrià-Sant Gervasi,26,Sant Gervasi - Galvany,106,5059,..,1,2
2010,5,Sarrià-Sant Gervasi,26,Sant Gervasi - Galvany,106,5059,..,1,3
2010,5,Sarrià-Sant Gervasi,26,Sant Gervasi - Galvany,106,5059,5,1,4
2010,5,Sarrià-Sant Gervasi,26,Sant Gervasi - Galvany,106,5059,14,1,5
2010,5,Sarrià-Sant Gervasi,26,Sant Gervasi - Galvany,106,5059,11,1,6
2010,5,Sarrià-Sant Gervasi,26,Sant Gervasi - Galvany,106,5059,8,1,7
2010,5,Sarrià-Sant Gervasi,26,Sant Gervasi - Galvany,106,5059,..,1,8
2010,5,Sarrià-Sant Gervasi,26,Sant Gervasi - Galvany,106,5059,..,1,9
2010,5,Sarrià-Sant Gervasi,26,Sant Gervasi - Galvany,106,5059,..,1,10
2010,5,Sarrià-Sant Gervasi,26,Sant Gervasi - Galvany,106,5059,..,1,12
2010,5,Sarrià-Sant Gervasi,26,Sant Gervasi - Galvany,106,5059,..,2,0
2010,5,Sarrià-Sant Gervasi,26,Sant Gervasi - Galvany,106,5059,..,2,1
2010,5,Sarrià-Sant Gervasi,26,Sant Gervasi - Galvany,106,5059,..,2,2
2010,5,Sarrià-Sant Gervasi,26,Sant Gervasi - Galvany,106,5059,..,2,3
2010,5,Sarrià-Sant Gervasi,26,Sant Gervasi - Galvany,106,5059,..,2,4
2010,5,Sarrià-Sant Gervasi,26,Sant Gervasi - Galvany,106,5059,8,2,5
2010,5,Sarrià-Sant Gervasi,26,Sant Gervasi - Galvany,106,5059,..,2,6
2010,5,Sarrià-Sant Gervasi,26,Sant Gervasi - Galvany,106,5059,..,2,7
2010,5,Sarrià-Sant Gervasi,26,Sant Gervasi - Galvany,106,5059,..,2,8
2010,5,Sarrià-Sant Gervasi,26,Sant Gervasi - Galvany,106,5059,..,2,9
2010,5,Sarrià-Sant Gervasi,26,Sant Gervasi - Galvany,106,5059,..,2,10
2010,5,Sarrià-Sant Gervasi,26,Sant Gervasi - Galvany,106,5059,..,2,11
2010,5,Sarrià-Sant Gervasi,26,Sant Gervasi - Galvany,106,5059,..,2,14
2010,5,Sarrià-Sant Gervasi,26,Sant Gervasi - Galvany,106,5059,..,2,15
2010,5,Sarrià-Sant Gervasi,26,Sant Gervasi - Galvany,106,5059,..,2,16
2010,5,Sarrià-Sant Gervasi,26,Sant Gervasi - Galvany,106,5059,..,2,17
2010,5,Sarrià-Sant Gervasi,26,Sant Gervasi - Galvany,106,5060,..,1,0
2010,5,Sarrià-Sant Gervasi,26,Sant Gervasi - Galvany,106,5060,..,1,1
2010,5,Sarrià-Sant Gervasi,26,Sant Gervasi - Galvany,106,5060,5,1,3
2010,5,Sarrià-Sant Gervasi,26,Sant Gervasi - Galvany,106,5060,..,1,4
2010,5,Sarrià-Sant Gervasi,26,Sant Gervasi - Galvany,106,5060,..,1,5
2010,5,Sarrià-Sant Gervasi,26,Sant Gervasi - Galvany,106,5060,..,1,6
2010,5,Sarrià-Sant Gervasi,26,Sant Gervasi - Galvany,106,5060,..,1,7
2010,5,Sarrià-Sant Gervasi,26,Sant Gervasi - Galvany,106,5060,..,1,8
2010,5,Sarrià-Sant Gervasi,26,Sant Gervasi - Galvany,106,5060,..,1,9
2010,5,Sarrià-Sant Gervasi,26,Sant Gervasi - Galvany,106,5060,..,1,10
2010,5,Sarrià-Sant Gervasi,26,Sant Gervasi - Galvany,106,5060,..,1,12
2010,5,Sarrià-Sant Gervasi,26,Sant Gervasi - Galvany,106,5060,..,2,0
2010,5,Sarrià-Sant Gervasi,26,Sant Gervasi - Galvany,106,5060,..,2,1
2010,5,Sarrià-Sant Gervasi,26,Sant Gervasi - Galvany,106,5060,..,2,2
2010,5,Sarrià-Sant Gervasi,26,Sant Gervasi - Galvany,106,5060,..,2,3
2010,5,Sarrià-Sant Gervasi,26,Sant Gervasi - Galvany,106,5060,..,2,4
2010,5,Sarrià-Sant Gervasi,26,Sant Gervasi - Galvany,106,5060,..,2,5
2010,5,Sarrià-Sant Gervasi,26,Sant Gervasi - Galvany,106,5060,..,2,6
2010,5,Sarrià-Sant Gervasi,26,Sant Gervasi - Galvany,106,5060,..,2,7
2010,5,Sarrià-Sant Gervasi,26,Sant Gervasi - Galvany,106,5060,..,2,9
2010,5,Sarrià-Sant Gervasi,26,Sant Gervasi - Galvany,106,5060,..,2,10
2010,5,Sarrià-Sant Gervasi,26,Sant Gervasi - Galvany,106,5060,..,2,12
2010,5,Sarrià-Sant Gervasi,26,Sant Gervasi - Galvany,106,5060,..,2,14
2010,5,Sarrià-Sant Gervasi,26,Sant Gervasi - Galvany,107,5061,..,1,0
2010,5,Sarrià-Sant Gervasi,26,Sant Gervasi - Galvany,107,5061,..,1,3
2010,5,Sarrià-Sant Gervasi,26,Sant Gervasi - Galvany,107,5061,9,1,4
2010,5,Sarrià-Sant Gervasi,26,Sant Gervasi - Galvany,107,5061,9,1,5
2010,5,Sarrià-Sant Gervasi,26,Sant Gervasi - Galvany,107,5061,5,1,6
2010,5,Sarrià-Sant Gervasi,26,Sant Gervasi - Galvany,107,5061,..,1,7
2010,5,Sarrià-Sant Gervasi,26,Sant Gervasi - Galvany,107,5061,..,1,8
2010,5,Sarrià-Sant Gervasi,26,Sant Gervasi - Galvany,107,5061,..,1,9
2010,5,Sarrià-Sant Gervasi,26,Sant Gervasi - Galvany,107,5061,..,1,11
2010,5,Sarrià-Sant Gervasi,26,Sant Gervasi - Galvany,107,5061,..,1,14
2010,5,Sarrià-Sant Gervasi,26,Sant Gervasi - Galvany,107,5061,..,1,15
2010,5,Sarrià-Sant Gervasi,26,Sant Gervasi - Galvany,107,5061,..,2,0
2010,5,Sarrià-Sant Gervasi,26,Sant Gervasi - Galvany,107,5061,..,2,1
2010,5,Sarrià-Sant Gervasi,26,Sant Gervasi - Galvany,107,5061,..,2,2
2010,5,Sarrià-Sant Gervasi,26,Sant Gervasi - Galvany,107,5061,..,2,3
2010,5,Sarrià-Sant Gervasi,26,Sant Gervasi - Galvany,107,5061,..,2,4
2010,5,Sarrià-Sant Gervasi,26,Sant Gervasi - Galvany,107,5061,7,2,5
2010,5,Sarrià-Sant Gervasi,26,Sant Gervasi - Galvany,107,5061,11,2,6
2010,5,Sarrià-Sant Gervasi,26,Sant Gervasi - Galvany,107,5061,5,2,7
2010,5,Sarrià-Sant Gervasi,26,Sant Gervasi - Galvany,107,5061,..,2,8
2010,5,Sarrià-Sant Gervasi,26,Sant Gervasi - Galvany,107,5061,5,2,9
2010,5,Sarrià-Sant Gervasi,26,Sant Gervasi - Galvany,107,5061,..,2,13
2010,5,Sarrià-Sant Gervasi,26,Sant Gervasi - Galvany,107,5061,..,2,14
2010,5,Sarrià-Sant Gervasi,26,Sant Gervasi - Galvany,107,5062,..,1,0
2010,5,Sarrià-Sant Gervasi,26,Sant Gervasi - Galvany,107,5062,..,1,1
2010,5,Sarrià-Sant Gervasi,26,Sant Gervasi - Galvany,107,5062,..,1,3
2010,5,Sarrià-Sant Gervasi,26,Sant Gervasi - Galvany,107,5062,..,1,4
2010,5,Sarrià-Sant Gervasi,26,Sant Gervasi - Galvany,107,5062,12,1,5
2010,5,Sarrià-Sant Gervasi,26,Sant Gervasi - Galvany,107,5062,7,1,6
2010,5,Sarrià-Sant Gervasi,26,Sant Gervasi - Galvany,107,5062,..,1,7
2010,5,Sarrià-Sant Gervasi,26,Sant Gervasi - Galvany,107,5062,..,1,10
2010,5,Sarrià-Sant Gervasi,26,Sant Gervasi - Galvany,107,5062,..,1,11
2010,5,Sarrià-Sant Gervasi,26,Sant Gervasi - Galvany,107,5062,..,1,16
2010,5,Sarrià-Sant Gervasi,26,Sant Gervasi - Galvany,107,5062,..,2,1
2010,5,Sarrià-Sant Gervasi,26,Sant Gervasi - Galvany,107,5062,..,2,2
2010,5,Sarrià-Sant Gervasi,26,Sant Gervasi - Galvany,107,5062,..,2,4
2010,5,Sarrià-Sant Gervasi,26,Sant Gervasi - Galvany,107,5062,7,2,5
2010,5,Sarrià-Sant Gervasi,26,Sant Gervasi - Galvany,107,5062,6,2,6
2010,5,Sarrià-Sant Gervasi,26,Sant Gervasi - Galvany,107,5062,..,2,7
2010,5,Sarrià-Sant Gervasi,26,Sant Gervasi - Galvany,107,5062,..,2,8
2010,5,Sarrià-Sant Gervasi,26,Sant Gervasi - Galvany,107,5062,..,2,9
2010,5,Sarrià-Sant Gervasi,26,Sant Gervasi - Galvany,107,5062,..,2,10
2010,5,Sarrià-Sant Gervasi,26,Sant Gervasi - Galvany,107,5062,..,2,11
2010,5,Sarrià-Sant Gervasi,26,Sant Gervasi - Galvany,107,5062,..,2,14
2010,5,Sarrià-Sant Gervasi,26,Sant Gervasi - Galvany,107,5063,..,1,2
2010,5,Sarrià-Sant Gervasi,26,Sant Gervasi - Galvany,107,5063,10,1,4
2010,5,Sarrià-Sant Gervasi,26,Sant Gervasi - Galvany,107,5063,..,1,5
2010,5,Sarrià-Sant Gervasi,26,Sant Gervasi - Galvany,107,5063,6,1,6
2010,5,Sarrià-Sant Gervasi,26,Sant Gervasi - Galvany,107,5063,..,1,7
2010,5,Sarrià-Sant Gervasi,26,Sant Gervasi - Galvany,107,5063,..,1,8
2010,5,Sarrià-Sant Gervasi,26,Sant Gervasi - Galvany,107,5063,..,1,9
2010,5,Sarrià-Sant Gervasi,26,Sant Gervasi - Galvany,107,5063,..,1,11
2010,5,Sarrià-Sant Gervasi,26,Sant Gervasi - Galvany,107,5063,..,1,12
2010,5,Sarrià-Sant Gervasi,26,Sant Gervasi - Galvany,107,5063,..,1,13
2010,5,Sarrià-Sant Gervasi,26,Sant Gervasi - Galvany,107,5063,..,2,0
2010,5,Sarrià-Sant Gervasi,26,Sant Gervasi - Galvany,107,5063,..,2,3
2010,5,Sarrià-Sant Gervasi,26,Sant Gervasi - Galvany,107,5063,8,2,5
2010,5,Sarrià-Sant Gervasi,26,Sant Gervasi - Galvany,107,5063,9,2,6
2010,5,Sarrià-Sant Gervasi,26,Sant Gervasi - Galvany,107,5063,..,2,7
2010,5,Sarrià-Sant Gervasi,26,Sant Gervasi - Galvany,107,5063,..,2,8
2010,5,Sarrià-Sant Gervasi,26,Sant Gervasi - Galvany,107,5063,..,2,9
2010,5,Sarrià-Sant Gervasi,26,Sant Gervasi - Galvany,107,5063,..,2,10
2010,5,Sarrià-Sant Gervasi,26,Sant Gervasi - Galvany,107,5063,..,2,13
2010,5,Sarrià-Sant Gervasi,26,Sant Gervasi - Galvany,107,5064,..,1,0
2010,5,Sarrià-Sant Gervasi,26,Sant Gervasi - Galvany,107,5064,..,1,1
2010,5,Sarrià-Sant Gervasi,26,Sant Gervasi - Galvany,107,5064,..,1,3
2010,5,Sarrià-Sant Gervasi,26,Sant Gervasi - Galvany,107,5064,7,1,4
2010,5,Sarrià-Sant Gervasi,26,Sant Gervasi - Galvany,107,5064,7,1,5
2010,5,Sarrià-Sant Gervasi,26,Sant Gervasi - Galvany,107,5064,5,1,6
2010,5,Sarrià-Sant Gervasi,26,Sant Gervasi - Galvany,107,5064,6,1,7
2010,5,Sarrià-Sant Gervasi,26,Sant Gervasi - Galvany,107,5064,..,1,8
2010,5,Sarrià-Sant Gervasi,26,Sant Gervasi - Galvany,107,5064,6,1,9
2010,5,Sarrià-Sant Gervasi,26,Sant Gervasi - Galvany,107,5064,..,1,10
2010,5,Sarrià-Sant Gervasi,26,Sant Gervasi - Galvany,107,5064,..,1,14
2010,5,Sarrià-Sant Gervasi,26,Sant Gervasi - Galvany,107,5064,..,1,16
2010,5,Sarrià-Sant Gervasi,26,Sant Gervasi - Galvany,107,5064,..,2,1
2010,5,Sarrià-Sant Gervasi,26,Sant Gervasi - Galvany,107,5064,..,2,2
2010,5,Sarrià-Sant Gervasi,26,Sant Gervasi - Galvany,107,5064,..,2,3
2010,5,Sarrià-Sant Gervasi,26,Sant Gervasi - Galvany,107,5064,..,2,4
2010,5,Sarrià-Sant Gervasi,26,Sant Gervasi - Galvany,107,5064,9,2,5
2010,5,Sarrià-Sant Gervasi,26,Sant Gervasi - Galvany,107,5064,8,2,6
2010,5,Sarrià-Sant Gervasi,26,Sant Gervasi - Galvany,107,5064,5,2,7
2010,5,Sarrià-Sant Gervasi,26,Sant Gervasi - Galvany,107,5064,..,2,8
2010,5,Sarrià-Sant Gervasi,26,Sant Gervasi - Galvany,107,5064,..,2,9
2010,5,Sarrià-Sant Gervasi,26,Sant Gervasi - Galvany,107,5064,..,2,10
2010,5,Sarrià-Sant Gervasi,26,Sant Gervasi - Galvany,107,5064,..,2,11
2010,5,Sarrià-Sant Gervasi,26,Sant Gervasi - Galvany,107,5064,..,2,12
2010,5,Sarrià-Sant Gervasi,26,Sant Gervasi - Galvany,107,5065,..,1,0
2010,5,Sarrià-Sant Gervasi,26,Sant Gervasi - Galvany,107,5065,..,1,1
2010,5,Sarrià-Sant Gervasi,26,Sant Gervasi - Galvany,107,5065,..,1,3
2010,5,Sarrià-Sant Gervasi,26,Sant Gervasi - Galvany,107,5065,8,1,4
2010,5,Sarrià-Sant Gervasi,26,Sant Gervasi - Galvany,107,5065,8,1,5
2010,5,Sarrià-Sant Gervasi,26,Sant Gervasi - Galvany,107,5065,..,1,6
2010,5,Sarrià-Sant Gervasi,26,Sant Gervasi - Galvany,107,5065,..,1,7
2010,5,Sarrià-Sant Gervasi,26,Sant Gervasi - Galvany,107,5065,..,1,8
2010,5,Sarrià-Sant Gervasi,26,Sant Gervasi - Galvany,107,5065,..,1,9
2010,5,Sarrià-Sant Gervasi,26,Sant Gervasi - Galvany,107,5065,..,1,10
2010,5,Sarrià-Sant Gervasi,26,Sant Gervasi - Galvany,107,5065,..,1,12
2010,5,Sarrià-Sant Gervasi,26,Sant Gervasi - Galvany,107,5065,..,1,14
2010,5,Sarrià-Sant Gervasi,26,Sant Gervasi - Galvany,107,5065,..,1,15
2010,5,Sarrià-Sant Gervasi,26,Sant Gervasi - Galvany,107,5065,..,1,16
2010,5,Sarrià-Sant Gervasi,26,Sant Gervasi - Galvany,107,5065,..,1,17
2010,5,Sarrià-Sant Gervasi,26,Sant Gervasi - Galvany,107,5065,..,1,18
2010,5,Sarrià-Sant Gervasi,26,Sant Gervasi - Galvany,107,5065,..,2,1
2010,5,Sarrià-Sant Gervasi,26,Sant Gervasi - Galvany,107,5065,..,2,2
2010,5,Sarrià-Sant Gervasi,26,Sant Gervasi - Galvany,107,5065,..,2,3
2010,5,Sarrià-Sant Gervasi,26,Sant Gervasi - Galvany,107,5065,..,2,4
2010,5,Sarrià-Sant Gervasi,26,Sant Gervasi - Galvany,107,5065,7,2,5
2010,5,Sarrià-Sant Gervasi,26,Sant Gervasi - Galvany,107,5065,..,2,6
2010,5,Sarrià-Sant Gervasi,26,Sant Gervasi - Galvany,107,5065,..,2,7
2010,5,Sarrià-Sant Gervasi,26,Sant Gervasi - Galvany,107,5065,5,2,8
2010,5,Sarrià-Sant Gervasi,26,Sant Gervasi - Galvany,107,5065,..,2,9
2010,5,Sarrià-Sant Gervasi,26,Sant Gervasi - Galvany,107,5065,..,2,11
2010,5,Sarrià-Sant Gervasi,26,Sant Gervasi - Galvany,107,5065,..,2,12
2010,5,Sarrià-Sant Gervasi,26,Sant Gervasi - Galvany,107,5065,..,2,13
2010,5,Sarrià-Sant Gervasi,26,Sant Gervasi - Galvany,107,5065,..,2,14
2010,5,Sarrià-Sant Gervasi,26,Sant Gervasi - Galvany,107,5065,..,2,16
2010,5,Sarrià-Sant Gervasi,26,Sant Gervasi - Galvany,108,5066,..,1,1
2010,5,Sarrià-Sant Gervasi,26,Sant Gervasi - Galvany,108,5066,..,1,2
2010,5,Sarrià-Sant Gervasi,26,Sant Gervasi - Galvany,108,5066,..,1,4
2010,5,Sarrià-Sant Gervasi,26,Sant Gervasi - Galvany,108,5066,..,1,5
2010,5,Sarrià-Sant Gervasi,26,Sant Gervasi - Galvany,108,5066,5,1,6
2010,5,Sarrià-Sant Gervasi,26,Sant Gervasi - Galvany,108,5066,..,1,7
2010,5,Sarrià-Sant Gervasi,26,Sant Gervasi - Galvany,108,5066,..,1,8
2010,5,Sarrià-Sant Gervasi,26,Sant Gervasi - Galvany,108,5066,..,1,9
2010,5,Sarrià-Sant Gervasi,26,Sant Gervasi - Galvany,108,5066,..,1,10
2010,5,Sarrià-Sant Gervasi,26,Sant Gervasi - Galvany,108,5066,..,1,12
2010,5,Sarrià-Sant Gervasi,26,Sant Gervasi - Galvany,108,5066,..,1,15
2010,5,Sarrià-Sant Gervasi,26,Sant Gervasi - Galvany,108,5066,..,2,0
2010,5,Sarrià-Sant Gervasi,26,Sant Gervasi - Galvany,108,5066,..,2,1
2010,5,Sarrià-Sant Gervasi,26,Sant Gervasi - Galvany,108,5066,..,2,2
2010,5,Sarrià-Sant Gervasi,26,Sant Gervasi - Galvany,108,5066,..,2,4
2010,5,Sarrià-Sant Gervasi,26,Sant Gervasi - Galvany,108,5066,..,2,6
2010,5,Sarrià-Sant Gervasi,26,Sant Gervasi - Galvany,108,5066,..,2,7
2010,5,Sarrià-Sant Gervasi,26,Sant Gervasi - Galvany,108,5066,..,2,8
2010,5,Sarrià-Sant Gervasi,26,Sant Gervasi - Galvany,108,5066,..,2,9
2010,5,Sarrià-Sant Gervasi,26,Sant Gervasi - Galvany,108,5066,..,2,11
2010,5,Sarrià-Sant Gervasi,26,Sant Gervasi - Galvany,108,5066,..,2,13
2010,5,Sarrià-Sant Gervasi,26,Sant Gervasi - Galvany,108,5066,..,2,14
2010,5,Sarrià-Sant Gervasi,26,Sant Gervasi - Galvany,108,5066,..,2,16
2010,5,Sarrià-Sant Gervasi,26,Sant Gervasi - Galvany,108,5067,..,1,0
2010,5,Sarrià-Sant Gervasi,26,Sant Gervasi - Galvany,108,5067,..,1,1
2010,5,Sarrià-Sant Gervasi,26,Sant Gervasi - Galvany,108,5067,..,1,2
2010,5,Sarrià-Sant Gervasi,26,Sant Gervasi - Galvany,108,5067,..,1,3
2010,5,Sarrià-Sant Gervasi,26,Sant Gervasi - Galvany,108,5067,9,1,4
2010,5,Sarrià-Sant Gervasi,26,Sant Gervasi - Galvany,108,5067,11,1,5
2010,5,Sarrià-Sant Gervasi,26,Sant Gervasi - Galvany,108,5067,..,1,6
2010,5,Sarrià-Sant Gervasi,26,Sant Gervasi - Galvany,108,5067,..,1,7
2010,5,Sarrià-Sant Gervasi,26,Sant Gervasi - Galvany,108,5067,..,1,8
2010,5,Sarrià-Sant Gervasi,26,Sant Gervasi - Galvany,108,5067,..,1,9
2010,5,Sarrià-Sant Gervasi,26,Sant Gervasi - Galvany,108,5067,..,1,11
2010,5,Sarrià-Sant Gervasi,26,Sant Gervasi - Galvany,108,5067,..,1,12
2010,5,Sarrià-Sant Gervasi,26,Sant Gervasi - Galvany,108,5067,..,1,18
2010,5,Sarrià-Sant Gervasi,26,Sant Gervasi - Galvany,108,5067,..,2,0
2010,5,Sarrià-Sant Gervasi,26,Sant Gervasi - Galvany,108,5067,..,2,1
2010,5,Sarrià-Sant Gervasi,26,Sant Gervasi - Galvany,108,5067,..,2,2
2010,5,Sarrià-Sant Gervasi,26,Sant Gervasi - Galvany,108,5067,..,2,4
2010,5,Sarrià-Sant Gervasi,26,Sant Gervasi - Galvany,108,5067,5,2,5
2010,5,Sarrià-Sant Gervasi,26,Sant Gervasi - Galvany,108,5067,7,2,6
2010,5,Sarrià-Sant Gervasi,26,Sant Gervasi - Galvany,108,5067,..,2,7
2010,5,Sarrià-Sant Gervasi,26,Sant Gervasi - Galvany,108,5067,..,2,8
2010,5,Sarrià-Sant Gervasi,26,Sant Gervasi - Galvany,108,5067,..,2,10
2010,5,Sarrià-Sant Gervasi,26,Sant Gervasi - Galvany,108,5067,..,2,11
2010,5,Sarrià-Sant Gervasi,26,Sant Gervasi - Galvany,108,5067,..,2,14
2010,5,Sarrià-Sant Gervasi,26,Sant Gervasi - Galvany,108,5067,..,2,17
2010,5,Sarrià-Sant Gervasi,26,Sant Gervasi - Galvany,108,5068,..,1,0
2010,5,Sarrià-Sant Gervasi,26,Sant Gervasi - Galvany,108,5068,..,1,1
2010,5,Sarrià-Sant Gervasi,26,Sant Gervasi - Galvany,108,5068,..,1,3
2010,5,Sarrià-Sant Gervasi,26,Sant Gervasi - Galvany,108,5068,7,1,4
2010,5,Sarrià-Sant Gervasi,26,Sant Gervasi - Galvany,108,5068,14,1,5
2010,5,Sarrià-Sant Gervasi,26,Sant Gervasi - Galvany,108,5068,..,1,6
2010,5,Sarrià-Sant Gervasi,26,Sant Gervasi - Galvany,108,5068,5,1,7
2010,5,Sarrià-Sant Gervasi,26,Sant Gervasi - Galvany,108,5068,..,1,8
2010,5,Sarrià-Sant Gervasi,26,Sant Gervasi - Galvany,108,5068,..,1,9
2010,5,Sarrià-Sant Gervasi,26,Sant Gervasi - Galvany,108,5068,..,1,10
2010,5,Sarrià-Sant Gervasi,26,Sant Gervasi - Galvany,108,5068,..,1,11
2010,5,Sarrià-Sant Gervasi,26,Sant Gervasi - Galvany,108,5068,..,1,12
2010,5,Sarrià-Sant Gervasi,26,Sant Gervasi - Galvany,108,5068,..,1,13
2010,5,Sarrià-Sant Gervasi,26,Sant Gervasi - Galvany,108,5068,..,1,15
2010,5,Sarrià-Sant Gervasi,26,Sant Gervasi - Galvany,108,5068,..,1,16
2010,5,Sarrià-Sant Gervasi,26,Sant Gervasi - Galvany,108,5068,..,1,17
2010,5,Sarrià-Sant Gervasi,26,Sant Gervasi - Galvany,108,5068,..,2,0
2010,5,Sarrià-Sant Gervasi,26,Sant Gervasi - Galvany,108,5068,..,2,1
2010,5,Sarrià-Sant Gervasi,26,Sant Gervasi - Galvany,108,5068,..,2,2
2010,5,Sarrià-Sant Gervasi,26,Sant Gervasi - Galvany,108,5068,..,2,4
2010,5,Sarrià-Sant Gervasi,26,Sant Gervasi - Galvany,108,5068,..,2,5
2010,5,Sarrià-Sant Gervasi,26,Sant Gervasi - Galvany,108,5068,..,2,6
2010,5,Sarrià-Sant Gervasi,26,Sant Gervasi - Galvany,108,5068,..,2,7
2010,5,Sarrià-Sant Gervasi,26,Sant Gervasi - Galvany,108,5068,..,2,8
2010,5,Sarrià-Sant Gervasi,26,Sant Gervasi - Galvany,108,5068,..,2,11
2010,5,Sarrià-Sant Gervasi,26,Sant Gervasi - Galvany,108,5068,..,2,12
2010,5,Sarrià-Sant Gervasi,26,Sant Gervasi - Galvany,108,5068,..,2,13
2010,5,Sarrià-Sant Gervasi,26,Sant Gervasi - Galvany,108,5069,..,1,1
2010,5,Sarrià-Sant Gervasi,26,Sant Gervasi - Galvany,108,5069,..,1,2
2010,5,Sarrià-Sant Gervasi,26,Sant Gervasi - Galvany,108,5069,..,1,3
2010,5,Sarrià-Sant Gervasi,26,Sant Gervasi - Galvany,108,5069,..,1,4
2010,5,Sarrià-Sant Gervasi,26,Sant Gervasi - Galvany,108,5069,6,1,5
2010,5,Sarrià-Sant Gervasi,26,Sant Gervasi - Galvany,108,5069,10,1,6
2010,5,Sarrià-Sant Gervasi,26,Sant Gervasi - Galvany,108,5069,5,1,7
2010,5,Sarrià-Sant Gervasi,26,Sant Gervasi - Galvany,108,5069,..,1,8
2010,5,Sarrià-Sant Gervasi,26,Sant Gervasi - Galvany,108,5069,..,1,9
2010,5,Sarrià-Sant Gervasi,26,Sant Gervasi - Galvany,108,5069,..,1,10
2010,5,Sarrià-Sant Gervasi,26,Sant Gervasi - Galvany,108,5069,..,1,11
2010,5,Sarrià-Sant Gervasi,26,Sant Gervasi - Galvany,108,5069,6,1,13
2010,5,Sarrià-Sant Gervasi,26,Sant Gervasi - Galvany,108,5069,..,2,0
2010,5,Sarrià-Sant Gervasi,26,Sant Gervasi - Galvany,108,5069,..,2,2
2010,5,Sarrià-Sant Gervasi,26,Sant Gervasi - Galvany,108,5069,..,2,3
2010,5,Sarrià-Sant Gervasi,26,Sant Gervasi - Galvany,108,5069,7,2,4
2010,5,Sarrià-Sant Gervasi,26,Sant Gervasi - Galvany,108,5069,7,2,5
2010,5,Sarrià-Sant Gervasi,26,Sant Gervasi - Galvany,108,5069,12,2,6
2010,5,Sarrià-Sant Gervasi,26,Sant Gervasi - Galvany,108,5069,7,2,7
2010,5,Sarrià-Sant Gervasi,26,Sant Gervasi - Galvany,108,5069,..,2,8
2010,5,Sarrià-Sant Gervasi,26,Sant Gervasi - Galvany,108,5069,..,2,10
2010,5,Sarrià-Sant Gervasi,26,Sant Gervasi - Galvany,108,5069,..,2,11
2010,5,Sarrià-Sant Gervasi,26,Sant Gervasi - Galvany,108,5069,..,2,14
2010,5,Sarrià-Sant Gervasi,26,Sant Gervasi - Galvany,108,5069,..,2,15
2010,5,Sarrià-Sant Gervasi,26,Sant Gervasi - Galvany,109,5070,..,1,2
2010,5,Sarrià-Sant Gervasi,26,Sant Gervasi - Galvany,109,5070,..,1,3
2010,5,Sarrià-Sant Gervasi,26,Sant Gervasi - Galvany,109,5070,..,1,4
2010,5,Sarrià-Sant Gervasi,26,Sant Gervasi - Galvany,109,5070,..,1,5
2010,5,Sarrià-Sant Gervasi,26,Sant Gervasi - Galvany,109,5070,9,1,6
2010,5,Sarrià-Sant Gervasi,26,Sant Gervasi - Galvany,109,5070,..,1,7
2010,5,Sarrià-Sant Gervasi,26,Sant Gervasi - Galvany,109,5070,..,1,8
2010,5,Sarrià-Sant Gervasi,26,Sant Gervasi - Galvany,109,5070,..,1,9
2010,5,Sarrià-Sant Gervasi,26,Sant Gervasi - Galvany,109,5070,..,1,10
2010,5,Sarrià-Sant Gervasi,26,Sant Gervasi - Galvany,109,5070,..,2,0
2010,5,Sarrià-Sant Gervasi,26,Sant Gervasi - Galvany,109,5070,..,2,1
2010,5,Sarrià-Sant Gervasi,26,Sant Gervasi - Galvany,109,5070,..,2,4
2010,5,Sarrià-Sant Gervasi,26,Sant Gervasi - Galvany,109,5070,8,2,5
2010,5,Sarrià-Sant Gervasi,26,Sant Gervasi - Galvany,109,5070,..,2,6
2010,5,Sarrià-Sant Gervasi,26,Sant Gervasi - Galvany,109,5070,..,2,7
2010,5,Sarrià-Sant Gervasi,26,Sant Gervasi - Galvany,109,5070,..,2,9
2010,5,Sarrià-Sant Gervasi,26,Sant Gervasi - Galvany,109,5070,..,2,11
2010,5,Sarrià-Sant Gervasi,26,Sant Gervasi - Galvany,109,5070,..,2,15
2010,5,Sarrià-Sant Gervasi,26,Sant Gervasi - Galvany,109,5071,..,1,0
2010,5,Sarrià-Sant Gervasi,26,Sant Gervasi - Galvany,109,5071,..,1,1
2010,5,Sarrià-Sant Gervasi,26,Sant Gervasi - Galvany,109,5071,..,1,2
2010,5,Sarrià-Sant Gervasi,26,Sant Gervasi - Galvany,109,5071,..,1,3
2010,5,Sarrià-Sant Gervasi,26,Sant Gervasi - Galvany,109,5071,7,1,4
2010,5,Sarrià-Sant Gervasi,26,Sant Gervasi - Galvany,109,5071,9,1,5
2010,5,Sarrià-Sant Gervasi,26,Sant Gervasi - Galvany,109,5071,11,1,6
2010,5,Sarrià-Sant Gervasi,26,Sant Gervasi - Galvany,109,5071,5,1,7
2010,5,Sarrià-Sant Gervasi,26,Sant Gervasi - Galvany,109,5071,..,1,8
2010,5,Sarrià-Sant Gervasi,26,Sant Gervasi - Galvany,109,5071,..,1,9
2010,5,Sarrià-Sant Gervasi,26,Sant Gervasi - Galvany,109,5071,..,1,10
2010,5,Sarrià-Sant Gervasi,26,Sant Gervasi - Galvany,109,5071,..,1,14
2010,5,Sarrià-Sant Gervasi,26,Sant Gervasi - Galvany,109,5071,..,2,0
2010,5,Sarrià-Sant Gervasi,26,Sant Gervasi - Galvany,109,5071,..,2,1
2010,5,Sarrià-Sant Gervasi,26,Sant Gervasi - Galvany,109,5071,..,2,2
2010,5,Sarrià-Sant Gervasi,26,Sant Gervasi - Galvany,109,5071,..,2,3
2010,5,Sarrià-Sant Gervasi,26,Sant Gervasi - Galvany,109,5071,..,2,4
2010,5,Sarrià-Sant Gervasi,26,Sant Gervasi - Galvany,109,5071,9,2,5
2010,5,Sarrià-Sant Gervasi,26,Sant Gervasi - Galvany,109,5071,5,2,6
2010,5,Sarrià-Sant Gervasi,26,Sant Gervasi - Galvany,109,5071,5,2,7
2010,5,Sarrià-Sant Gervasi,26,Sant Gervasi - Galvany,109,5071,..,2,8
2010,5,Sarrià-Sant Gervasi,26,Sant Gervasi - Galvany,109,5071,..,2,9
2010,5,Sarrià-Sant Gervasi,26,Sant Gervasi - Galvany,109,5071,..,2,10
2010,5,Sarrià-Sant Gervasi,26,Sant Gervasi - Galvany,109,5071,..,2,11
2010,5,Sarrià-Sant Gervasi,26,Sant Gervasi - Galvany,109,5072,..,1,0
2010,5,Sarrià-Sant Gervasi,26,Sant Gervasi - Galvany,109,5072,..,1,1
2010,5,Sarrià-Sant Gervasi,26,Sant Gervasi - Galvany,109,5072,..,1,2
2010,5,Sarrià-Sant Gervasi,26,Sant Gervasi - Galvany,109,5072,5,1,4
2010,5,Sarrià-Sant Gervasi,26,Sant Gervasi - Galvany,109,5072,7,1,5
2010,5,Sarrià-Sant Gervasi,26,Sant Gervasi - Galvany,109,5072,5,1,6
2010,5,Sarrià-Sant Gervasi,26,Sant Gervasi - Galvany,109,5072,..,1,7
2010,5,Sarrià-Sant Gervasi,26,Sant Gervasi - Galvany,109,5072,..,1,8
2010,5,Sarrià-Sant Gervasi,26,Sant Gervasi - Galvany,109,5072,..,1,9
2010,5,Sarrià-Sant Gervasi,26,Sant Gervasi - Galvany,109,5072,..,1,10
2010,5,Sarrià-Sant Gervasi,26,Sant Gervasi - Galvany,109,5072,..,1,13
2010,5,Sarrià-Sant Gervasi,26,Sant Gervasi - Galvany,109,5072,..,1,14
2010,5,Sarrià-Sant Gervasi,26,Sant Gervasi - Galvany,109,5072,..,1,16
2010,5,Sarrià-Sant Gervasi,26,Sant Gervasi - Galvany,109,5072,..,2,0
2010,5,Sarrià-Sant Gervasi,26,Sant Gervasi - Galvany,109,5072,..,2,1
2010,5,Sarrià-Sant Gervasi,26,Sant Gervasi - Galvany,109,5072,5,2,4
2010,5,Sarrià-Sant Gervasi,26,Sant Gervasi - Galvany,109,5072,8,2,5
2010,5,Sarrià-Sant Gervasi,26,Sant Gervasi - Galvany,109,5072,5,2,6
2010,5,Sarrià-Sant Gervasi,26,Sant Gervasi - Galvany,109,5072,..,2,7
2010,5,Sarrià-Sant Gervasi,26,Sant Gervasi - Galvany,109,5072,..,2,8
2010,5,Sarrià-Sant Gervasi,26,Sant Gervasi - Galvany,109,5072,..,2,9
2010,5,Sarrià-Sant Gervasi,26,Sant Gervasi - Galvany,109,5072,..,2,10
2010,5,Sarrià-Sant Gervasi,26,Sant Gervasi - Galvany,109,5072,..,2,11
2010,5,Sarrià-Sant Gervasi,26,Sant Gervasi - Galvany,109,5073,..,1,0
2010,5,Sarrià-Sant Gervasi,26,Sant Gervasi - Galvany,109,5073,..,1,3
2010,5,Sarrià-Sant Gervasi,26,Sant Gervasi - Galvany,109,5073,6,1,4
2010,5,Sarrià-Sant Gervasi,26,Sant Gervasi - Galvany,109,5073,8,1,5
2010,5,Sarrià-Sant Gervasi,26,Sant Gervasi - Galvany,109,5073,6,1,6
2010,5,Sarrià-Sant Gervasi,26,Sant Gervasi - Galvany,109,5073,..,1,7
2010,5,Sarrià-Sant Gervasi,26,Sant Gervasi - Galvany,109,5073,..,1,8
2010,5,Sarrià-Sant Gervasi,26,Sant Gervasi - Galvany,109,5073,5,1,9
2010,5,Sarrià-Sant Gervasi,26,Sant Gervasi - Galvany,109,5073,..,1,10
2010,5,Sarrià-Sant Gervasi,26,Sant Gervasi - Galvany,109,5073,..,1,11
2010,5,Sarrià-Sant Gervasi,26,Sant Gervasi - Galvany,109,5073,..,1,12
2010,5,Sarrià-Sant Gervasi,26,Sant Gervasi - Galvany,109,5073,..,1,13
2010,5,Sarrià-Sant Gervasi,26,Sant Gervasi - Galvany,109,5073,..,1,18
2010,5,Sarrià-Sant Gervasi,26,Sant Gervasi - Galvany,109,5073,..,2,0
2010,5,Sarrià-Sant Gervasi,26,Sant Gervasi - Galvany,109,5073,5,2,3
2010,5,Sarrià-Sant Gervasi,26,Sant Gervasi - Galvany,109,5073,..,2,4
2010,5,Sarrià-Sant Gervasi,26,Sant Gervasi - Galvany,109,5073,7,2,5
2010,5,Sarrià-Sant Gervasi,26,Sant Gervasi - Galvany,109,5073,7,2,6
2010,5,Sarrià-Sant Gervasi,26,Sant Gervasi - Galvany,109,5073,..,2,7
2010,5,Sarrià-Sant Gervasi,26,Sant Gervasi - Galvany,109,5073,..,2,8
2010,5,Sarrià-Sant Gervasi,26,Sant Gervasi - Galvany,109,5073,..,2,9
2010,5,Sarrià-Sant Gervasi,26,Sant Gervasi - Galvany,109,5073,..,2,10
2010,5,Sarrià-Sant Gervasi,26,Sant Gervasi - Galvany,109,5073,..,2,11
2010,5,Sarrià-Sant Gervasi,26,Sant Gervasi - Galvany,109,5073,..,2,12
2010,5,Sarrià-Sant Gervasi,26,Sant Gervasi - Galvany,109,5073,..,2,13
2010,5,Sarrià-Sant Gervasi,26,Sant Gervasi - Galvany,109,5073,..,2,15
2010,5,Sarrià-Sant Gervasi,26,Sant Gervasi - Galvany,109,5074,..,1,0
2010,5,Sarrià-Sant Gervasi,26,Sant Gervasi - Galvany,109,5074,..,1,3
2010,5,Sarrià-Sant Gervasi,26,Sant Gervasi - Galvany,109,5074,5,1,4
2010,5,Sarrià-Sant Gervasi,26,Sant Gervasi - Galvany,109,5074,5,1,5
2010,5,Sarrià-Sant Gervasi,26,Sant Gervasi - Galvany,109,5074,..,1,6
2010,5,Sarrià-Sant Gervasi,26,Sant Gervasi - Galvany,109,5074,5,1,7
2010,5,Sarrià-Sant Gervasi,26,Sant Gervasi - Galvany,109,5074,..,1,9
2010,5,Sarrià-Sant Gervasi,26,Sant Gervasi - Galvany,109,5074,..,1,10
2010,5,Sarrià-Sant Gervasi,26,Sant Gervasi - Galvany,109,5074,..,1,11
2010,5,Sarrià-Sant Gervasi,26,Sant Gervasi - Galvany,109,5074,..,1,12
2010,5,Sarrià-Sant Gervasi,26,Sant Gervasi - Galvany,109,5074,..,2,0
2010,5,Sarrià-Sant Gervasi,26,Sant Gervasi - Galvany,109,5074,..,2,1
2010,5,Sarrià-Sant Gervasi,26,Sant Gervasi - Galvany,109,5074,..,2,2
2010,5,Sarrià-Sant Gervasi,26,Sant Gervasi - Galvany,109,5074,..,2,4
2010,5,Sarrià-Sant Gervasi,26,Sant Gervasi - Galvany,109,5074,..,2,5
2010,5,Sarrià-Sant Gervasi,26,Sant Gervasi - Galvany,109,5074,..,2,6
2010,5,Sarrià-Sant Gervasi,26,Sant Gervasi - Galvany,109,5074,5,2,7
2010,5,Sarrià-Sant Gervasi,26,Sant Gervasi - Galvany,109,5074,..,2,8
2010,5,Sarrià-Sant Gervasi,26,Sant Gervasi - Galvany,109,5074,..,2,9
2010,5,Sarrià-Sant Gervasi,26,Sant Gervasi - Galvany,109,5074,..,2,10
2010,5,Sarrià-Sant Gervasi,26,Sant Gervasi - Galvany,109,5074,..,2,13
2010,5,Sarrià-Sant Gervasi,26,Sant Gervasi - Galvany,109,5074,..,2,14
2010,5,Sarrià-Sant Gervasi,26,Sant Gervasi - Galvany,110,5075,..,1,0
2010,5,Sarrià-Sant Gervasi,26,Sant Gervasi - Galvany,110,5075,..,1,1
2010,5,Sarrià-Sant Gervasi,26,Sant Gervasi - Galvany,110,5075,6,1,3
2010,5,Sarrià-Sant Gervasi,26,Sant Gervasi - Galvany,110,5075,12,1,4
2010,5,Sarrià-Sant Gervasi,26,Sant Gervasi - Galvany,110,5075,15,1,5
2010,5,Sarrià-Sant Gervasi,26,Sant Gervasi - Galvany,110,5075,5,1,6
2010,5,Sarrià-Sant Gervasi,26,Sant Gervasi - Galvany,110,5075,..,1,7
2010,5,Sarrià-Sant Gervasi,26,Sant Gervasi - Galvany,110,5075,..,1,8
2010,5,Sarrià-Sant Gervasi,26,Sant Gervasi - Galvany,110,5075,..,1,9
2010,5,Sarrià-Sant Gervasi,26,Sant Gervasi - Galvany,110,5075,..,1,11
2010,5,Sarrià-Sant Gervasi,26,Sant Gervasi - Galvany,110,5075,..,1,12
2010,5,Sarrià-Sant Gervasi,26,Sant Gervasi - Galvany,110,5075,..,1,14
2010,5,Sarrià-Sant Gervasi,26,Sant Gervasi - Galvany,110,5075,..,1,15
2010,5,Sarrià-Sant Gervasi,26,Sant Gervasi - Galvany,110,5075,..,2,0
2010,5,Sarrià-Sant Gervasi,26,Sant Gervasi - Galvany,110,5075,..,2,1
2010,5,Sarrià-Sant Gervasi,26,Sant Gervasi - Galvany,110,5075,..,2,3
2010,5,Sarrià-Sant Gervasi,26,Sant Gervasi - Galvany,110,5075,7,2,4
2010,5,Sarrià-Sant Gervasi,26,Sant Gervasi - Galvany,110,5075,7,2,5
2010,5,Sarrià-Sant Gervasi,26,Sant Gervasi - Galvany,110,5075,..,2,6
2010,5,Sarrià-Sant Gervasi,26,Sant Gervasi - Galvany,110,5075,..,2,7
2010,5,Sarrià-Sant Gervasi,26,Sant Gervasi - Galvany,110,5075,..,2,8
2010,5,Sarrià-Sant Gervasi,26,Sant Gervasi - Galvany,110,5075,..,2,9
2010,5,Sarrià-Sant Gervasi,26,Sant Gervasi - Galvany,110,5075,..,2,10
2010,5,Sarrià-Sant Gervasi,26,Sant Gervasi - Galvany,110,5075,..,2,12
2010,5,Sarrià-Sant Gervasi,26,Sant Gervasi - Galvany,110,5075,..,2,13
2010,5,Sarrià-Sant Gervasi,26,Sant Gervasi - Galvany,110,5076,..,1,0
2010,5,Sarrià-Sant Gervasi,26,Sant Gervasi - Galvany,110,5076,..,1,3
2010,5,Sarrià-Sant Gervasi,26,Sant Gervasi - Galvany,110,5076,12,1,5
2010,5,Sarrià-Sant Gervasi,26,Sant Gervasi - Galvany,110,5076,9,1,6
2010,5,Sarrià-Sant Gervasi,26,Sant Gervasi - Galvany,110,5076,..,1,7
2010,5,Sarrià-Sant Gervasi,26,Sant Gervasi - Galvany,110,5076,..,1,8
2010,5,Sarrià-Sant Gervasi,26,Sant Gervasi - Galvany,110,5076,..,1,9
2010,5,Sarrià-Sant Gervasi,26,Sant Gervasi - Galvany,110,5076,..,1,10
2010,5,Sarrià-Sant Gervasi,26,Sant Gervasi - Galvany,110,5076,..,1,11
2010,5,Sarrià-Sant Gervasi,26,Sant Gervasi - Galvany,110,5076,..,1,12
2010,5,Sarrià-Sant Gervasi,26,Sant Gervasi - Galvany,110,5076,..,1,13
2010,5,Sarrià-Sant Gervasi,26,Sant Gervasi - Galvany,110,5076,..,1,17
2010,5,Sarrià-Sant Gervasi,26,Sant Gervasi - Galvany,110,5076,..,2,0
2010,5,Sarrià-Sant Gervasi,26,Sant Gervasi - Galvany,110,5076,..,2,1
2010,5,Sarrià-Sant Gervasi,26,Sant Gervasi - Galvany,110,5076,..,2,2
2010,5,Sarrià-Sant Gervasi,26,Sant Gervasi - Galvany,110,5076,..,2,3
2010,5,Sarrià-Sant Gervasi,26,Sant Gervasi - Galvany,110,5076,..,2,4
2010,5,Sarrià-Sant Gervasi,26,Sant Gervasi - Galvany,110,5076,..,2,5
2010,5,Sarrià-Sant Gervasi,26,Sant Gervasi - Galvany,110,5076,..,2,6
2010,5,Sarrià-Sant Gervasi,26,Sant Gervasi - Galvany,110,5076,..,2,7
2010,5,Sarrià-Sant Gervasi,26,Sant Gervasi - Galvany,110,5076,..,2,8
2010,5,Sarrià-Sant Gervasi,26,Sant Gervasi - Galvany,110,5076,..,2,11
2010,5,Sarrià-Sant Gervasi,26,Sant Gervasi - Galvany,110,5076,..,2,12
2010,5,Sarrià-Sant Gervasi,26,Sant Gervasi - Galvany,110,5076,..,2,15
2010,5,Sarrià-Sant Gervasi,26,Sant Gervasi - Galvany,110,5077,..,1,0
2010,5,Sarrià-Sant Gervasi,26,Sant Gervasi - Galvany,110,5077,..,1,1
2010,5,Sarrià-Sant Gervasi,26,Sant Gervasi - Galvany,110,5077,..,1,2
2010,5,Sarrià-Sant Gervasi,26,Sant Gervasi - Galvany,110,5077,..,1,3
2010,5,Sarrià-Sant Gervasi,26,Sant Gervasi - Galvany,110,5077,..,1,5
2010,5,Sarrià-Sant Gervasi,26,Sant Gervasi - Galvany,110,5077,..,1,6
2010,5,Sarrià-Sant Gervasi,26,Sant Gervasi - Galvany,110,5077,..,1,7
2010,5,Sarrià-Sant Gervasi,26,Sant Gervasi - Galvany,110,5077,..,1,9
2010,5,Sarrià-Sant Gervasi,26,Sant Gervasi - Galvany,110,5077,..,1,11
2010,5,Sarrià-Sant Gervasi,26,Sant Gervasi - Galvany,110,5077,..,1,13
2010,5,Sarrià-Sant Gervasi,26,Sant Gervasi - Galvany,110,5077,..,1,16
2010,5,Sarrià-Sant Gervasi,26,Sant Gervasi - Galvany,110,5077,..,2,0
2010,5,Sarrià-Sant Gervasi,26,Sant Gervasi - Galvany,110,5077,..,2,3
2010,5,Sarrià-Sant Gervasi,26,Sant Gervasi - Galvany,110,5077,..,2,4
2010,5,Sarrià-Sant Gervasi,26,Sant Gervasi - Galvany,110,5077,..,2,5
2010,5,Sarrià-Sant Gervasi,26,Sant Gervasi - Galvany,110,5077,..,2,6
2010,5,Sarrià-Sant Gervasi,26,Sant Gervasi - Galvany,110,5077,..,2,7
2010,5,Sarrià-Sant Gervasi,26,Sant Gervasi - Galvany,110,5077,..,2,8
2010,5,Sarrià-Sant Gervasi,26,Sant Gervasi - Galvany,110,5077,..,2,9
2010,5,Sarrià-Sant Gervasi,26,Sant Gervasi - Galvany,110,5077,..,2,10
2010,5,Sarrià-Sant Gervasi,26,Sant Gervasi - Galvany,110,5077,..,2,11
2010,5,Sarrià-Sant Gervasi,26,Sant Gervasi - Galvany,110,5077,..,2,13
2010,5,Sarrià-Sant Gervasi,26,Sant Gervasi - Galvany,110,5077,..,2,19
2010,5,Sarrià-Sant Gervasi,26,Sant Gervasi - Galvany,110,5078,..,1,0
2010,5,Sarrià-Sant Gervasi,26,Sant Gervasi - Galvany,110,5078,..,1,1
2010,5,Sarrià-Sant Gervasi,26,Sant Gervasi - Galvany,110,5078,..,1,2
2010,5,Sarrià-Sant Gervasi,26,Sant Gervasi - Galvany,110,5078,..,1,3
2010,5,Sarrià-Sant Gervasi,26,Sant Gervasi - Galvany,110,5078,..,1,4
2010,5,Sarrià-Sant Gervasi,26,Sant Gervasi - Galvany,110,5078,10,1,5
2010,5,Sarrià-Sant Gervasi,26,Sant Gervasi - Galvany,110,5078,6,1,6
2010,5,Sarrià-Sant Gervasi,26,Sant Gervasi - Galvany,110,5078,..,1,7
2010,5,Sarrià-Sant Gervasi,26,Sant Gervasi - Galvany,110,5078,..,1,8
2010,5,Sarrià-Sant Gervasi,26,Sant Gervasi - Galvany,110,5078,7,1,9
2010,5,Sarrià-Sant Gervasi,26,Sant Gervasi - Galvany,110,5078,..,1,10
2010,5,Sarrià-Sant Gervasi,26,Sant Gervasi - Galvany,110,5078,..,1,11
2010,5,Sarrià-Sant Gervasi,26,Sant Gervasi - Galvany,110,5078,..,1,12
2010,5,Sarrià-Sant Gervasi,26,Sant Gervasi - Galvany,110,5078,..,2,0
2010,5,Sarrià-Sant Gervasi,26,Sant Gervasi - Galvany,110,5078,5,2,1
2010,5,Sarrià-Sant Gervasi,26,Sant Gervasi - Galvany,110,5078,..,2,2
2010,5,Sarrià-Sant Gervasi,26,Sant Gervasi - Galvany,110,5078,..,2,4
2010,5,Sarrià-Sant Gervasi,26,Sant Gervasi - Galvany,110,5078,6,2,5
2010,5,Sarrià-Sant Gervasi,26,Sant Gervasi - Galvany,110,5078,5,2,7
2010,5,Sarrià-Sant Gervasi,26,Sant Gervasi - Galvany,110,5078,..,2,8
2010,5,Sarrià-Sant Gervasi,26,Sant Gervasi - Galvany,110,5078,5,2,9
2010,5,Sarrià-Sant Gervasi,26,Sant Gervasi - Galvany,110,5078,..,2,10
2010,5,Sarrià-Sant Gervasi,26,Sant Gervasi - Galvany,110,5078,..,2,11
2010,5,Sarrià-Sant Gervasi,26,Sant Gervasi - Galvany,110,5079,..,1,0
2010,5,Sarrià-Sant Gervasi,26,Sant Gervasi - Galvany,110,5079,..,1,1
2010,5,Sarrià-Sant Gervasi,26,Sant Gervasi - Galvany,110,5079,..,1,2
2010,5,Sarrià-Sant Gervasi,26,Sant Gervasi - Galvany,110,5079,..,1,3
2010,5,Sarrià-Sant Gervasi,26,Sant Gervasi - Galvany,110,5079,..,1,4
2010,5,Sarrià-Sant Gervasi,26,Sant Gervasi - Galvany,110,5079,5,1,5
2010,5,Sarrià-Sant Gervasi,26,Sant Gervasi - Galvany,110,5079,..,1,6
2010,5,Sarrià-Sant Gervasi,26,Sant Gervasi - Galvany,110,5079,..,1,7
2010,5,Sarrià-Sant Gervasi,26,Sant Gervasi - Galvany,110,5079,..,1,8
2010,5,Sarrià-Sant Gervasi,26,Sant Gervasi - Galvany,110,5079,..,1,10
2010,5,Sarrià-Sant Gervasi,26,Sant Gervasi - Galvany,110,5079,..,1,12
2010,5,Sarrià-Sant Gervasi,26,Sant Gervasi - Galvany,110,5079,..,1,18
2010,5,Sarrià-Sant Gervasi,26,Sant Gervasi - Galvany,110,5079,..,1,19
2010,5,Sarrià-Sant Gervasi,26,Sant Gervasi - Galvany,110,5079,..,2,2
2010,5,Sarrià-Sant Gervasi,26,Sant Gervasi - Galvany,110,5079,..,2,3
2010,5,Sarrià-Sant Gervasi,26,Sant Gervasi - Galvany,110,5079,..,2,4
2010,5,Sarrià-Sant Gervasi,26,Sant Gervasi - Galvany,110,5079,..,2,5
2010,5,Sarrià-Sant Gervasi,26,Sant Gervasi - Galvany,110,5079,..,2,6
2010,5,Sarrià-Sant Gervasi,26,Sant Gervasi - Galvany,110,5079,..,2,8
2010,5,Sarrià-Sant Gervasi,26,Sant Gervasi - Galvany,110,5079,..,2,9
2010,5,Sarrià-Sant Gervasi,26,Sant Gervasi - Galvany,110,5079,..,2,10
2010,5,Sarrià-Sant Gervasi,26,Sant Gervasi - Galvany,110,5079,..,2,13
2010,5,Sarrià-Sant Gervasi,27,el Putxet i el Farró,111,5080,..,1,0
2010,5,Sarrià-Sant Gervasi,27,el Putxet i el Farró,111,5080,..,1,1
2010,5,Sarrià-Sant Gervasi,27,el Putxet i el Farró,111,5080,..,1,2
2010,5,Sarrià-Sant Gervasi,27,el Putxet i el Farró,111,5080,9,1,4
2010,5,Sarrià-Sant Gervasi,27,el Putxet i el Farró,111,5080,13,1,5
2010,5,Sarrià-Sant Gervasi,27,el Putxet i el Farró,111,5080,5,1,6
2010,5,Sarrià-Sant Gervasi,27,el Putxet i el Farró,111,5080,6,1,7
2010,5,Sarrià-Sant Gervasi,27,el Putxet i el Farró,111,5080,..,1,8
2010,5,Sarrià-Sant Gervasi,27,el Putxet i el Farró,111,5080,..,1,9
2010,5,Sarrià-Sant Gervasi,27,el Putxet i el Farró,111,5080,..,1,10
2010,5,Sarrià-Sant Gervasi,27,el Putxet i el Farró,111,5080,..,1,15
2010,5,Sarrià-Sant Gervasi,27,el Putxet i el Farró,111,5080,..,2,0
2010,5,Sarrià-Sant Gervasi,27,el Putxet i el Farró,111,5080,..,2,1
2010,5,Sarrià-Sant Gervasi,27,el Putxet i el Farró,111,5080,..,2,2
2010,5,Sarrià-Sant Gervasi,27,el Putxet i el Farró,111,5080,10,2,5
2010,5,Sarrià-Sant Gervasi,27,el Putxet i el Farró,111,5080,..,2,6
2010,5,Sarrià-Sant Gervasi,27,el Putxet i el Farró,111,5080,..,2,7
2010,5,Sarrià-Sant Gervasi,27,el Putxet i el Farró,111,5080,..,2,8
2010,5,Sarrià-Sant Gervasi,27,el Putxet i el Farró,111,5080,..,2,10
2010,5,Sarrià-Sant Gervasi,27,el Putxet i el Farró,111,5080,..,2,11
2010,5,Sarrià-Sant Gervasi,27,el Putxet i el Farró,111,5080,..,2,16
2010,5,Sarrià-Sant Gervasi,27,el Putxet i el Farró,111,5081,..,1,0
2010,5,Sarrià-Sant Gervasi,27,el Putxet i el Farró,111,5081,..,1,1
2010,5,Sarrià-Sant Gervasi,27,el Putxet i el Farró,111,5081,..,1,2
2010,5,Sarrià-Sant Gervasi,27,el Putxet i el Farró,111,5081,..,1,3
2010,5,Sarrià-Sant Gervasi,27,el Putxet i el Farró,111,5081,..,1,4
2010,5,Sarrià-Sant Gervasi,27,el Putxet i el Farró,111,5081,10,1,5
2010,5,Sarrià-Sant Gervasi,27,el Putxet i el Farró,111,5081,..,1,6
2010,5,Sarrià-Sant Gervasi,27,el Putxet i el Farró,111,5081,..,1,7
2010,5,Sarrià-Sant Gervasi,27,el Putxet i el Farró,111,5081,..,1,8
2010,5,Sarrià-Sant Gervasi,27,el Putxet i el Farró,111,5081,..,1,9
2010,5,Sarrià-Sant Gervasi,27,el Putxet i el Farró,111,5081,..,1,11
2010,5,Sarrià-Sant Gervasi,27,el Putxet i el Farró,111,5081,..,2,0
2010,5,Sarrià-Sant Gervasi,27,el Putxet i el Farró,111,5081,..,2,1
2010,5,Sarrià-Sant Gervasi,27,el Putxet i el Farró,111,5081,..,2,3
2010,5,Sarrià-Sant Gervasi,27,el Putxet i el Farró,111,5081,..,2,4
2010,5,Sarrià-Sant Gervasi,27,el Putxet i el Farró,111,5081,..,2,5
2010,5,Sarrià-Sant Gervasi,27,el Putxet i el Farró,111,5081,6,2,6
2010,5,Sarrià-Sant Gervasi,27,el Putxet i el Farró,111,5081,..,2,7
2010,5,Sarrià-Sant Gervasi,27,el Putxet i el Farró,111,5081,..,2,8
2010,5,Sarrià-Sant Gervasi,27,el Putxet i el Farró,111,5081,..,2,11
2010,5,Sarrià-Sant Gervasi,27,el Putxet i el Farró,111,5081,..,2,13
2010,5,Sarrià-Sant Gervasi,27,el Putxet i el Farró,111,5081,..,2,15
2010,5,Sarrià-Sant Gervasi,27,el Putxet i el Farró,111,5082,..,1,2
2010,5,Sarrià-Sant Gervasi,27,el Putxet i el Farró,111,5082,..,1,3
2010,5,Sarrià-Sant Gervasi,27,el Putxet i el Farró,111,5082,..,1,4
2010,5,Sarrià-Sant Gervasi,27,el Putxet i el Farró,111,5082,8,1,5
2010,5,Sarrià-Sant Gervasi,27,el Putxet i el Farró,111,5082,9,1,6
2010,5,Sarrià-Sant Gervasi,27,el Putxet i el Farró,111,5082,7,1,7
2010,5,Sarrià-Sant Gervasi,27,el Putxet i el Farró,111,5082,..,1,8
2010,5,Sarrià-Sant Gervasi,27,el Putxet i el Farró,111,5082,..,1,15
2010,5,Sarrià-Sant Gervasi,27,el Putxet i el Farró,111,5082,..,2,0
2010,5,Sarrià-Sant Gervasi,27,el Putxet i el Farró,111,5082,..,2,4
2010,5,Sarrià-Sant Gervasi,27,el Putxet i el Farró,111,5082,7,2,5
2010,5,Sarrià-Sant Gervasi,27,el Putxet i el Farró,111,5082,5,2,6
2010,5,Sarrià-Sant Gervasi,27,el Putxet i el Farró,111,5082,6,2,7
2010,5,Sarrià-Sant Gervasi,27,el Putxet i el Farró,111,5082,..,2,8
2010,5,Sarrià-Sant Gervasi,27,el Putxet i el Farró,111,5082,..,2,10
2010,5,Sarrià-Sant Gervasi,27,el Putxet i el Farró,111,5082,..,2,13
2010,5,Sarrià-Sant Gervasi,27,el Putxet i el Farró,111,5082,..,2,14
2010,5,Sarrià-Sant Gervasi,27,el Putxet i el Farró,111,5083,5,1,4
2010,5,Sarrià-Sant Gervasi,27,el Putxet i el Farró,111,5083,11,1,5
2010,5,Sarrià-Sant Gervasi,27,el Putxet i el Farró,111,5083,7,1,6
2010,5,Sarrià-Sant Gervasi,27,el Putxet i el Farró,111,5083,..,1,7
2010,5,Sarrià-Sant Gervasi,27,el Putxet i el Farró,111,5083,..,1,10
2010,5,Sarrià-Sant Gervasi,27,el Putxet i el Farró,111,5083,..,1,14
2010,5,Sarrià-Sant Gervasi,27,el Putxet i el Farró,111,5083,..,1,15
2010,5,Sarrià-Sant Gervasi,27,el Putxet i el Farró,111,5083,..,2,0
2010,5,Sarrià-Sant Gervasi,27,el Putxet i el Farró,111,5083,..,2,2
2010,5,Sarrià-Sant Gervasi,27,el Putxet i el Farró,111,5083,..,2,3
2010,5,Sarrià-Sant Gervasi,27,el Putxet i el Farró,111,5083,..,2,4
2010,5,Sarrià-Sant Gervasi,27,el Putxet i el Farró,111,5083,5,2,5
2010,5,Sarrià-Sant Gervasi,27,el Putxet i el Farró,111,5083,..,2,6
2010,5,Sarrià-Sant Gervasi,27,el Putxet i el Farró,111,5083,..,2,7
2010,5,Sarrià-Sant Gervasi,27,el Putxet i el Farró,111,5083,5,2,8
2010,5,Sarrià-Sant Gervasi,27,el Putxet i el Farró,111,5083,..,2,11
2010,5,Sarrià-Sant Gervasi,27,el Putxet i el Farró,111,5083,..,2,13
2010,5,Sarrià-Sant Gervasi,27,el Putxet i el Farró,111,5083,..,2,15
2010,5,Sarrià-Sant Gervasi,27,el Putxet i el Farró,111,5084,..,1,0
2010,5,Sarrià-Sant Gervasi,27,el Putxet i el Farró,111,5084,..,1,1
2010,5,Sarrià-Sant Gervasi,27,el Putxet i el Farró,111,5084,..,1,2
2010,5,Sarrià-Sant Gervasi,27,el Putxet i el Farró,111,5084,..,1,3
2010,5,Sarrià-Sant Gervasi,27,el Putxet i el Farró,111,5084,7,1,4
2010,5,Sarrià-Sant Gervasi,27,el Putxet i el Farró,111,5084,8,1,5
2010,5,Sarrià-Sant Gervasi,27,el Putxet i el Farró,111,5084,..,1,6
2010,5,Sarrià-Sant Gervasi,27,el Putxet i el Farró,111,5084,..,1,7
2010,5,Sarrià-Sant Gervasi,27,el Putxet i el Farró,111,5084,..,1,9
2010,5,Sarrià-Sant Gervasi,27,el Putxet i el Farró,111,5084,..,1,10
2010,5,Sarrià-Sant Gervasi,27,el Putxet i el Farró,111,5084,..,1,12
2010,5,Sarrià-Sant Gervasi,27,el Putxet i el Farró,111,5084,..,1,13
2010,5,Sarrià-Sant Gervasi,27,el Putxet i el Farró,111,5084,..,2,2
2010,5,Sarrià-Sant Gervasi,27,el Putxet i el Farró,111,5084,..,2,3
2010,5,Sarrià-Sant Gervasi,27,el Putxet i el Farró,111,5084,..,2,4
2010,5,Sarrià-Sant Gervasi,27,el Putxet i el Farró,111,5084,10,2,5
2010,5,Sarrià-Sant Gervasi,27,el Putxet i el Farró,111,5084,5,2,6
2010,5,Sarrià-Sant Gervasi,27,el Putxet i el Farró,111,5084,..,2,7
2010,5,Sarrià-Sant Gervasi,27,el Putxet i el Farró,111,5084,..,2,8
2010,5,Sarrià-Sant Gervasi,27,el Putxet i el Farró,111,5084,..,2,9
2010,5,Sarrià-Sant Gervasi,27,el Putxet i el Farró,111,5084,..,2,11
2010,5,Sarrià-Sant Gervasi,27,el Putxet i el Farró,111,5084,..,2,13
2010,5,Sarrià-Sant Gervasi,27,el Putxet i el Farró,111,5084,..,2,15
2010,5,Sarrià-Sant Gervasi,27,el Putxet i el Farró,111,5085,..,1,0
2010,5,Sarrià-Sant Gervasi,27,el Putxet i el Farró,111,5085,..,1,1
2010,5,Sarrià-Sant Gervasi,27,el Putxet i el Farró,111,5085,..,1,2
2010,5,Sarrià-Sant Gervasi,27,el Putxet i el Farró,111,5085,..,1,3
2010,5,Sarrià-Sant Gervasi,27,el Putxet i el Farró,111,5085,..,1,4
2010,5,Sarrià-Sant Gervasi,27,el Putxet i el Farró,111,5085,14,1,5
2010,5,Sarrià-Sant Gervasi,27,el Putxet i el Farró,111,5085,7,1,6
2010,5,Sarrià-Sant Gervasi,27,el Putxet i el Farró,111,5085,6,1,7
2010,5,Sarrià-Sant Gervasi,27,el Putxet i el Farró,111,5085,..,1,8
2010,5,Sarrià-Sant Gervasi,27,el Putxet i el Farró,111,5085,..,1,9
2010,5,Sarrià-Sant Gervasi,27,el Putxet i el Farró,111,5085,..,1,10
2010,5,Sarrià-Sant Gervasi,27,el Putxet i el Farró,111,5085,..,1,11
2010,5,Sarrià-Sant Gervasi,27,el Putxet i el Farró,111,5085,..,1,12
2010,5,Sarrià-Sant Gervasi,27,el Putxet i el Farró,111,5085,..,1,15
2010,5,Sarrià-Sant Gervasi,27,el Putxet i el Farró,111,5085,..,1,17
2010,5,Sarrià-Sant Gervasi,27,el Putxet i el Farró,111,5085,..,2,1
2010,5,Sarrià-Sant Gervasi,27,el Putxet i el Farró,111,5085,..,2,2
2010,5,Sarrià-Sant Gervasi,27,el Putxet i el Farró,111,5085,..,2,4
2010,5,Sarrià-Sant Gervasi,27,el Putxet i el Farró,111,5085,..,2,5
2010,5,Sarrià-Sant Gervasi,27,el Putxet i el Farró,111,5085,6,2,6
2010,5,Sarrià-Sant Gervasi,27,el Putxet i el Farró,111,5085,7,2,7
2010,5,Sarrià-Sant Gervasi,27,el Putxet i el Farró,111,5085,..,2,8
2010,5,Sarrià-Sant Gervasi,27,el Putxet i el Farró,111,5085,..,2,12
2010,5,Sarrià-Sant Gervasi,27,el Putxet i el Farró,111,5085,..,2,13
2010,5,Sarrià-Sant Gervasi,27,el Putxet i el Farró,111,5085,..,2,15
2010,5,Sarrià-Sant Gervasi,27,el Putxet i el Farró,111,5085,..,2,17
2010,5,Sarrià-Sant Gervasi,27,el Putxet i el Farró,111,5086,..,1,0
2010,5,Sarrià-Sant Gervasi,27,el Putxet i el Farró,111,5086,..,1,4
2010,5,Sarrià-Sant Gervasi,27,el Putxet i el Farró,111,5086,19,1,5
2010,5,Sarrià-Sant Gervasi,27,el Putxet i el Farró,111,5086,5,1,6
2010,5,Sarrià-Sant Gervasi,27,el Putxet i el Farró,111,5086,..,1,7
2010,5,Sarrià-Sant Gervasi,27,el Putxet i el Farró,111,5086,..,1,9
2010,5,Sarrià-Sant Gervasi,27,el Putxet i el Farró,111,5086,..,1,10
2010,5,Sarrià-Sant Gervasi,27,el Putxet i el Farró,111,5086,..,1,17
2010,5,Sarrià-Sant Gervasi,27,el Putxet i el Farró,111,5086,..,2,0
2010,5,Sarrià-Sant Gervasi,27,el Putxet i el Farró,111,5086,..,2,4
2010,5,Sarrià-Sant Gervasi,27,el Putxet i el Farró,111,5086,5,2,5
2010,5,Sarrià-Sant Gervasi,27,el Putxet i el Farró,111,5086,6,2,6
2010,5,Sarrià-Sant Gervasi,27,el Putxet i el Farró,111,5086,..,2,7
2010,5,Sarrià-Sant Gervasi,27,el Putxet i el Farró,111,5086,..,2,8
2010,5,Sarrià-Sant Gervasi,27,el Putxet i el Farró,111,5086,..,2,10
2010,5,Sarrià-Sant Gervasi,27,el Putxet i el Farró,111,5087,9,1,4
2010,5,Sarrià-Sant Gervasi,27,el Putxet i el Farró,111,5087,19,1,5
2010,5,Sarrià-Sant Gervasi,27,el Putxet i el Farró,111,5087,10,1,6
2010,5,Sarrià-Sant Gervasi,27,el Putxet i el Farró,111,5087,..,1,7
2010,5,Sarrià-Sant Gervasi,27,el Putxet i el Farró,111,5087,..,1,9
2010,5,Sarrià-Sant Gervasi,27,el Putxet i el Farró,111,5087,..,1,10
2010,5,Sarrià-Sant Gervasi,27,el Putxet i el Farró,111,5087,..,1,12
2010,5,Sarrià-Sant Gervasi,27,el Putxet i el Farró,111,5087,..,1,14
2010,5,Sarrià-Sant Gervasi,27,el Putxet i el Farró,111,5087,..,1,18
2010,5,Sarrià-Sant Gervasi,27,el Putxet i el Farró,111,5087,..,2,0
2010,5,Sarrià-Sant Gervasi,27,el Putxet i el Farró,111,5087,..,2,1
2010,5,Sarrià-Sant Gervasi,27,el Putxet i el Farró,111,5087,..,2,4
2010,5,Sarrià-Sant Gervasi,27,el Putxet i el Farró,111,5087,9,2,5
2010,5,Sarrià-Sant Gervasi,27,el Putxet i el Farró,111,5087,10,2,6
2010,5,Sarrià-Sant Gervasi,27,el Putxet i el Farró,111,5087,..,2,7
2010,5,Sarrià-Sant Gervasi,27,el Putxet i el Farró,111,5087,..,2,8
2010,5,Sarrià-Sant Gervasi,27,el Putxet i el Farró,111,5087,..,2,9
2010,5,Sarrià-Sant Gervasi,27,el Putxet i el Farró,111,5087,..,2,10
2010,5,Sarrià-Sant Gervasi,27,el Putxet i el Farró,111,5087,..,2,11
2010,5,Sarrià-Sant Gervasi,27,el Putxet i el Farró,112,5088,..,1,1
2010,5,Sarrià-Sant Gervasi,27,el Putxet i el Farró,112,5088,8,1,4
2010,5,Sarrià-Sant Gervasi,27,el Putxet i el Farró,112,5088,14,1,5
2010,5,Sarrià-Sant Gervasi,27,el Putxet i el Farró,112,5088,5,1,6
2010,5,Sarrià-Sant Gervasi,27,el Putxet i el Farró,112,5088,7,1,7
2010,5,Sarrià-Sant Gervasi,27,el Putxet i el Farró,112,5088,..,1,8
2010,5,Sarrià-Sant Gervasi,27,el Putxet i el Farró,112,5088,..,1,9
2010,5,Sarrià-Sant Gervasi,27,el Putxet i el Farró,112,5088,..,1,10
2010,5,Sarrià-Sant Gervasi,27,el Putxet i el Farró,112,5088,..,1,11
2010,5,Sarrià-Sant Gervasi,27,el Putxet i el Farró,112,5088,..,1,13
2010,5,Sarrià-Sant Gervasi,27,el Putxet i el Farró,112,5088,7,2,4
2010,5,Sarrià-Sant Gervasi,27,el Putxet i el Farró,112,5088,11,2,5
2010,5,Sarrià-Sant Gervasi,27,el Putxet i el Farró,112,5088,9,2,6
2010,5,Sarrià-Sant Gervasi,27,el Putxet i el Farró,112,5088,..,2,7
2010,5,Sarrià-Sant Gervasi,27,el Putxet i el Farró,112,5088,..,2,8
2010,5,Sarrià-Sant Gervasi,27,el Putxet i el Farró,112,5088,..,2,9
2010,5,Sarrià-Sant Gervasi,27,el Putxet i el Farró,112,5088,..,2,11
2010,5,Sarrià-Sant Gervasi,27,el Putxet i el Farró,112,5088,..,2,12
2010,5,Sarrià-Sant Gervasi,27,el Putxet i el Farró,112,5089,..,1,0
2010,5,Sarrià-Sant Gervasi,27,el Putxet i el Farró,112,5089,..,1,2
2010,5,Sarrià-Sant Gervasi,27,el Putxet i el Farró,112,5089,..,1,3
2010,5,Sarrià-Sant Gervasi,27,el Putxet i el Farró,112,5089,..,1,4
2010,5,Sarrià-Sant Gervasi,27,el Putxet i el Farró,112,5089,8,1,5
2010,5,Sarrià-Sant Gervasi,27,el Putxet i el Farró,112,5089,10,1,6
2010,5,Sarrià-Sant Gervasi,27,el Putxet i el Farró,112,5089,..,1,7
2010,5,Sarrià-Sant Gervasi,27,el Putxet i el Farró,112,5089,..,1,8
2010,5,Sarrià-Sant Gervasi,27,el Putxet i el Farró,112,5089,..,1,9
2010,5,Sarrià-Sant Gervasi,27,el Putxet i el Farró,112,5089,..,1,11
2010,5,Sarrià-Sant Gervasi,27,el Putxet i el Farró,112,5089,..,2,0
2010,5,Sarrià-Sant Gervasi,27,el Putxet i el Farró,112,5089,..,2,4
2010,5,Sarrià-Sant Gervasi,27,el Putxet i el Farró,112,5089,9,2,5
2010,5,Sarrià-Sant Gervasi,27,el Putxet i el Farró,112,5089,..,2,6
2010,5,Sarrià-Sant Gervasi,27,el Putxet i el Farró,112,5089,..,2,7
2010,5,Sarrià-Sant Gervasi,27,el Putxet i el Farró,112,5089,..,2,8
2010,5,Sarrià-Sant Gervasi,27,el Putxet i el Farró,112,5089,..,2,9
2010,5,Sarrià-Sant Gervasi,27,el Putxet i el Farró,112,5089,..,2,10
2010,5,Sarrià-Sant Gervasi,27,el Putxet i el Farró,112,5089,..,2,11
2010,5,Sarrià-Sant Gervasi,27,el Putxet i el Farró,112,5089,..,2,15
2010,5,Sarrià-Sant Gervasi,27,el Putxet i el Farró,112,5090,7,1,4
2010,5,Sarrià-Sant Gervasi,27,el Putxet i el Farró,112,5090,12,1,5
2010,5,Sarrià-Sant Gervasi,27,el Putxet i el Farró,112,5090,7,1,6
2010,5,Sarrià-Sant Gervasi,27,el Putxet i el Farró,112,5090,..,1,7
2010,5,Sarrià-Sant Gervasi,27,el Putxet i el Farró,112,5090,..,1,8
2010,5,Sarrià-Sant Gervasi,27,el Putxet i el Farró,112,5090,..,1,9
2010,5,Sarrià-Sant Gervasi,27,el Putxet i el Farró,112,5090,..,1,10
2010,5,Sarrià-Sant Gervasi,27,el Putxet i el Farró,112,5090,..,1,13
2010,5,Sarrià-Sant Gervasi,27,el Putxet i el Farró,112,5090,..,2,0
2010,5,Sarrià-Sant Gervasi,27,el Putxet i el Farró,112,5090,..,2,4
2010,5,Sarrià-Sant Gervasi,27,el Putxet i el Farró,112,5090,17,2,5
2010,5,Sarrià-Sant Gervasi,27,el Putxet i el Farró,112,5090,16,2,6
2010,5,Sarrià-Sant Gervasi,27,el Putxet i el Farró,112,5090,..,2,7
2010,5,Sarrià-Sant Gervasi,27,el Putxet i el Farró,112,5090,..,2,9
2010,5,Sarrià-Sant Gervasi,27,el Putxet i el Farró,112,5090,..,2,10
2010,5,Sarrià-Sant Gervasi,27,el Putxet i el Farró,112,5090,..,2,12
2010,5,Sarrià-Sant Gervasi,27,el Putxet i el Farró,112,5090,..,2,15
2010,5,Sarrià-Sant Gervasi,27,el Putxet i el Farró,112,5091,..,1,0
2010,5,Sarrià-Sant Gervasi,27,el Putxet i el Farró,112,5091,..,1,2
2010,5,Sarrià-Sant Gervasi,27,el Putxet i el Farró,112,5091,..,1,4
2010,5,Sarrià-Sant Gervasi,27,el Putxet i el Farró,112,5091,..,1,5
2010,5,Sarrià-Sant Gervasi,27,el Putxet i el Farró,112,5091,5,1,6
2010,5,Sarrià-Sant Gervasi,27,el Putxet i el Farró,112,5091,..,1,7
2010,5,Sarrià-Sant Gervasi,27,el Putxet i el Farró,112,5091,..,1,8
2010,5,Sarrià-Sant Gervasi,27,el Putxet i el Farró,112,5091,..,1,10
2010,5,Sarrià-Sant Gervasi,27,el Putxet i el Farró,112,5091,..,1,12
2010,5,Sarrià-Sant Gervasi,27,el Putxet i el Farró,112,5091,..,1,14
2010,5,Sarrià-Sant Gervasi,27,el Putxet i el Farró,112,5091,..,2,0
2010,5,Sarrià-Sant Gervasi,27,el Putxet i el Farró,112,5091,..,2,1
2010,5,Sarrià-Sant Gervasi,27,el Putxet i el Farró,112,5091,..,2,2
2010,5,Sarrià-Sant Gervasi,27,el Putxet i el Farró,112,5091,..,2,3
2010,5,Sarrià-Sant Gervasi,27,el Putxet i el Farró,112,5091,..,2,4
2010,5,Sarrià-Sant Gervasi,27,el Putxet i el Farró,112,5091,..,2,5
2010,5,Sarrià-Sant Gervasi,27,el Putxet i el Farró,112,5091,..,2,6
2010,5,Sarrià-Sant Gervasi,27,el Putxet i el Farró,112,5091,..,2,7
2010,5,Sarrià-Sant Gervasi,27,el Putxet i el Farró,112,5091,..,2,8
2010,5,Sarrià-Sant Gervasi,27,el Putxet i el Farró,112,5091,..,2,9
2010,5,Sarrià-Sant Gervasi,27,el Putxet i el Farró,112,5091,..,2,10
2010,5,Sarrià-Sant Gervasi,27,el Putxet i el Farró,112,5091,..,2,15
2010,5,Sarrià-Sant Gervasi,27,el Putxet i el Farró,112,5092,..,1,0
2010,5,Sarrià-Sant Gervasi,27,el Putxet i el Farró,112,5092,..,1,2
2010,5,Sarrià-Sant Gervasi,27,el Putxet i el Farró,112,5092,..,1,4
2010,5,Sarrià-Sant Gervasi,27,el Putxet i el Farró,112,5092,9,1,5
2010,5,Sarrià-Sant Gervasi,27,el Putxet i el Farró,112,5092,5,1,6
2010,5,Sarrià-Sant Gervasi,27,el Putxet i el Farró,112,5092,..,1,7
2010,5,Sarrià-Sant Gervasi,27,el Putxet i el Farró,112,5092,..,1,8
2010,5,Sarrià-Sant Gervasi,27,el Putxet i el Farró,112,5092,..,1,9
2010,5,Sarrià-Sant Gervasi,27,el Putxet i el Farró,112,5092,..,1,10
2010,5,Sarrià-Sant Gervasi,27,el Putxet i el Farró,112,5092,..,1,11
2010,5,Sarrià-Sant Gervasi,27,el Putxet i el Farró,112,5092,..,1,18
2010,5,Sarrià-Sant Gervasi,27,el Putxet i el Farró,112,5092,..,2,0
2010,5,Sarrià-Sant Gervasi,27,el Putxet i el Farró,112,5092,..,2,1
2010,5,Sarrià-Sant Gervasi,27,el Putxet i el Farró,112,5092,..,2,2
2010,5,Sarrià-Sant Gervasi,27,el Putxet i el Farró,112,5092,..,2,3
2010,5,Sarrià-Sant Gervasi,27,el Putxet i el Farró,112,5092,..,2,4
2010,5,Sarrià-Sant Gervasi,27,el Putxet i el Farró,112,5092,11,2,5
2010,5,Sarrià-Sant Gervasi,27,el Putxet i el Farró,112,5092,..,2,6
2010,5,Sarrià-Sant Gervasi,27,el Putxet i el Farró,112,5092,..,2,7
2010,5,Sarrià-Sant Gervasi,27,el Putxet i el Farró,112,5092,..,2,8
2010,5,Sarrià-Sant Gervasi,27,el Putxet i el Farró,112,5092,..,2,9
2010,5,Sarrià-Sant Gervasi,27,el Putxet i el Farró,112,5092,..,2,12
2010,5,Sarrià-Sant Gervasi,27,el Putxet i el Farró,112,5092,..,2,13
2010,5,Sarrià-Sant Gervasi,27,el Putxet i el Farró,113,5093,..,1,3
2010,5,Sarrià-Sant Gervasi,27,el Putxet i el Farró,113,5093,..,1,4
2010,5,Sarrià-Sant Gervasi,27,el Putxet i el Farró,113,5093,7,1,5
2010,5,Sarrià-Sant Gervasi,27,el Putxet i el Farró,113,5093,..,1,6
2010,5,Sarrià-Sant Gervasi,27,el Putxet i el Farró,113,5093,..,1,7
2010,5,Sarrià-Sant Gervasi,27,el Putxet i el Farró,113,5093,..,1,8
2010,5,Sarrià-Sant Gervasi,27,el Putxet i el Farró,113,5093,..,1,9
2010,5,Sarrià-Sant Gervasi,27,el Putxet i el Farró,113,5093,..,1,12
2010,5,Sarrià-Sant Gervasi,27,el Putxet i el Farró,113,5093,..,1,13
2010,5,Sarrià-Sant Gervasi,27,el Putxet i el Farró,113,5093,..,1,14
2010,5,Sarrià-Sant Gervasi,27,el Putxet i el Farró,113,5093,..,2,0
2010,5,Sarrià-Sant Gervasi,27,el Putxet i el Farró,113,5093,..,2,3
2010,5,Sarrià-Sant Gervasi,27,el Putxet i el Farró,113,5093,..,2,4
2010,5,Sarrià-Sant Gervasi,27,el Putxet i el Farró,113,5093,5,2,5
2010,5,Sarrià-Sant Gervasi,27,el Putxet i el Farró,113,5093,..,2,6
2010,5,Sarrià-Sant Gervasi,27,el Putxet i el Farró,113,5093,..,2,7
2010,5,Sarrià-Sant Gervasi,27,el Putxet i el Farró,113,5093,..,2,8
2010,5,Sarrià-Sant Gervasi,27,el Putxet i el Farró,113,5093,..,2,9
2010,5,Sarrià-Sant Gervasi,27,el Putxet i el Farró,113,5093,..,2,14
2010,5,Sarrià-Sant Gervasi,27,el Putxet i el Farró,113,5094,..,1,0
2010,5,Sarrià-Sant Gervasi,27,el Putxet i el Farró,113,5094,..,1,1
2010,5,Sarrià-Sant Gervasi,27,el Putxet i el Farró,113,5094,..,1,2
2010,5,Sarrià-Sant Gervasi,27,el Putxet i el Farró,113,5094,..,1,4
2010,5,Sarrià-Sant Gervasi,27,el Putxet i el Farró,113,5094,7,1,5
2010,5,Sarrià-Sant Gervasi,27,el Putxet i el Farró,113,5094,6,1,6
2010,5,Sarrià-Sant Gervasi,27,el Putxet i el Farró,113,5094,10,1,7
2010,5,Sarrià-Sant Gervasi,27,el Putxet i el Farró,113,5094,..,1,8
2010,5,Sarrià-Sant Gervasi,27,el Putxet i el Farró,113,5094,..,1,9
2010,5,Sarrià-Sant Gervasi,27,el Putxet i el Farró,113,5094,..,1,10
2010,5,Sarrià-Sant Gervasi,27,el Putxet i el Farró,113,5094,..,1,11
2010,5,Sarrià-Sant Gervasi,27,el Putxet i el Farró,113,5094,..,1,12
2010,5,Sarrià-Sant Gervasi,27,el Putxet i el Farró,113,5094,..,1,13
2010,5,Sarrià-Sant Gervasi,27,el Putxet i el Farró,113,5094,..,1,15
2010,5,Sarrià-Sant Gervasi,27,el Putxet i el Farró,113,5094,..,1,16
2010,5,Sarrià-Sant Gervasi,27,el Putxet i el Farró,113,5094,..,2,0
2010,5,Sarrià-Sant Gervasi,27,el Putxet i el Farró,113,5094,..,2,1
2010,5,Sarrià-Sant Gervasi,27,el Putxet i el Farró,113,5094,..,2,2
2010,5,Sarrià-Sant Gervasi,27,el Putxet i el Farró,113,5094,..,2,3
2010,5,Sarrià-Sant Gervasi,27,el Putxet i el Farró,113,5094,..,2,4
2010,5,Sarrià-Sant Gervasi,27,el Putxet i el Farró,113,5094,8,2,5
2010,5,Sarrià-Sant Gervasi,27,el Putxet i el Farró,113,5094,6,2,6
2010,5,Sarrià-Sant Gervasi,27,el Putxet i el Farró,113,5094,8,2,7
2010,5,Sarrià-Sant Gervasi,27,el Putxet i el Farró,113,5094,8,2,8
2010,5,Sarrià-Sant Gervasi,27,el Putxet i el Farró,113,5094,..,2,9
2010,5,Sarrià-Sant Gervasi,27,el Putxet i el Farró,113,5094,..,2,11
2010,5,Sarrià-Sant Gervasi,27,el Putxet i el Farró,113,5094,..,2,12
2010,5,Sarrià-Sant Gervasi,27,el Putxet i el Farró,113,5094,..,2,13
2010,5,Sarrià-Sant Gervasi,27,el Putxet i el Farró,113,5094,..,2,17
2010,5,Sarrià-Sant Gervasi,27,el Putxet i el Farró,113,5095,..,1,0
2010,5,Sarrià-Sant Gervasi,27,el Putxet i el Farró,113,5095,..,1,1
2010,5,Sarrià-Sant Gervasi,27,el Putxet i el Farró,113,5095,..,1,2
2010,5,Sarrià-Sant Gervasi,27,el Putxet i el Farró,113,5095,..,1,3
2010,5,Sarrià-Sant Gervasi,27,el Putxet i el Farró,113,5095,..,1,4
2010,5,Sarrià-Sant Gervasi,27,el Putxet i el Farró,113,5095,17,1,5
2010,5,Sarrià-Sant Gervasi,27,el Putxet i el Farró,113,5095,5,1,6
2010,5,Sarrià-Sant Gervasi,27,el Putxet i el Farró,113,5095,..,1,7
2010,5,Sarrià-Sant Gervasi,27,el Putxet i el Farró,113,5095,8,1,8
2010,5,Sarrià-Sant Gervasi,27,el Putxet i el Farró,113,5095,..,1,9
2010,5,Sarrià-Sant Gervasi,27,el Putxet i el Farró,113,5095,..,1,10
2010,5,Sarrià-Sant Gervasi,27,el Putxet i el Farró,113,5095,..,1,11
2010,5,Sarrià-Sant Gervasi,27,el Putxet i el Farró,113,5095,..,1,12
2010,5,Sarrià-Sant Gervasi,27,el Putxet i el Farró,113,5095,..,1,13
2010,5,Sarrià-Sant Gervasi,27,el Putxet i el Farró,113,5095,..,2,0
2010,5,Sarrià-Sant Gervasi,27,el Putxet i el Farró,113,5095,..,2,1
2010,5,Sarrià-Sant Gervasi,27,el Putxet i el Farró,113,5095,..,2,2
2010,5,Sarrià-Sant Gervasi,27,el Putxet i el Farró,113,5095,..,2,3
2010,5,Sarrià-Sant Gervasi,27,el Putxet i el Farró,113,5095,..,2,4
2010,5,Sarrià-Sant Gervasi,27,el Putxet i el Farró,113,5095,6,2,5
2010,5,Sarrià-Sant Gervasi,27,el Putxet i el Farró,113,5095,8,2,6
2010,5,Sarrià-Sant Gervasi,27,el Putxet i el Farró,113,5095,8,2,7
2010,5,Sarrià-Sant Gervasi,27,el Putxet i el Farró,113,5095,..,2,8
2010,5,Sarrià-Sant Gervasi,27,el Putxet i el Farró,113,5095,..,2,9
2010,5,Sarrià-Sant Gervasi,27,el Putxet i el Farró,113,5095,..,2,11
2010,5,Sarrià-Sant Gervasi,27,el Putxet i el Farró,113,5095,..,2,12
2010,5,Sarrià-Sant Gervasi,27,el Putxet i el Farró,113,5095,..,2,13
2010,5,Sarrià-Sant Gervasi,27,el Putxet i el Farró,113,5096,..,1,0
2010,5,Sarrià-Sant Gervasi,27,el Putxet i el Farró,113,5096,..,1,3
2010,5,Sarrià-Sant Gervasi,27,el Putxet i el Farró,113,5096,..,1,4
2010,5,Sarrià-Sant Gervasi,27,el Putxet i el Farró,113,5096,8,1,5
2010,5,Sarrià-Sant Gervasi,27,el Putxet i el Farró,113,5096,..,1,6
2010,5,Sarrià-Sant Gervasi,27,el Putxet i el Farró,113,5096,..,1,7
2010,5,Sarrià-Sant Gervasi,27,el Putxet i el Farró,113,5096,..,1,8
2010,5,Sarrià-Sant Gervasi,27,el Putxet i el Farró,113,5096,..,1,13
2010,5,Sarrià-Sant Gervasi,27,el Putxet i el Farró,113,5096,..,1,16
2010,5,Sarrià-Sant Gervasi,27,el Putxet i el Farró,113,5096,..,2,0
2010,5,Sarrià-Sant Gervasi,27,el Putxet i el Farró,113,5096,..,2,2
2010,5,Sarrià-Sant Gervasi,27,el Putxet i el Farró,113,5096,..,2,4
2010,5,Sarrià-Sant Gervasi,27,el Putxet i el Farró,113,5096,5,2,5
2010,5,Sarrià-Sant Gervasi,27,el Putxet i el Farró,113,5096,..,2,6
2010,5,Sarrià-Sant Gervasi,27,el Putxet i el Farró,113,5096,..,2,7
2010,5,Sarrià-Sant Gervasi,27,el Putxet i el Farró,113,5096,..,2,8
2010,5,Sarrià-Sant Gervasi,27,el Putxet i el Farró,113,5096,..,2,9
2010,5,Sarrià-Sant Gervasi,27,el Putxet i el Farró,113,5096,..,2,11
2010,5,Sarrià-Sant Gervasi,27,el Putxet i el Farró,113,5096,..,2,17
2010,5,Sarrià-Sant Gervasi,27,el Putxet i el Farró,113,5097,..,1,0
2010,5,Sarrià-Sant Gervasi,27,el Putxet i el Farró,113,5097,..,1,1
2010,5,Sarrià-Sant Gervasi,27,el Putxet i el Farró,113,5097,..,1,2
2010,5,Sarrià-Sant Gervasi,27,el Putxet i el Farró,113,5097,..,1,3
2010,5,Sarrià-Sant Gervasi,27,el Putxet i el Farró,113,5097,..,1,4
2010,5,Sarrià-Sant Gervasi,27,el Putxet i el Farró,113,5097,12,1,5
2010,5,Sarrià-Sant Gervasi,27,el Putxet i el Farró,113,5097,8,1,6
2010,5,Sarrià-Sant Gervasi,27,el Putxet i el Farró,113,5097,6,1,7
2010,5,Sarrià-Sant Gervasi,27,el Putxet i el Farró,113,5097,..,1,8
2010,5,Sarrià-Sant Gervasi,27,el Putxet i el Farró,113,5097,..,1,9
2010,5,Sarrià-Sant Gervasi,27,el Putxet i el Farró,113,5097,..,1,10
2010,5,Sarrià-Sant Gervasi,27,el Putxet i el Farró,113,5097,..,1,14
2010,5,Sarrià-Sant Gervasi,27,el Putxet i el Farró,113,5097,..,1,16
2010,5,Sarrià-Sant Gervasi,27,el Putxet i el Farró,113,5097,..,1,18
2010,5,Sarrià-Sant Gervasi,27,el Putxet i el Farró,113,5097,..,2,0
2010,5,Sarrià-Sant Gervasi,27,el Putxet i el Farró,113,5097,..,2,1
2010,5,Sarrià-Sant Gervasi,27,el Putxet i el Farró,113,5097,..,2,4
2010,5,Sarrià-Sant Gervasi,27,el Putxet i el Farró,113,5097,8,2,5
2010,5,Sarrià-Sant Gervasi,27,el Putxet i el Farró,113,5097,9,2,6
2010,5,Sarrià-Sant Gervasi,27,el Putxet i el Farró,113,5097,6,2,7
2010,5,Sarrià-Sant Gervasi,27,el Putxet i el Farró,113,5097,..,2,9
2010,5,Sarrià-Sant Gervasi,27,el Putxet i el Farró,113,5097,..,2,10
2010,5,Sarrià-Sant Gervasi,27,el Putxet i el Farró,113,5097,..,2,12
2010,5,Sarrià-Sant Gervasi,27,el Putxet i el Farró,113,5097,..,2,13
2010,5,Sarrià-Sant Gervasi,27,el Putxet i el Farró,113,5097,..,2,14
2010,5,Sarrià-Sant Gervasi,27,el Putxet i el Farró,113,5098,..,1,0
2010,5,Sarrià-Sant Gervasi,27,el Putxet i el Farró,113,5098,..,1,2
2010,5,Sarrià-Sant Gervasi,27,el Putxet i el Farró,113,5098,..,1,3
2010,5,Sarrià-Sant Gervasi,27,el Putxet i el Farró,113,5098,9,1,4
2010,5,Sarrià-Sant Gervasi,27,el Putxet i el Farró,113,5098,10,1,5
2010,5,Sarrià-Sant Gervasi,27,el Putxet i el Farró,113,5098,11,1,6
2010,5,Sarrià-Sant Gervasi,27,el Putxet i el Farró,113,5098,..,1,7
2010,5,Sarrià-Sant Gervasi,27,el Putxet i el Farró,113,5098,..,1,8
2010,5,Sarrià-Sant Gervasi,27,el Putxet i el Farró,113,5098,..,1,10
2010,5,Sarrià-Sant Gervasi,27,el Putxet i el Farró,113,5098,5,1,11
2010,5,Sarrià-Sant Gervasi,27,el Putxet i el Farró,113,5098,..,1,13
2010,5,Sarrià-Sant Gervasi,27,el Putxet i el Farró,113,5098,..,1,14
2010,5,Sarrià-Sant Gervasi,27,el Putxet i el Farró,113,5098,..,2,0
2010,5,Sarrià-Sant Gervasi,27,el Putxet i el Farró,113,5098,..,2,3
2010,5,Sarrià-Sant Gervasi,27,el Putxet i el Farró,113,5098,..,2,4
2010,5,Sarrià-Sant Gervasi,27,el Putxet i el Farró,113,5098,5,2,5
2010,5,Sarrià-Sant Gervasi,27,el Putxet i el Farró,113,5098,6,2,6
2010,5,Sarrià-Sant Gervasi,27,el Putxet i el Farró,113,5098,..,2,7
2010,5,Sarrià-Sant Gervasi,27,el Putxet i el Farró,113,5098,..,2,8
2010,5,Sarrià-Sant Gervasi,27,el Putxet i el Farró,113,5098,..,2,9
2010,5,Sarrià-Sant Gervasi,27,el Putxet i el Farró,113,5098,..,2,10
2010,5,Sarrià-Sant Gervasi,27,el Putxet i el Farró,113,5098,..,2,11
2010,5,Sarrià-Sant Gervasi,27,el Putxet i el Farró,113,5098,..,2,12
2010,5,Sarrià-Sant Gervasi,27,el Putxet i el Farró,113,5098,..,2,13
2010,5,Sarrià-Sant Gervasi,27,el Putxet i el Farró,113,5098,..,2,14
2010,5,Sarrià-Sant Gervasi,27,el Putxet i el Farró,113,5098,..,2,17
2010,5,Sarrià-Sant Gervasi,27,el Putxet i el Farró,113,5098,..,2,19
2010,6,Gràcia,28,Vallcarca i els Penitents,114,6001,..,1,3
2010,6,Gràcia,28,Vallcarca i els Penitents,114,6001,..,1,4
2010,6,Gràcia,28,Vallcarca i els Penitents,114,6001,9,1,5
2010,6,Gràcia,28,Vallcarca i els Penitents,114,6001,9,1,6
2010,6,Gràcia,28,Vallcarca i els Penitents,114,6001,..,1,7
2010,6,Gràcia,28,Vallcarca i els Penitents,114,6001,..,1,8
2010,6,Gràcia,28,Vallcarca i els Penitents,114,6001,..,1,10
2010,6,Gràcia,28,Vallcarca i els Penitents,114,6001,..,1,11
2010,6,Gràcia,28,Vallcarca i els Penitents,114,6001,..,1,12
2010,6,Gràcia,28,Vallcarca i els Penitents,114,6001,..,1,13
2010,6,Gràcia,28,Vallcarca i els Penitents,114,6001,..,2,0
2010,6,Gràcia,28,Vallcarca i els Penitents,114,6001,..,2,2
2010,6,Gràcia,28,Vallcarca i els Penitents,114,6001,..,2,3
2010,6,Gràcia,28,Vallcarca i els Penitents,114,6001,..,2,4
2010,6,Gràcia,28,Vallcarca i els Penitents,114,6001,11,2,5
2010,6,Gràcia,28,Vallcarca i els Penitents,114,6001,..,2,6
2010,6,Gràcia,28,Vallcarca i els Penitents,114,6001,..,2,7
2010,6,Gràcia,28,Vallcarca i els Penitents,114,6001,..,2,8
2010,6,Gràcia,28,Vallcarca i els Penitents,114,6001,..,2,9
2010,6,Gràcia,28,Vallcarca i els Penitents,114,6001,..,2,10
2010,6,Gràcia,28,Vallcarca i els Penitents,114,6001,..,2,15
2010,6,Gràcia,28,Vallcarca i els Penitents,114,6002,..,1,0
2010,6,Gràcia,28,Vallcarca i els Penitents,114,6002,..,1,1
2010,6,Gràcia,28,Vallcarca i els Penitents,114,6002,..,1,2
2010,6,Gràcia,28,Vallcarca i els Penitents,114,6002,..,1,3
2010,6,Gràcia,28,Vallcarca i els Penitents,114,6002,8,1,4
2010,6,Gràcia,28,Vallcarca i els Penitents,114,6002,14,1,5
2010,6,Gràcia,28,Vallcarca i els Penitents,114,6002,6,1,6
2010,6,Gràcia,28,Vallcarca i els Penitents,114,6002,..,1,7
2010,6,Gràcia,28,Vallcarca i els Penitents,114,6002,..,1,8
2010,6,Gràcia,28,Vallcarca i els Penitents,114,6002,..,1,9
2010,6,Gràcia,28,Vallcarca i els Penitents,114,6002,..,1,10
2010,6,Gràcia,28,Vallcarca i els Penitents,114,6002,..,1,12
2010,6,Gràcia,28,Vallcarca i els Penitents,114,6002,..,1,13
2010,6,Gràcia,28,Vallcarca i els Penitents,114,6002,..,1,14
2010,6,Gràcia,28,Vallcarca i els Penitents,114,6002,..,2,1
2010,6,Gràcia,28,Vallcarca i els Penitents,114,6002,..,2,2
2010,6,Gràcia,28,Vallcarca i els Penitents,114,6002,..,2,3
2010,6,Gràcia,28,Vallcarca i els Penitents,114,6002,..,2,4
2010,6,Gràcia,28,Vallcarca i els Penitents,114,6002,..,2,5
2010,6,Gràcia,28,Vallcarca i els Penitents,114,6002,11,2,6
2010,6,Gràcia,28,Vallcarca i els Penitents,114,6002,5,2,7
2010,6,Gràcia,28,Vallcarca i els Penitents,114,6002,7,2,8
2010,6,Gràcia,28,Vallcarca i els Penitents,114,6002,..,2,9
2010,6,Gràcia,28,Vallcarca i els Penitents,114,6002,..,2,11
2010,6,Gràcia,28,Vallcarca i els Penitents,114,6002,..,2,15
2010,6,Gràcia,28,Vallcarca i els Penitents,114,6002,..,2,17
2010,6,Gràcia,28,Vallcarca i els Penitents,114,6003,5,1,0
2010,6,Gràcia,28,Vallcarca i els Penitents,114,6003,..,1,1
2010,6,Gràcia,28,Vallcarca i els Penitents,114,6003,..,1,3
2010,6,Gràcia,28,Vallcarca i els Penitents,114,6003,10,1,4
2010,6,Gràcia,28,Vallcarca i els Penitents,114,6003,16,1,5
2010,6,Gràcia,28,Vallcarca i els Penitents,114,6003,10,1,6
2010,6,Gràcia,28,Vallcarca i els Penitents,114,6003,6,1,7
2010,6,Gràcia,28,Vallcarca i els Penitents,114,6003,..,1,8
2010,6,Gràcia,28,Vallcarca i els Penitents,114,6003,..,1,9
2010,6,Gràcia,28,Vallcarca i els Penitents,114,6003,..,1,10
2010,6,Gràcia,28,Vallcarca i els Penitents,114,6003,..,1,11
2010,6,Gràcia,28,Vallcarca i els Penitents,114,6003,..,2,0
2010,6,Gràcia,28,Vallcarca i els Penitents,114,6003,..,2,1
2010,6,Gràcia,28,Vallcarca i els Penitents,114,6003,..,2,3
2010,6,Gràcia,28,Vallcarca i els Penitents,114,6003,6,2,4
2010,6,Gràcia,28,Vallcarca i els Penitents,114,6003,9,2,5
2010,6,Gràcia,28,Vallcarca i els Penitents,114,6003,9,2,6
2010,6,Gràcia,28,Vallcarca i els Penitents,114,6003,..,2,7
2010,6,Gràcia,28,Vallcarca i els Penitents,114,6003,..,2,8
2010,6,Gràcia,28,Vallcarca i els Penitents,114,6003,..,2,9
2010,6,Gràcia,28,Vallcarca i els Penitents,114,6003,..,2,11
2010,6,Gràcia,28,Vallcarca i els Penitents,114,6003,..,2,12
2010,6,Gràcia,28,Vallcarca i els Penitents,114,6003,..,2,13
2010,6,Gràcia,28,Vallcarca i els Penitents,114,6003,..,2,15
2010,6,Gràcia,28,Vallcarca i els Penitents,114,6004,..,1,1
2010,6,Gràcia,28,Vallcarca i els Penitents,114,6004,..,1,2
2010,6,Gràcia,28,Vallcarca i els Penitents,114,6004,..,1,3
2010,6,Gràcia,28,Vallcarca i els Penitents,114,6004,5,1,4
2010,6,Gràcia,28,Vallcarca i els Penitents,114,6004,6,1,5
2010,6,Gràcia,28,Vallcarca i els Penitents,114,6004,9,1,6
2010,6,Gràcia,28,Vallcarca i els Penitents,114,6004,..,1,7
2010,6,Gràcia,28,Vallcarca i els Penitents,114,6004,..,1,8
2010,6,Gràcia,28,Vallcarca i els Penitents,114,6004,..,1,9
2010,6,Gràcia,28,Vallcarca i els Penitents,114,6004,..,1,11
2010,6,Gràcia,28,Vallcarca i els Penitents,114,6004,..,1,13
2010,6,Gràcia,28,Vallcarca i els Penitents,114,6004,..,1,17
2010,6,Gràcia,28,Vallcarca i els Penitents,114,6004,..,2,0
2010,6,Gràcia,28,Vallcarca i els Penitents,114,6004,..,2,1
2010,6,Gràcia,28,Vallcarca i els Penitents,114,6004,6,2,4
2010,6,Gràcia,28,Vallcarca i els Penitents,114,6004,5,2,5
2010,6,Gràcia,28,Vallcarca i els Penitents,114,6004,8,2,6
2010,6,Gràcia,28,Vallcarca i els Penitents,114,6004,..,2,7
2010,6,Gràcia,28,Vallcarca i els Penitents,114,6004,..,2,8
2010,6,Gràcia,28,Vallcarca i els Penitents,114,6004,..,2,10
2010,6,Gràcia,28,Vallcarca i els Penitents,115,6006,..,1,1
2010,6,Gràcia,28,Vallcarca i els Penitents,115,6006,..,1,2
2010,6,Gràcia,28,Vallcarca i els Penitents,115,6006,..,1,4
2010,6,Gràcia,28,Vallcarca i els Penitents,115,6006,10,1,5
2010,6,Gràcia,28,Vallcarca i els Penitents,115,6006,..,1,6
2010,6,Gràcia,28,Vallcarca i els Penitents,115,6006,..,1,7
2010,6,Gràcia,28,Vallcarca i els Penitents,115,6006,..,1,8
2010,6,Gràcia,28,Vallcarca i els Penitents,115,6006,..,1,10
2010,6,Gràcia,28,Vallcarca i els Penitents,115,6006,..,1,12
2010,6,Gràcia,28,Vallcarca i els Penitents,115,6006,..,1,16
2010,6,Gràcia,28,Vallcarca i els Penitents,115,6006,..,2,0
2010,6,Gràcia,28,Vallcarca i els Penitents,115,6006,..,2,2
2010,6,Gràcia,28,Vallcarca i els Penitents,115,6006,..,2,4
2010,6,Gràcia,28,Vallcarca i els Penitents,115,6006,..,2,5
2010,6,Gràcia,28,Vallcarca i els Penitents,115,6006,6,2,6
2010,6,Gràcia,28,Vallcarca i els Penitents,115,6006,..,2,7
2010,6,Gràcia,28,Vallcarca i els Penitents,115,6006,..,2,8
2010,6,Gràcia,28,Vallcarca i els Penitents,115,6006,..,2,10
2010,6,Gràcia,28,Vallcarca i els Penitents,115,6006,..,2,12
2010,6,Gràcia,28,Vallcarca i els Penitents,115,6007,..,1,0
2010,6,Gràcia,28,Vallcarca i els Penitents,115,6007,..,1,1
2010,6,Gràcia,28,Vallcarca i els Penitents,115,6007,..,1,3
2010,6,Gràcia,28,Vallcarca i els Penitents,115,6007,5,1,4
2010,6,Gràcia,28,Vallcarca i els Penitents,115,6007,12,1,5
2010,6,Gràcia,28,Vallcarca i els Penitents,115,6007,9,1,6
2010,6,Gràcia,28,Vallcarca i els Penitents,115,6007,..,1,7
2010,6,Gràcia,28,Vallcarca i els Penitents,115,6007,5,1,8
2010,6,Gràcia,28,Vallcarca i els Penitents,115,6007,..,1,9
2010,6,Gràcia,28,Vallcarca i els Penitents,115,6007,..,1,10
2010,6,Gràcia,28,Vallcarca i els Penitents,115,6007,5,2,0
2010,6,Gràcia,28,Vallcarca i els Penitents,115,6007,..,2,1
2010,6,Gràcia,28,Vallcarca i els Penitents,115,6007,..,2,2
2010,6,Gràcia,28,Vallcarca i els Penitents,115,6007,..,2,3
2010,6,Gràcia,28,Vallcarca i els Penitents,115,6007,9,2,5
2010,6,Gràcia,28,Vallcarca i els Penitents,115,6007,13,2,6
2010,6,Gràcia,28,Vallcarca i els Penitents,115,6007,..,2,7
2010,6,Gràcia,28,Vallcarca i els Penitents,115,6007,..,2,8
2010,6,Gràcia,28,Vallcarca i els Penitents,115,6007,..,2,9
2010,6,Gràcia,28,Vallcarca i els Penitents,115,6007,..,2,10
2010,6,Gràcia,28,Vallcarca i els Penitents,115,6007,..,2,11
2010,6,Gràcia,28,Vallcarca i els Penitents,115,6007,..,2,12
2010,6,Gràcia,28,Vallcarca i els Penitents,115,6007,..,2,13
2010,6,Gràcia,28,Vallcarca i els Penitents,115,6007,..,2,15
2010,6,Gràcia,28,Vallcarca i els Penitents,115,6008,..,1,0
2010,6,Gràcia,28,Vallcarca i els Penitents,115,6008,..,1,2
2010,6,Gràcia,28,Vallcarca i els Penitents,115,6008,..,1,3
2010,6,Gràcia,28,Vallcarca i els Penitents,115,6008,7,1,4
2010,6,Gràcia,28,Vallcarca i els Penitents,115,6008,12,1,5
2010,6,Gràcia,28,Vallcarca i els Penitents,115,6008,12,1,6
2010,6,Gràcia,28,Vallcarca i els Penitents,115,6008,..,1,7
2010,6,Gràcia,28,Vallcarca i els Penitents,115,6008,..,1,8
2010,6,Gràcia,28,Vallcarca i els Penitents,115,6008,..,1,9
2010,6,Gràcia,28,Vallcarca i els Penitents,115,6008,..,1,10
2010,6,Gràcia,28,Vallcarca i els Penitents,115,6008,..,1,11
2010,6,Gràcia,28,Vallcarca i els Penitents,115,6008,..,1,12
2010,6,Gràcia,28,Vallcarca i els Penitents,115,6008,..,1,16
2010,6,Gràcia,28,Vallcarca i els Penitents,115,6008,..,2,0
2010,6,Gràcia,28,Vallcarca i els Penitents,115,6008,..,2,1
2010,6,Gràcia,28,Vallcarca i els Penitents,115,6008,..,2,3
2010,6,Gràcia,28,Vallcarca i els Penitents,115,6008,..,2,4
2010,6,Gràcia,28,Vallcarca i els Penitents,115,6008,15,2,5
2010,6,Gràcia,28,Vallcarca i els Penitents,115,6008,7,2,6
2010,6,Gràcia,28,Vallcarca i els Penitents,115,6008,5,2,7
2010,6,Gràcia,28,Vallcarca i els Penitents,115,6008,..,2,9
2010,6,Gràcia,28,Vallcarca i els Penitents,115,6008,..,2,10
2010,6,Gràcia,28,Vallcarca i els Penitents,115,6008,..,2,11
2010,6,Gràcia,28,Vallcarca i els Penitents,115,6008,..,2,13
2010,6,Gràcia,28,Vallcarca i els Penitents,115,6008,..,2,14
2010,6,Gràcia,28,Vallcarca i els Penitents,115,6008,..,2,16
2010,6,Gràcia,28,Vallcarca i els Penitents,116,6009,..,1,3
2010,6,Gràcia,28,Vallcarca i els Penitents,116,6009,..,1,4
2010,6,Gràcia,28,Vallcarca i els Penitents,116,6009,..,1,6
2010,6,Gràcia,28,Vallcarca i els Penitents,116,6009,..,1,7
2010,6,Gràcia,28,Vallcarca i els Penitents,116,6009,..,1,8
2010,6,Gràcia,28,Vallcarca i els Penitents,116,6009,..,1,16
2010,6,Gràcia,28,Vallcarca i els Penitents,116,6009,..,2,0
2010,6,Gràcia,28,Vallcarca i els Penitents,116,6009,..,2,3
2010,6,Gràcia,28,Vallcarca i els Penitents,116,6009,..,2,6
2010,6,Gràcia,28,Vallcarca i els Penitents,116,6009,..,2,8
2010,6,Gràcia,28,Vallcarca i els Penitents,116,6009,..,2,9
2010,6,Gràcia,28,Vallcarca i els Penitents,116,6009,..,2,10
2010,6,Gràcia,28,Vallcarca i els Penitents,116,6009,..,2,12
2010,6,Gràcia,28,Vallcarca i els Penitents,116,6009,..,2,13
2010,6,Gràcia,28,Vallcarca i els Penitents,116,6009,..,2,15
2010,6,Gràcia,28,Vallcarca i els Penitents,116,6010,..,1,3
2010,6,Gràcia,28,Vallcarca i els Penitents,116,6010,..,1,4
2010,6,Gràcia,28,Vallcarca i els Penitents,116,6010,..,1,5
2010,6,Gràcia,28,Vallcarca i els Penitents,116,6010,..,1,6
2010,6,Gràcia,28,Vallcarca i els Penitents,116,6010,..,1,7
2010,6,Gràcia,28,Vallcarca i els Penitents,116,6010,..,1,9
2010,6,Gràcia,28,Vallcarca i els Penitents,116,6010,..,1,10
2010,6,Gràcia,28,Vallcarca i els Penitents,116,6010,..,1,12
2010,6,Gràcia,28,Vallcarca i els Penitents,116,6010,..,1,16
2010,6,Gràcia,28,Vallcarca i els Penitents,116,6010,..,2,5
2010,6,Gràcia,28,Vallcarca i els Penitents,116,6010,..,2,6
2010,6,Gràcia,28,Vallcarca i els Penitents,116,6010,..,2,7
2010,6,Gràcia,28,Vallcarca i els Penitents,116,6010,..,2,8
2010,6,Gràcia,28,Vallcarca i els Penitents,116,6010,..,2,9
2010,6,Gràcia,28,Vallcarca i els Penitents,116,6010,..,2,10
2010,6,Gràcia,28,Vallcarca i els Penitents,116,6010,..,2,12
2010,6,Gràcia,28,Vallcarca i els Penitents,116,6010,..,2,13
2010,6,Gràcia,28,Vallcarca i els Penitents,117,6011,..,1,4
2010,6,Gràcia,28,Vallcarca i els Penitents,117,6011,7,1,5
2010,6,Gràcia,28,Vallcarca i els Penitents,117,6011,..,1,6
2010,6,Gràcia,28,Vallcarca i els Penitents,117,6011,..,1,7
2010,6,Gràcia,28,Vallcarca i els Penitents,117,6011,..,1,8
2010,6,Gràcia,28,Vallcarca i els Penitents,117,6011,..,1,9
2010,6,Gràcia,28,Vallcarca i els Penitents,117,6011,..,1,12
2010,6,Gràcia,28,Vallcarca i els Penitents,117,6011,..,2,0
2010,6,Gràcia,28,Vallcarca i els Penitents,117,6011,..,2,1
2010,6,Gràcia,28,Vallcarca i els Penitents,117,6011,..,2,5
2010,6,Gràcia,28,Vallcarca i els Penitents,117,6011,..,2,6
2010,6,Gràcia,28,Vallcarca i els Penitents,117,6011,..,2,7
2010,6,Gràcia,28,Vallcarca i els Penitents,117,6011,..,2,8
2010,6,Gràcia,28,Vallcarca i els Penitents,117,6011,..,2,12
2010,6,Gràcia,28,Vallcarca i els Penitents,117,6012,..,1,0
2010,6,Gràcia,28,Vallcarca i els Penitents,117,6012,..,1,3
2010,6,Gràcia,28,Vallcarca i els Penitents,117,6012,..,1,4
2010,6,Gràcia,28,Vallcarca i els Penitents,117,6012,7,1,5
2010,6,Gràcia,28,Vallcarca i els Penitents,117,6012,8,1,6
2010,6,Gràcia,28,Vallcarca i els Penitents,117,6012,..,1,7
2010,6,Gràcia,28,Vallcarca i els Penitents,117,6012,..,1,8
2010,6,Gràcia,28,Vallcarca i els Penitents,117,6012,..,1,9
2010,6,Gràcia,28,Vallcarca i els Penitents,117,6012,..,1,10
2010,6,Gràcia,28,Vallcarca i els Penitents,117,6012,..,1,11
2010,6,Gràcia,28,Vallcarca i els Penitents,117,6012,..,1,13
2010,6,Gràcia,28,Vallcarca i els Penitents,117,6012,..,1,14
2010,6,Gràcia,28,Vallcarca i els Penitents,117,6012,..,1,17
2010,6,Gràcia,28,Vallcarca i els Penitents,117,6012,..,2,4
2010,6,Gràcia,28,Vallcarca i els Penitents,117,6012,5,2,5
2010,6,Gràcia,28,Vallcarca i els Penitents,117,6012,..,2,6
2010,6,Gràcia,28,Vallcarca i els Penitents,117,6012,..,2,8
2010,6,Gràcia,28,Vallcarca i els Penitents,117,6012,..,2,9
2010,6,Gràcia,28,Vallcarca i els Penitents,117,6012,..,2,10
2010,6,Gràcia,28,Vallcarca i els Penitents,117,6012,..,2,13
2010,6,Gràcia,29,el Coll,118,6013,..,1,0
2010,6,Gràcia,29,el Coll,118,6013,..,1,1
2010,6,Gràcia,29,el Coll,118,6013,..,1,4
2010,6,Gràcia,29,el Coll,118,6013,7,1,5
2010,6,Gràcia,29,el Coll,118,6013,9,1,6
2010,6,Gràcia,29,el Coll,118,6013,..,1,7
2010,6,Gràcia,29,el Coll,118,6013,..,1,8
2010,6,Gràcia,29,el Coll,118,6013,..,1,13
2010,6,Gràcia,29,el Coll,118,6013,..,2,0
2010,6,Gràcia,29,el Coll,118,6013,..,2,1
2010,6,Gràcia,29,el Coll,118,6013,..,2,4
2010,6,Gràcia,29,el Coll,118,6013,5,2,5
2010,6,Gràcia,29,el Coll,118,6013,..,2,6
2010,6,Gràcia,29,el Coll,118,6013,..,2,7
2010,6,Gràcia,29,el Coll,118,6013,..,2,8
2010,6,Gràcia,29,el Coll,118,6013,..,2,10
2010,6,Gràcia,29,el Coll,118,6014,..,1,1
2010,6,Gràcia,29,el Coll,118,6014,..,1,2
2010,6,Gràcia,29,el Coll,118,6014,..,1,4
2010,6,Gràcia,29,el Coll,118,6014,6,1,5
2010,6,Gràcia,29,el Coll,118,6014,..,1,6
2010,6,Gràcia,29,el Coll,118,6014,..,1,7
2010,6,Gràcia,29,el Coll,118,6014,..,1,8
2010,6,Gràcia,29,el Coll,118,6014,..,1,9
2010,6,Gràcia,29,el Coll,118,6014,..,1,10
2010,6,Gràcia,29,el Coll,118,6014,..,1,11
2010,6,Gràcia,29,el Coll,118,6014,..,1,14
2010,6,Gràcia,29,el Coll,118,6014,..,2,0
2010,6,Gràcia,29,el Coll,118,6014,..,2,2
2010,6,Gràcia,29,el Coll,118,6014,..,2,4
2010,6,Gràcia,29,el Coll,118,6014,5,2,5
2010,6,Gràcia,29,el Coll,118,6014,6,2,6
2010,6,Gràcia,29,el Coll,118,6014,..,2,7
2010,6,Gràcia,29,el Coll,118,6014,..,2,8
2010,6,Gràcia,29,el Coll,118,6014,..,2,9
2010,6,Gràcia,29,el Coll,118,6014,..,2,10
2010,6,Gràcia,29,el Coll,118,6014,..,2,11
2010,6,Gràcia,29,el Coll,118,6014,..,2,12
2010,6,Gràcia,29,el Coll,118,6014,..,2,13
2010,6,Gràcia,29,el Coll,118,6015,..,1,1
2010,6,Gràcia,29,el Coll,118,6015,..,1,2
2010,6,Gràcia,29,el Coll,118,6015,..,1,3
2010,6,Gràcia,29,el Coll,118,6015,..,1,4
2010,6,Gràcia,29,el Coll,118,6015,8,1,5
2010,6,Gràcia,29,el Coll,118,6015,5,1,6
2010,6,Gràcia,29,el Coll,118,6015,..,1,7
2010,6,Gràcia,29,el Coll,118,6015,..,1,8
2010,6,Gràcia,29,el Coll,118,6015,..,1,9
2010,6,Gràcia,29,el Coll,118,6015,..,1,10
2010,6,Gràcia,29,el Coll,118,6015,..,1,11
2010,6,Gràcia,29,el Coll,118,6015,..,1,12
2010,6,Gràcia,29,el Coll,118,6015,..,1,15
2010,6,Gràcia,29,el Coll,118,6015,..,2,0
2010,6,Gràcia,29,el Coll,118,6015,..,2,3
2010,6,Gràcia,29,el Coll,118,6015,..,2,4
2010,6,Gràcia,29,el Coll,118,6015,5,2,5
2010,6,Gràcia,29,el Coll,118,6015,..,2,6
2010,6,Gràcia,29,el Coll,118,6015,..,2,7
2010,6,Gràcia,29,el Coll,118,6015,..,2,8
2010,6,Gràcia,29,el Coll,118,6015,..,2,9
2010,6,Gràcia,29,el Coll,118,6015,..,2,10
2010,6,Gràcia,29,el Coll,118,6015,..,2,12
2010,6,Gràcia,29,el Coll,118,6015,..,2,16
2010,6,Gràcia,29,el Coll,118,6016,..,1,3
2010,6,Gràcia,29,el Coll,118,6016,10,1,4
2010,6,Gràcia,29,el Coll,118,6016,7,1,5
2010,6,Gràcia,29,el Coll,118,6016,9,1,6
2010,6,Gràcia,29,el Coll,118,6016,5,1,7
2010,6,Gràcia,29,el Coll,118,6016,..,1,8
2010,6,Gràcia,29,el Coll,118,6016,..,1,11
2010,6,Gràcia,29,el Coll,118,6016,..,1,12
2010,6,Gràcia,29,el Coll,118,6016,..,1,15
2010,6,Gràcia,29,el Coll,118,6016,..,1,16
2010,6,Gràcia,29,el Coll,118,6016,..,2,0
2010,6,Gràcia,29,el Coll,118,6016,..,2,1
2010,6,Gràcia,29,el Coll,118,6016,..,2,3
2010,6,Gràcia,29,el Coll,118,6016,..,2,4
2010,6,Gràcia,29,el Coll,118,6016,7,2,5
2010,6,Gràcia,29,el Coll,118,6016,10,2,6
2010,6,Gràcia,29,el Coll,118,6016,10,2,7
2010,6,Gràcia,29,el Coll,118,6016,..,2,8
2010,6,Gràcia,29,el Coll,118,6016,..,2,9
2010,6,Gràcia,29,el Coll,118,6016,..,2,10
2010,6,Gràcia,29,el Coll,118,6016,..,2,11
2010,6,Gràcia,29,el Coll,118,6016,..,2,12
2010,6,Gràcia,29,el Coll,118,6016,..,2,13
2010,6,Gràcia,29,el Coll,118,6017,..,1,0
2010,6,Gràcia,29,el Coll,118,6017,..,1,2
2010,6,Gràcia,29,el Coll,118,6017,..,1,3
2010,6,Gràcia,29,el Coll,118,6017,..,1,4
2010,6,Gràcia,29,el Coll,118,6017,..,1,5
2010,6,Gràcia,29,el Coll,118,6017,..,1,6
2010,6,Gràcia,29,el Coll,118,6017,..,1,7
2010,6,Gràcia,29,el Coll,118,6017,..,1,8
2010,6,Gràcia,29,el Coll,118,6017,..,1,9
2010,6,Gràcia,29,el Coll,118,6017,..,1,11
2010,6,Gràcia,29,el Coll,118,6017,..,1,13
2010,6,Gràcia,29,el Coll,118,6017,..,2,0
2010,6,Gràcia,29,el Coll,118,6017,..,2,1
2010,6,Gràcia,29,el Coll,118,6017,..,2,2
2010,6,Gràcia,29,el Coll,118,6017,..,2,4
2010,6,Gràcia,29,el Coll,118,6017,..,2,5
2010,6,Gràcia,29,el Coll,118,6017,12,2,6
2010,6,Gràcia,29,el Coll,118,6017,..,2,7
2010,6,Gràcia,29,el Coll,118,6017,..,2,9
2010,6,Gràcia,29,el Coll,118,6017,..,2,10
2010,6,Gràcia,29,el Coll,118,6017,..,2,11
2010,6,Gràcia,29,el Coll,118,6017,..,2,15
2010,6,Gràcia,29,el Coll,118,6017,..,2,17
2010,6,Gràcia,30,la Salut,119,6018,..,1,0
2010,6,Gràcia,30,la Salut,119,6018,5,1,4
2010,6,Gràcia,30,la Salut,119,6018,9,1,5
2010,6,Gràcia,30,la Salut,119,6018,5,1,6
2010,6,Gràcia,30,la Salut,119,6018,..,1,7
2010,6,Gràcia,30,la Salut,119,6018,..,1,8
2010,6,Gràcia,30,la Salut,119,6018,..,1,10
2010,6,Gràcia,30,la Salut,119,6018,..,1,11
2010,6,Gràcia,30,la Salut,119,6018,..,1,16
2010,6,Gràcia,30,la Salut,119,6018,..,2,1
2010,6,Gràcia,30,la Salut,119,6018,..,2,3
2010,6,Gràcia,30,la Salut,119,6018,5,2,4
2010,6,Gràcia,30,la Salut,119,6018,..,2,5
2010,6,Gràcia,30,la Salut,119,6018,10,2,6
2010,6,Gràcia,30,la Salut,119,6018,..,2,7
2010,6,Gràcia,30,la Salut,119,6018,..,2,8
2010,6,Gràcia,30,la Salut,119,6018,..,2,10
2010,6,Gràcia,30,la Salut,119,6019,..,1,0
2010,6,Gràcia,30,la Salut,119,6019,..,1,2
2010,6,Gràcia,30,la Salut,119,6019,8,1,4
2010,6,Gràcia,30,la Salut,119,6019,10,1,5
2010,6,Gràcia,30,la Salut,119,6019,5,1,6
2010,6,Gràcia,30,la Salut,119,6019,..,1,7
2010,6,Gràcia,30,la Salut,119,6019,..,1,8
2010,6,Gràcia,30,la Salut,119,6019,..,1,9
2010,6,Gràcia,30,la Salut,119,6019,..,1,10
2010,6,Gràcia,30,la Salut,119,6019,..,1,11
2010,6,Gràcia,30,la Salut,119,6019,5,1,12
2010,6,Gràcia,30,la Salut,119,6019,..,1,14
2010,6,Gràcia,30,la Salut,119,6019,..,1,18
2010,6,Gràcia,30,la Salut,119,6019,..,2,0
2010,6,Gràcia,30,la Salut,119,6019,..,2,2
2010,6,Gràcia,30,la Salut,119,6019,..,2,3
2010,6,Gràcia,30,la Salut,119,6019,..,2,4
2010,6,Gràcia,30,la Salut,119,6019,12,2,5
2010,6,Gràcia,30,la Salut,119,6019,5,2,6
2010,6,Gràcia,30,la Salut,119,6019,..,2,7
2010,6,Gràcia,30,la Salut,119,6019,..,2,9
2010,6,Gràcia,30,la Salut,119,6019,..,2,10
2010,6,Gràcia,30,la Salut,119,6019,..,2,11
2010,6,Gràcia,30,la Salut,119,6019,..,2,13
2010,6,Gràcia,30,la Salut,119,6019,..,2,14
2010,6,Gràcia,30,la Salut,119,6020,..,1,3
2010,6,Gràcia,30,la Salut,119,6020,..,1,4
2010,6,Gràcia,30,la Salut,119,6020,6,1,5
2010,6,Gràcia,30,la Salut,119,6020,7,1,6
2010,6,Gràcia,30,la Salut,119,6020,..,1,7
2010,6,Gràcia,30,la Salut,119,6020,6,1,8
2010,6,Gràcia,30,la Salut,119,6020,..,1,9
2010,6,Gràcia,30,la Salut,119,6020,..,1,10
2010,6,Gràcia,30,la Salut,119,6020,..,1,11
2010,6,Gràcia,30,la Salut,119,6020,..,1,15
2010,6,Gràcia,30,la Salut,119,6020,..,1,16
2010,6,Gràcia,30,la Salut,119,6020,..,2,1
2010,6,Gràcia,30,la Salut,119,6020,..,2,2
2010,6,Gràcia,30,la Salut,119,6020,..,2,3
2010,6,Gràcia,30,la Salut,119,6020,6,2,4
2010,6,Gràcia,30,la Salut,119,6020,12,2,5
2010,6,Gràcia,30,la Salut,119,6020,8,2,6
2010,6,Gràcia,30,la Salut,119,6020,7,2,7
2010,6,Gràcia,30,la Salut,119,6020,..,2,8
2010,6,Gràcia,30,la Salut,119,6020,..,2,9
2010,6,Gràcia,30,la Salut,119,6020,..,2,11
2010,6,Gràcia,30,la Salut,119,6021,..,1,1
2010,6,Gràcia,30,la Salut,119,6021,..,1,2
2010,6,Gràcia,30,la Salut,119,6021,..,1,4
2010,6,Gràcia,30,la Salut,119,6021,7,1,5
2010,6,Gràcia,30,la Salut,119,6021,..,1,6
2010,6,Gràcia,30,la Salut,119,6021,5,1,7
2010,6,Gràcia,30,la Salut,119,6021,..,1,8
2010,6,Gràcia,30,la Salut,119,6021,..,1,9
2010,6,Gràcia,30,la Salut,119,6021,..,1,10
2010,6,Gràcia,30,la Salut,119,6021,..,1,12
2010,6,Gràcia,30,la Salut,119,6021,..,1,14
2010,6,Gràcia,30,la Salut,119,6021,..,1,15
2010,6,Gràcia,30,la Salut,119,6021,..,2,0
2010,6,Gràcia,30,la Salut,119,6021,..,2,3
2010,6,Gràcia,30,la Salut,119,6021,5,2,4
2010,6,Gràcia,30,la Salut,119,6021,8,2,5
2010,6,Gràcia,30,la Salut,119,6021,..,2,6
2010,6,Gràcia,30,la Salut,119,6021,..,2,7
2010,6,Gràcia,30,la Salut,119,6021,..,2,8
2010,6,Gràcia,30,la Salut,119,6021,..,2,10
2010,6,Gràcia,30,la Salut,119,6021,..,2,14
2010,6,Gràcia,30,la Salut,120,6022,..,1,0
2010,6,Gràcia,30,la Salut,120,6022,..,1,4
2010,6,Gràcia,30,la Salut,120,6022,6,1,5
2010,6,Gràcia,30,la Salut,120,6022,..,1,6
2010,6,Gràcia,30,la Salut,120,6022,..,1,7
2010,6,Gràcia,30,la Salut,120,6022,..,1,9
2010,6,Gràcia,30,la Salut,120,6022,..,1,10
2010,6,Gràcia,30,la Salut,120,6022,..,1,15
2010,6,Gràcia,30,la Salut,120,6022,..,1,16
2010,6,Gràcia,30,la Salut,120,6022,..,1,17
2010,6,Gràcia,30,la Salut,120,6022,..,2,0
2010,6,Gràcia,30,la Salut,120,6022,..,2,2
2010,6,Gràcia,30,la Salut,120,6022,7,2,3
2010,6,Gràcia,30,la Salut,120,6022,..,2,4
2010,6,Gràcia,30,la Salut,120,6022,6,2,5
2010,6,Gràcia,30,la Salut,120,6022,..,2,6
2010,6,Gràcia,30,la Salut,120,6022,..,2,7
2010,6,Gràcia,30,la Salut,120,6022,..,2,8
2010,6,Gràcia,30,la Salut,120,6022,..,2,12
2010,6,Gràcia,30,la Salut,120,6022,..,2,13
2010,6,Gràcia,30,la Salut,120,6023,..,1,1
2010,6,Gràcia,30,la Salut,120,6023,..,1,4
2010,6,Gràcia,30,la Salut,120,6023,..,1,5
2010,6,Gràcia,30,la Salut,120,6023,..,1,6
2010,6,Gràcia,30,la Salut,120,6023,..,1,7
2010,6,Gràcia,30,la Salut,120,6023,..,1,8
2010,6,Gràcia,30,la Salut,120,6023,..,1,9
2010,6,Gràcia,30,la Salut,120,6023,..,1,10
2010,6,Gràcia,30,la Salut,120,6023,..,1,11
2010,6,Gràcia,30,la Salut,120,6023,..,1,13
2010,6,Gràcia,30,la Salut,120,6023,..,1,16
2010,6,Gràcia,30,la Salut,120,6023,..,2,0
2010,6,Gràcia,30,la Salut,120,6023,..,2,4
2010,6,Gràcia,30,la Salut,120,6023,5,2,5
2010,6,Gràcia,30,la Salut,120,6023,..,2,6
2010,6,Gràcia,30,la Salut,120,6023,..,2,7
2010,6,Gràcia,30,la Salut,120,6023,..,2,9
2010,6,Gràcia,30,la Salut,120,6023,..,2,11
2010,6,Gràcia,30,la Salut,120,6023,..,2,12
2010,6,Gràcia,30,la Salut,120,6023,..,2,13
2010,6,Gràcia,30,la Salut,120,6024,..,1,0
2010,6,Gràcia,30,la Salut,120,6024,..,1,2
2010,6,Gràcia,30,la Salut,120,6024,6,1,4
2010,6,Gràcia,30,la Salut,120,6024,15,1,5
2010,6,Gràcia,30,la Salut,120,6024,8,1,6
2010,6,Gràcia,30,la Salut,120,6024,..,1,7
2010,6,Gràcia,30,la Salut,120,6024,..,1,8
2010,6,Gràcia,30,la Salut,120,6024,..,1,10
2010,6,Gràcia,30,la Salut,120,6024,..,1,11
2010,6,Gràcia,30,la Salut,120,6024,..,1,14
2010,6,Gràcia,30,la Salut,120,6024,..,2,0
2010,6,Gràcia,30,la Salut,120,6024,..,2,1
2010,6,Gràcia,30,la Salut,120,6024,..,2,2
2010,6,Gràcia,30,la Salut,120,6024,..,2,3
2010,6,Gràcia,30,la Salut,120,6024,..,2,4
2010,6,Gràcia,30,la Salut,120,6024,11,2,5
2010,6,Gràcia,30,la Salut,120,6024,..,2,6
2010,6,Gràcia,30,la Salut,120,6024,5,2,7
2010,6,Gràcia,30,la Salut,120,6024,5,2,8
2010,6,Gràcia,30,la Salut,120,6024,..,2,9
2010,6,Gràcia,30,la Salut,120,6024,..,2,10
2010,6,Gràcia,30,la Salut,120,6024,..,2,11
2010,6,Gràcia,30,la Salut,120,6024,..,2,12
2010,6,Gràcia,30,la Salut,120,6024,..,2,16
2010,6,Gràcia,30,la Salut,120,6025,..,1,0
2010,6,Gràcia,30,la Salut,120,6025,..,1,3
2010,6,Gràcia,30,la Salut,120,6025,9,1,4
2010,6,Gràcia,30,la Salut,120,6025,6,1,5
2010,6,Gràcia,30,la Salut,120,6025,..,1,6
2010,6,Gràcia,30,la Salut,120,6025,..,1,7
2010,6,Gràcia,30,la Salut,120,6025,..,1,8
2010,6,Gràcia,30,la Salut,120,6025,..,1,9
2010,6,Gràcia,30,la Salut,120,6025,..,1,10
2010,6,Gràcia,30,la Salut,120,6025,..,1,12
2010,6,Gràcia,30,la Salut,120,6025,..,2,0
2010,6,Gràcia,30,la Salut,120,6025,..,2,3
2010,6,Gràcia,30,la Salut,120,6025,..,2,4
2010,6,Gràcia,30,la Salut,120,6025,10,2,5
2010,6,Gràcia,30,la Salut,120,6025,6,2,6
2010,6,Gràcia,30,la Salut,120,6025,..,2,7
2010,6,Gràcia,30,la Salut,120,6025,..,2,8
2010,6,Gràcia,30,la Salut,120,6025,..,2,10
2010,6,Gràcia,30,la Salut,120,6025,..,2,11
2010,6,Gràcia,30,la Salut,120,6026,..,1,0
2010,6,Gràcia,30,la Salut,120,6026,..,1,4
2010,6,Gràcia,30,la Salut,120,6026,7,1,5
2010,6,Gràcia,30,la Salut,120,6026,..,1,6
2010,6,Gràcia,30,la Salut,120,6026,..,1,7
2010,6,Gràcia,30,la Salut,120,6026,..,1,8
2010,6,Gràcia,30,la Salut,120,6026,..,1,10
2010,6,Gràcia,30,la Salut,120,6026,..,1,12
2010,6,Gràcia,30,la Salut,120,6026,..,1,13
2010,6,Gràcia,30,la Salut,120,6026,..,1,15
2010,6,Gràcia,30,la Salut,120,6026,..,1,17
2010,6,Gràcia,30,la Salut,120,6026,..,2,0
2010,6,Gràcia,30,la Salut,120,6026,..,2,4
2010,6,Gràcia,30,la Salut,120,6026,5,2,5
2010,6,Gràcia,30,la Salut,120,6026,..,2,7
2010,6,Gràcia,30,la Salut,120,6026,..,2,9
2010,6,Gràcia,30,la Salut,120,6026,..,2,11
2010,6,Gràcia,30,la Salut,120,6026,..,2,12
2010,6,Gràcia,30,la Salut,120,6026,..,2,15
2010,6,Gràcia,30,la Salut,120,6027,..,1,0
2010,6,Gràcia,30,la Salut,120,6027,..,1,1
2010,6,Gràcia,30,la Salut,120,6027,..,1,2
2010,6,Gràcia,30,la Salut,120,6027,..,1,3
2010,6,Gràcia,30,la Salut,120,6027,..,1,4
2010,6,Gràcia,30,la Salut,120,6027,6,1,5
2010,6,Gràcia,30,la Salut,120,6027,..,1,6
2010,6,Gràcia,30,la Salut,120,6027,..,1,7
2010,6,Gràcia,30,la Salut,120,6027,..,1,8
2010,6,Gràcia,30,la Salut,120,6027,..,1,11
2010,6,Gràcia,30,la Salut,120,6027,..,1,15
2010,6,Gràcia,30,la Salut,120,6027,..,2,2
2010,6,Gràcia,30,la Salut,120,6027,..,2,4
2010,6,Gràcia,30,la Salut,120,6027,6,2,5
2010,6,Gràcia,30,la Salut,120,6027,5,2,6
2010,6,Gràcia,30,la Salut,120,6027,..,2,7
2010,6,Gràcia,30,la Salut,120,6027,..,2,8
2010,6,Gràcia,30,la Salut,120,6027,..,2,9
2010,6,Gràcia,30,la Salut,120,6027,..,2,10
2010,6,Gràcia,31,la Vila de Gràcia,121,6028,..,1,2
2010,6,Gràcia,31,la Vila de Gràcia,121,6028,7,1,4
2010,6,Gràcia,31,la Vila de Gràcia,121,6028,6,1,5
2010,6,Gràcia,31,la Vila de Gràcia,121,6028,9,1,6
2010,6,Gràcia,31,la Vila de Gràcia,121,6028,..,1,7
2010,6,Gràcia,31,la Vila de Gràcia,121,6028,..,1,8
2010,6,Gràcia,31,la Vila de Gràcia,121,6028,..,1,9
2010,6,Gràcia,31,la Vila de Gràcia,121,6028,..,1,10
2010,6,Gràcia,31,la Vila de Gràcia,121,6028,..,1,16
2010,6,Gràcia,31,la Vila de Gràcia,121,6028,..,2,0
2010,6,Gràcia,31,la Vila de Gràcia,121,6028,..,2,1
2010,6,Gràcia,31,la Vila de Gràcia,121,6028,..,2,2
2010,6,Gràcia,31,la Vila de Gràcia,121,6028,..,2,4
2010,6,Gràcia,31,la Vila de Gràcia,121,6028,12,2,5
2010,6,Gràcia,31,la Vila de Gràcia,121,6028,8,2,6
2010,6,Gràcia,31,la Vila de Gràcia,121,6028,..,2,7
2010,6,Gràcia,31,la Vila de Gràcia,121,6028,..,2,8
2010,6,Gràcia,31,la Vila de Gràcia,121,6028,..,2,10
2010,6,Gràcia,31,la Vila de Gràcia,121,6028,..,2,11
2010,6,Gràcia,31,la Vila de Gràcia,121,6029,..,1,0
2010,6,Gràcia,31,la Vila de Gràcia,121,6029,..,1,2
2010,6,Gràcia,31,la Vila de Gràcia,121,6029,..,1,3
2010,6,Gràcia,31,la Vila de Gràcia,121,6029,5,1,4
2010,6,Gràcia,31,la Vila de Gràcia,121,6029,11,1,5
2010,6,Gràcia,31,la Vila de Gràcia,121,6029,..,1,6
2010,6,Gràcia,31,la Vila de Gràcia,121,6029,5,1,7
2010,6,Gràcia,31,la Vila de Gràcia,121,6029,..,1,8
2010,6,Gràcia,31,la Vila de Gràcia,121,6029,..,1,9
2010,6,Gràcia,31,la Vila de Gràcia,121,6029,..,1,10
2010,6,Gràcia,31,la Vila de Gràcia,121,6029,..,1,13
2010,6,Gràcia,31,la Vila de Gràcia,121,6029,..,1,14
2010,6,Gràcia,31,la Vila de Gràcia,121,6029,..,1,15
2010,6,Gràcia,31,la Vila de Gràcia,121,6029,..,1,16
2010,6,Gràcia,31,la Vila de Gràcia,121,6029,..,2,0
2010,6,Gràcia,31,la Vila de Gràcia,121,6029,..,2,1
2010,6,Gràcia,31,la Vila de Gràcia,121,6029,..,2,2
2010,6,Gràcia,31,la Vila de Gràcia,121,6029,..,2,3
2010,6,Gràcia,31,la Vila de Gràcia,121,6029,..,2,4
2010,6,Gràcia,31,la Vila de Gràcia,121,6029,9,2,5
2010,6,Gràcia,31,la Vila de Gràcia,121,6029,..,2,6
2010,6,Gràcia,31,la Vila de Gràcia,121,6029,..,2,7
2010,6,Gràcia,31,la Vila de Gràcia,121,6029,..,2,8
2010,6,Gràcia,31,la Vila de Gràcia,121,6029,..,2,9
2010,6,Gràcia,31,la Vila de Gràcia,121,6029,..,2,12
2010,6,Gràcia,31,la Vila de Gràcia,121,6030,..,1,0
2010,6,Gràcia,31,la Vila de Gràcia,121,6030,5,1,4
2010,6,Gràcia,31,la Vila de Gràcia,121,6030,16,1,5
2010,6,Gràcia,31,la Vila de Gràcia,121,6030,6,1,6
2010,6,Gràcia,31,la Vila de Gràcia,121,6030,..,1,7
2010,6,Gràcia,31,la Vila de Gràcia,121,6030,..,1,8
2010,6,Gràcia,31,la Vila de Gràcia,121,6030,..,1,9
2010,6,Gràcia,31,la Vila de Gràcia,121,6030,..,1,12
2010,6,Gràcia,31,la Vila de Gràcia,121,6030,..,1,13
2010,6,Gràcia,31,la Vila de Gràcia,121,6030,..,1,14
2010,6,Gràcia,31,la Vila de Gràcia,121,6030,..,1,16
2010,6,Gràcia,31,la Vila de Gràcia,121,6030,..,2,3
2010,6,Gràcia,31,la Vila de Gràcia,121,6030,..,2,4
2010,6,Gràcia,31,la Vila de Gràcia,121,6030,11,2,5
2010,6,Gràcia,31,la Vila de Gràcia,121,6030,8,2,6
2010,6,Gràcia,31,la Vila de Gràcia,121,6030,..,2,7
2010,6,Gràcia,31,la Vila de Gràcia,121,6030,..,2,8
2010,6,Gràcia,31,la Vila de Gràcia,121,6030,..,2,9
2010,6,Gràcia,31,la Vila de Gràcia,121,6030,..,2,10
2010,6,Gràcia,31,la Vila de Gràcia,121,6030,..,2,11
2010,6,Gràcia,31,la Vila de Gràcia,121,6030,..,2,18
2010,6,Gràcia,31,la Vila de Gràcia,121,6031,..,1,0
2010,6,Gràcia,31,la Vila de Gràcia,121,6031,8,1,5
2010,6,Gràcia,31,la Vila de Gràcia,121,6031,9,1,6
2010,6,Gràcia,31,la Vila de Gràcia,121,6031,7,1,7
2010,6,Gràcia,31,la Vila de Gràcia,121,6031,5,1,8
2010,6,Gràcia,31,la Vila de Gràcia,121,6031,..,1,10
2010,6,Gràcia,31,la Vila de Gràcia,121,6031,..,1,12
2010,6,Gràcia,31,la Vila de Gràcia,121,6031,..,1,13
2010,6,Gràcia,31,la Vila de Gràcia,121,6031,..,1,14
2010,6,Gràcia,31,la Vila de Gràcia,121,6031,..,2,1
2010,6,Gràcia,31,la Vila de Gràcia,121,6031,..,2,2
2010,6,Gràcia,31,la Vila de Gràcia,121,6031,..,2,4
2010,6,Gràcia,31,la Vila de Gràcia,121,6031,6,2,5
2010,6,Gràcia,31,la Vila de Gràcia,121,6031,10,2,6
2010,6,Gràcia,31,la Vila de Gràcia,121,6031,..,2,7
2010,6,Gràcia,31,la Vila de Gràcia,121,6031,..,2,8
2010,6,Gràcia,31,la Vila de Gràcia,121,6031,..,2,9
2010,6,Gràcia,31,la Vila de Gràcia,121,6031,..,2,12
2010,6,Gràcia,31,la Vila de Gràcia,121,6031,..,2,13
2010,6,Gràcia,31,la Vila de Gràcia,121,6032,..,1,0
2010,6,Gràcia,31,la Vila de Gràcia,121,6032,..,1,1
2010,6,Gràcia,31,la Vila de Gràcia,121,6032,..,1,2
2010,6,Gràcia,31,la Vila de Gràcia,121,6032,..,1,3
2010,6,Gràcia,31,la Vila de Gràcia,121,6032,8,1,4
2010,6,Gràcia,31,la Vila de Gràcia,121,6032,9,1,5
2010,6,Gràcia,31,la Vila de Gràcia,121,6032,12,1,6
2010,6,Gràcia,31,la Vila de Gràcia,121,6032,..,1,7
2010,6,Gràcia,31,la Vila de Gràcia,121,6032,..,1,8
2010,6,Gràcia,31,la Vila de Gràcia,121,6032,..,1,9
2010,6,Gràcia,31,la Vila de Gràcia,121,6032,..,1,14
2010,6,Gràcia,31,la Vila de Gràcia,121,6032,..,1,15
2010,6,Gràcia,31,la Vila de Gràcia,121,6032,..,1,17
2010,6,Gràcia,31,la Vila de Gràcia,121,6032,..,2,0
2010,6,Gràcia,31,la Vila de Gràcia,121,6032,..,2,1
2010,6,Gràcia,31,la Vila de Gràcia,121,6032,..,2,2
2010,6,Gràcia,31,la Vila de Gràcia,121,6032,..,2,3
2010,6,Gràcia,31,la Vila de Gràcia,121,6032,9,2,5
2010,6,Gràcia,31,la Vila de Gràcia,121,6032,..,2,6
2010,6,Gràcia,31,la Vila de Gràcia,121,6032,..,2,7
2010,6,Gràcia,31,la Vila de Gràcia,121,6032,..,2,10
2010,6,Gràcia,31,la Vila de Gràcia,121,6032,..,2,12
2010,6,Gràcia,31,la Vila de Gràcia,121,6032,..,2,16
2010,6,Gràcia,31,la Vila de Gràcia,122,6033,..,1,1
2010,6,Gràcia,31,la Vila de Gràcia,122,6033,..,1,3
2010,6,Gràcia,31,la Vila de Gràcia,122,6033,..,1,4
2010,6,Gràcia,31,la Vila de Gràcia,122,6033,10,1,5
2010,6,Gràcia,31,la Vila de Gràcia,122,6033,5,1,6
2010,6,Gràcia,31,la Vila de Gràcia,122,6033,..,1,8
2010,6,Gràcia,31,la Vila de Gràcia,122,6033,..,1,10
2010,6,Gràcia,31,la Vila de Gràcia,122,6033,..,1,11
2010,6,Gràcia,31,la Vila de Gràcia,122,6033,..,1,14
2010,6,Gràcia,31,la Vila de Gràcia,122,6033,..,1,17
2010,6,Gràcia,31,la Vila de Gràcia,122,6033,..,2,2
2010,6,Gràcia,31,la Vila de Gràcia,122,6033,..,2,4
2010,6,Gràcia,31,la Vila de Gràcia,122,6033,12,2,5
2010,6,Gràcia,31,la Vila de Gràcia,122,6033,5,2,6
2010,6,Gràcia,31,la Vila de Gràcia,122,6033,..,2,7
2010,6,Gràcia,31,la Vila de Gràcia,122,6033,..,2,8
2010,6,Gràcia,31,la Vila de Gràcia,122,6033,..,2,10
2010,6,Gràcia,31,la Vila de Gràcia,122,6033,..,2,11
2010,6,Gràcia,31,la Vila de Gràcia,122,6034,..,1,1
2010,6,Gràcia,31,la Vila de Gràcia,122,6034,..,1,3
2010,6,Gràcia,31,la Vila de Gràcia,122,6034,8,1,4
2010,6,Gràcia,31,la Vila de Gràcia,122,6034,20,1,5
2010,6,Gràcia,31,la Vila de Gràcia,122,6034,10,1,6
2010,6,Gràcia,31,la Vila de Gràcia,122,6034,8,1,7
2010,6,Gràcia,31,la Vila de Gràcia,122,6034,..,1,8
2010,6,Gràcia,31,la Vila de Gràcia,122,6034,..,1,9
2010,6,Gràcia,31,la Vila de Gràcia,122,6034,..,1,11
2010,6,Gràcia,31,la Vila de Gràcia,122,6034,..,1,12
2010,6,Gràcia,31,la Vila de Gràcia,122,6034,..,1,13
2010,6,Gràcia,31,la Vila de Gràcia,122,6034,..,1,15
2010,6,Gràcia,31,la Vila de Gràcia,122,6034,..,1,16
2010,6,Gràcia,31,la Vila de Gràcia,122,6034,..,2,0
2010,6,Gràcia,31,la Vila de Gràcia,122,6034,..,2,2
2010,6,Gràcia,31,la Vila de Gràcia,122,6034,..,2,3
2010,6,Gràcia,31,la Vila de Gràcia,122,6034,..,2,4
2010,6,Gràcia,31,la Vila de Gràcia,122,6034,9,2,5
2010,6,Gràcia,31,la Vila de Gràcia,122,6034,5,2,6
2010,6,Gràcia,31,la Vila de Gràcia,122,6034,5,2,7
2010,6,Gràcia,31,la Vila de Gràcia,122,6034,..,2,8
2010,6,Gràcia,31,la Vila de Gràcia,122,6034,..,2,9
2010,6,Gràcia,31,la Vila de Gràcia,122,6034,..,2,11
2010,6,Gràcia,31,la Vila de Gràcia,122,6035,..,1,3
2010,6,Gràcia,31,la Vila de Gràcia,122,6035,6,1,4
2010,6,Gràcia,31,la Vila de Gràcia,122,6035,10,1,5
2010,6,Gràcia,31,la Vila de Gràcia,122,6035,6,1,6
2010,6,Gràcia,31,la Vila de Gràcia,122,6035,..,1,7
2010,6,Gràcia,31,la Vila de Gràcia,122,6035,..,1,8
2010,6,Gràcia,31,la Vila de Gràcia,122,6035,..,1,11
2010,6,Gràcia,31,la Vila de Gràcia,122,6035,..,1,17
2010,6,Gràcia,31,la Vila de Gràcia,122,6035,..,2,4
2010,6,Gràcia,31,la Vila de Gràcia,122,6035,7,2,5
2010,6,Gràcia,31,la Vila de Gràcia,122,6035,5,2,6
2010,6,Gràcia,31,la Vila de Gràcia,122,6035,..,2,7
2010,6,Gràcia,31,la Vila de Gràcia,122,6035,..,2,8
2010,6,Gràcia,31,la Vila de Gràcia,122,6035,..,2,11
2010,6,Gràcia,31,la Vila de Gràcia,122,6035,..,2,12
2010,6,Gràcia,31,la Vila de Gràcia,122,6035,..,2,15
2010,6,Gràcia,31,la Vila de Gràcia,122,6036,..,1,3
2010,6,Gràcia,31,la Vila de Gràcia,122,6036,14,1,4
2010,6,Gràcia,31,la Vila de Gràcia,122,6036,6,1,5
2010,6,Gràcia,31,la Vila de Gràcia,122,6036,..,1,6
2010,6,Gràcia,31,la Vila de Gràcia,122,6036,..,1,7
2010,6,Gràcia,31,la Vila de Gràcia,122,6036,..,1,8
2010,6,Gràcia,31,la Vila de Gràcia,122,6036,..,1,9
2010,6,Gràcia,31,la Vila de Gràcia,122,6036,..,1,10
2010,6,Gràcia,31,la Vila de Gràcia,122,6036,..,1,11
2010,6,Gràcia,31,la Vila de Gràcia,122,6036,..,1,14
2010,6,Gràcia,31,la Vila de Gràcia,122,6036,..,2,0
2010,6,Gràcia,31,la Vila de Gràcia,122,6036,7,2,4
2010,6,Gràcia,31,la Vila de Gràcia,122,6036,6,2,5
2010,6,Gràcia,31,la Vila de Gràcia,122,6036,..,2,6
2010,6,Gràcia,31,la Vila de Gràcia,122,6036,..,2,7
2010,6,Gràcia,31,la Vila de Gràcia,122,6036,..,2,8
2010,6,Gràcia,31,la Vila de Gràcia,122,6036,..,2,10
2010,6,Gràcia,31,la Vila de Gràcia,122,6036,..,2,15
2010,6,Gràcia,31,la Vila de Gràcia,123,6037,..,1,0
2010,6,Gràcia,31,la Vila de Gràcia,123,6037,9,1,4
2010,6,Gràcia,31,la Vila de Gràcia,123,6037,5,1,5
2010,6,Gràcia,31,la Vila de Gràcia,123,6037,..,1,6
2010,6,Gràcia,31,la Vila de Gràcia,123,6037,..,1,7
2010,6,Gràcia,31,la Vila de Gràcia,123,6037,..,1,10
2010,6,Gràcia,31,la Vila de Gràcia,123,6037,..,1,12
2010,6,Gràcia,31,la Vila de Gràcia,123,6037,..,2,0
2010,6,Gràcia,31,la Vila de Gràcia,123,6037,..,2,1
2010,6,Gràcia,31,la Vila de Gràcia,123,6037,..,2,3
2010,6,Gràcia,31,la Vila de Gràcia,123,6037,7,2,4
2010,6,Gràcia,31,la Vila de Gràcia,123,6037,7,2,5
2010,6,Gràcia,31,la Vila de Gràcia,123,6037,..,2,6
2010,6,Gràcia,31,la Vila de Gràcia,123,6037,..,2,7
2010,6,Gràcia,31,la Vila de Gràcia,123,6037,..,2,8
2010,6,Gràcia,31,la Vila de Gràcia,123,6037,..,2,9
2010,6,Gràcia,31,la Vila de Gràcia,123,6037,..,2,10
2010,6,Gràcia,31,la Vila de Gràcia,123,6038,..,1,2
2010,6,Gràcia,31,la Vila de Gràcia,123,6038,9,1,4
2010,6,Gràcia,31,la Vila de Gràcia,123,6038,8,1,5
2010,6,Gràcia,31,la Vila de Gràcia,123,6038,12,1,6
2010,6,Gràcia,31,la Vila de Gràcia,123,6038,..,1,7
2010,6,Gràcia,31,la Vila de Gràcia,123,6038,..,1,8
2010,6,Gràcia,31,la Vila de Gràcia,123,6038,..,1,10
2010,6,Gràcia,31,la Vila de Gràcia,123,6038,..,1,11
2010,6,Gràcia,31,la Vila de Gràcia,123,6038,..,1,13
2010,6,Gràcia,31,la Vila de Gràcia,123,6038,..,1,17
2010,6,Gràcia,31,la Vila de Gràcia,123,6038,..,1,19
2010,6,Gràcia,31,la Vila de Gràcia,123,6038,..,2,1
2010,6,Gràcia,31,la Vila de Gràcia,123,6038,..,2,4
2010,6,Gràcia,31,la Vila de Gràcia,123,6038,9,2,5
2010,6,Gràcia,31,la Vila de Gràcia,123,6038,7,2,6
2010,6,Gràcia,31,la Vila de Gràcia,123,6038,..,2,7
2010,6,Gràcia,31,la Vila de Gràcia,123,6038,..,2,9
2010,6,Gràcia,31,la Vila de Gràcia,123,6038,..,2,11
2010,6,Gràcia,31,la Vila de Gràcia,123,6038,..,2,15
2010,6,Gràcia,31,la Vila de Gràcia,123,6039,..,1,0
2010,6,Gràcia,31,la Vila de Gràcia,123,6039,..,1,1
2010,6,Gràcia,31,la Vila de Gràcia,123,6039,..,1,2
2010,6,Gràcia,31,la Vila de Gràcia,123,6039,..,1,3
2010,6,Gràcia,31,la Vila de Gràcia,123,6039,11,1,4
2010,6,Gràcia,31,la Vila de Gràcia,123,6039,29,1,5
2010,6,Gràcia,31,la Vila de Gràcia,123,6039,18,1,6
2010,6,Gràcia,31,la Vila de Gràcia,123,6039,7,1,7
2010,6,Gràcia,31,la Vila de Gràcia,123,6039,..,1,8
2010,6,Gràcia,31,la Vila de Gràcia,123,6039,..,1,9
2010,6,Gràcia,31,la Vila de Gràcia,123,6039,..,1,10
2010,6,Gràcia,31,la Vila de Gràcia,123,6039,..,1,17
2010,6,Gràcia,31,la Vila de Gràcia,123,6039,..,2,0
2010,6,Gràcia,31,la Vila de Gràcia,123,6039,..,2,1
2010,6,Gràcia,31,la Vila de Gràcia,123,6039,..,2,3
2010,6,Gràcia,31,la Vila de Gràcia,123,6039,8,2,4
2010,6,Gràcia,31,la Vila de Gràcia,123,6039,20,2,5
2010,6,Gràcia,31,la Vila de Gràcia,123,6039,14,2,6
2010,6,Gràcia,31,la Vila de Gràcia,123,6039,7,2,7
2010,6,Gràcia,31,la Vila de Gràcia,123,6039,..,2,8
2010,6,Gràcia,31,la Vila de Gràcia,123,6039,5,2,10
2010,6,Gràcia,31,la Vila de Gràcia,123,6039,..,2,11
2010,6,Gràcia,31,la Vila de Gràcia,124,6040,..,1,0
2010,6,Gràcia,31,la Vila de Gràcia,124,6040,11,1,4
2010,6,Gràcia,31,la Vila de Gràcia,124,6040,18,1,5
2010,6,Gràcia,31,la Vila de Gràcia,124,6040,14,1,6
2010,6,Gràcia,31,la Vila de Gràcia,124,6040,5,1,7
2010,6,Gràcia,31,la Vila de Gràcia,124,6040,..,1,8
2010,6,Gràcia,31,la Vila de Gràcia,124,6040,..,1,9
2010,6,Gràcia,31,la Vila de Gràcia,124,6040,..,1,10
2010,6,Gràcia,31,la Vila de Gràcia,124,6040,..,1,11
2010,6,Gràcia,31,la Vila de Gràcia,124,6040,..,1,13
2010,6,Gràcia,31,la Vila de Gràcia,124,6040,..,1,14
2010,6,Gràcia,31,la Vila de Gràcia,124,6040,..,1,15
2010,6,Gràcia,31,la Vila de Gràcia,124,6040,..,1,18
2010,6,Gràcia,31,la Vila de Gràcia,124,6040,..,2,1
2010,6,Gràcia,31,la Vila de Gràcia,124,6040,..,2,2
2010,6,Gràcia,31,la Vila de Gràcia,124,6040,..,2,3
2010,6,Gràcia,31,la Vila de Gràcia,124,6040,13,2,4
2010,6,Gràcia,31,la Vila de Gràcia,124,6040,17,2,5
2010,6,Gràcia,31,la Vila de Gràcia,124,6040,10,2,6
2010,6,Gràcia,31,la Vila de Gràcia,124,6040,..,2,7
2010,6,Gràcia,31,la Vila de Gràcia,124,6040,..,2,8
2010,6,Gràcia,31,la Vila de Gràcia,124,6040,..,2,11
2010,6,Gràcia,31,la Vila de Gràcia,124,6041,..,1,0
2010,6,Gràcia,31,la Vila de Gràcia,124,6041,..,1,1
2010,6,Gràcia,31,la Vila de Gràcia,124,6041,..,1,2
2010,6,Gràcia,31,la Vila de Gràcia,124,6041,..,1,3
2010,6,Gràcia,31,la Vila de Gràcia,124,6041,7,1,4
2010,6,Gràcia,31,la Vila de Gràcia,124,6041,13,1,5
2010,6,Gràcia,31,la Vila de Gràcia,124,6041,15,1,6
2010,6,Gràcia,31,la Vila de Gràcia,124,6041,9,1,7
2010,6,Gràcia,31,la Vila de Gràcia,124,6041,..,1,8
2010,6,Gràcia,31,la Vila de Gràcia,124,6041,..,1,9
2010,6,Gràcia,31,la Vila de Gràcia,124,6041,..,1,10
2010,6,Gràcia,31,la Vila de Gràcia,124,6041,..,1,11
2010,6,Gràcia,31,la Vila de Gràcia,124,6041,..,1,13
2010,6,Gràcia,31,la Vila de Gràcia,124,6041,..,1,14
2010,6,Gràcia,31,la Vila de Gràcia,124,6041,..,1,15
2010,6,Gràcia,31,la Vila de Gràcia,124,6041,..,2,0
2010,6,Gràcia,31,la Vila de Gràcia,124,6041,..,2,1
2010,6,Gràcia,31,la Vila de Gràcia,124,6041,..,2,3
2010,6,Gràcia,31,la Vila de Gràcia,124,6041,..,2,4
2010,6,Gràcia,31,la Vila de Gràcia,124,6041,16,2,5
2010,6,Gràcia,31,la Vila de Gràcia,124,6041,8,2,6
2010,6,Gràcia,31,la Vila de Gràcia,124,6041,..,2,7
2010,6,Gràcia,31,la Vila de Gràcia,124,6041,5,2,8
2010,6,Gràcia,31,la Vila de Gràcia,124,6041,..,2,10
2010,6,Gràcia,31,la Vila de Gràcia,124,6041,..,2,12
2010,6,Gràcia,31,la Vila de Gràcia,124,6042,..,1,0
2010,6,Gràcia,31,la Vila de Gràcia,124,6042,..,1,1
2010,6,Gràcia,31,la Vila de Gràcia,124,6042,..,1,3
2010,6,Gràcia,31,la Vila de Gràcia,124,6042,..,1,4
2010,6,Gràcia,31,la Vila de Gràcia,124,6042,18,1,5
2010,6,Gràcia,31,la Vila de Gràcia,124,6042,12,1,6
2010,6,Gràcia,31,la Vila de Gràcia,124,6042,5,1,7
2010,6,Gràcia,31,la Vila de Gràcia,124,6042,..,1,8
2010,6,Gràcia,31,la Vila de Gràcia,124,6042,..,1,10
2010,6,Gràcia,31,la Vila de Gràcia,124,6042,..,1,12
2010,6,Gràcia,31,la Vila de Gràcia,124,6042,..,1,13
2010,6,Gràcia,31,la Vila de Gràcia,124,6042,..,1,14
2010,6,Gràcia,31,la Vila de Gràcia,124,6042,..,1,15
2010,6,Gràcia,31,la Vila de Gràcia,124,6042,..,1,16
2010,6,Gràcia,31,la Vila de Gràcia,124,6042,..,2,0
2010,6,Gràcia,31,la Vila de Gràcia,124,6042,..,2,2
2010,6,Gràcia,31,la Vila de Gràcia,124,6042,..,2,3
2010,6,Gràcia,31,la Vila de Gràcia,124,6042,6,2,4
2010,6,Gràcia,31,la Vila de Gràcia,124,6042,13,2,5
2010,6,Gràcia,31,la Vila de Gràcia,124,6042,8,2,6
2010,6,Gràcia,31,la Vila de Gràcia,124,6042,6,2,7
2010,6,Gràcia,31,la Vila de Gràcia,124,6042,..,2,8
2010,6,Gràcia,31,la Vila de Gràcia,124,6042,..,2,9
2010,6,Gràcia,31,la Vila de Gràcia,124,6042,..,2,10
2010,6,Gràcia,31,la Vila de Gràcia,124,6042,..,2,11
2010,6,Gràcia,31,la Vila de Gràcia,124,6042,..,2,12
2010,6,Gràcia,31,la Vila de Gràcia,125,6043,..,1,1
2010,6,Gràcia,31,la Vila de Gràcia,125,6043,..,1,2
2010,6,Gràcia,31,la Vila de Gràcia,125,6043,8,1,4
2010,6,Gràcia,31,la Vila de Gràcia,125,6043,11,1,5
2010,6,Gràcia,31,la Vila de Gràcia,125,6043,..,1,6
2010,6,Gràcia,31,la Vila de Gràcia,125,6043,6,1,7
2010,6,Gràcia,31,la Vila de Gràcia,125,6043,..,1,9
2010,6,Gràcia,31,la Vila de Gràcia,125,6043,..,1,10
2010,6,Gràcia,31,la Vila de Gràcia,125,6043,..,1,12
2010,6,Gràcia,31,la Vila de Gràcia,125,6043,..,1,18
2010,6,Gràcia,31,la Vila de Gràcia,125,6043,..,2,0
2010,6,Gràcia,31,la Vila de Gràcia,125,6043,..,2,3
2010,6,Gràcia,31,la Vila de Gràcia,125,6043,6,2,4
2010,6,Gràcia,31,la Vila de Gràcia,125,6043,10,2,5
2010,6,Gràcia,31,la Vila de Gràcia,125,6043,12,2,6
2010,6,Gràcia,31,la Vila de Gràcia,125,6043,..,2,7
2010,6,Gràcia,31,la Vila de Gràcia,125,6043,..,2,8
2010,6,Gràcia,31,la Vila de Gràcia,125,6043,..,2,9
2010,6,Gràcia,31,la Vila de Gràcia,125,6043,..,2,13
2010,6,Gràcia,31,la Vila de Gràcia,125,6044,..,1,1
2010,6,Gràcia,31,la Vila de Gràcia,125,6044,6,1,4
2010,6,Gràcia,31,la Vila de Gràcia,125,6044,9,1,5
2010,6,Gràcia,31,la Vila de Gràcia,125,6044,8,1,6
2010,6,Gràcia,31,la Vila de Gràcia,125,6044,..,1,7
2010,6,Gràcia,31,la Vila de Gràcia,125,6044,..,1,8
2010,6,Gràcia,31,la Vila de Gràcia,125,6044,..,1,9
2010,6,Gràcia,31,la Vila de Gràcia,125,6044,..,1,10
2010,6,Gràcia,31,la Vila de Gràcia,125,6044,..,1,11
2010,6,Gràcia,31,la Vila de Gràcia,125,6044,..,1,12
2010,6,Gràcia,31,la Vila de Gràcia,125,6044,..,1,13
2010,6,Gràcia,31,la Vila de Gràcia,125,6044,..,2,2
2010,6,Gràcia,31,la Vila de Gràcia,125,6044,..,2,4
2010,6,Gràcia,31,la Vila de Gràcia,125,6044,9,2,5
2010,6,Gràcia,31,la Vila de Gràcia,125,6044,8,2,6
2010,6,Gràcia,31,la Vila de Gràcia,125,6044,6,2,7
2010,6,Gràcia,31,la Vila de Gràcia,125,6044,5,2,8
2010,6,Gràcia,31,la Vila de Gràcia,125,6044,7,2,9
2010,6,Gràcia,31,la Vila de Gràcia,125,6044,6,2,10
2010,6,Gràcia,31,la Vila de Gràcia,125,6044,5,2,11
2010,6,Gràcia,31,la Vila de Gràcia,125,6044,..,2,12
2010,6,Gràcia,31,la Vila de Gràcia,125,6044,..,2,13
2010,6,Gràcia,31,la Vila de Gràcia,125,6044,..,2,14
2010,6,Gràcia,31,la Vila de Gràcia,126,6045,..,1,0
2010,6,Gràcia,31,la Vila de Gràcia,126,6045,..,1,1
2010,6,Gràcia,31,la Vila de Gràcia,126,6045,7,1,4
2010,6,Gràcia,31,la Vila de Gràcia,126,6045,19,1,5
2010,6,Gràcia,31,la Vila de Gràcia,126,6045,12,1,6
2010,6,Gràcia,31,la Vila de Gràcia,126,6045,8,1,7
2010,6,Gràcia,31,la Vila de Gràcia,126,6045,..,1,11
2010,6,Gràcia,31,la Vila de Gràcia,126,6045,..,1,13
2010,6,Gràcia,31,la Vila de Gràcia,126,6045,..,1,14
2010,6,Gràcia,31,la Vila de Gràcia,126,6045,..,2,3
2010,6,Gràcia,31,la Vila de Gràcia,126,6045,..,2,4
2010,6,Gràcia,31,la Vila de Gràcia,126,6045,12,2,5
2010,6,Gràcia,31,la Vila de Gràcia,126,6045,12,2,6
2010,6,Gràcia,31,la Vila de Gràcia,126,6045,10,2,7
2010,6,Gràcia,31,la Vila de Gràcia,126,6045,..,2,8
2010,6,Gràcia,31,la Vila de Gràcia,126,6045,..,2,10
2010,6,Gràcia,31,la Vila de Gràcia,126,6045,..,2,12
2010,6,Gràcia,31,la Vila de Gràcia,126,6045,..,2,13
2010,6,Gràcia,31,la Vila de Gràcia,126,6045,..,2,14
2010,6,Gràcia,31,la Vila de Gràcia,126,6046,..,1,0
2010,6,Gràcia,31,la Vila de Gràcia,126,6046,..,1,3
2010,6,Gràcia,31,la Vila de Gràcia,126,6046,..,1,4
2010,6,Gràcia,31,la Vila de Gràcia,126,6046,12,1,5
2010,6,Gràcia,31,la Vila de Gràcia,126,6046,9,1,6
2010,6,Gràcia,31,la Vila de Gràcia,126,6046,..,1,7
2010,6,Gràcia,31,la Vila de Gràcia,126,6046,..,1,8
2010,6,Gràcia,31,la Vila de Gràcia,126,6046,..,1,9
2010,6,Gràcia,31,la Vila de Gràcia,126,6046,..,1,10
2010,6,Gràcia,31,la Vila de Gràcia,126,6046,..,1,11
2010,6,Gràcia,31,la Vila de Gràcia,126,6046,..,2,0
2010,6,Gràcia,31,la Vila de Gràcia,126,6046,..,2,4
2010,6,Gràcia,31,la Vila de Gràcia,126,6046,8,2,5
2010,6,Gràcia,31,la Vila de Gràcia,126,6046,5,2,6
2010,6,Gràcia,31,la Vila de Gràcia,126,6046,..,2,7
2010,6,Gràcia,31,la Vila de Gràcia,126,6046,..,2,8
2010,6,Gràcia,31,la Vila de Gràcia,126,6046,..,2,10
2010,6,Gràcia,31,la Vila de Gràcia,126,6047,5,1,0
2010,6,Gràcia,31,la Vila de Gràcia,126,6047,..,1,1
2010,6,Gràcia,31,la Vila de Gràcia,126,6047,..,1,2
2010,6,Gràcia,31,la Vila de Gràcia,126,6047,..,1,3
2010,6,Gràcia,31,la Vila de Gràcia,126,6047,38,1,4
2010,6,Gràcia,31,la Vila de Gràcia,126,6047,46,1,5
2010,6,Gràcia,31,la Vila de Gràcia,126,6047,21,1,6
2010,6,Gràcia,31,la Vila de Gràcia,126,6047,17,1,7
2010,6,Gràcia,31,la Vila de Gràcia,126,6047,14,1,8
2010,6,Gràcia,31,la Vila de Gràcia,126,6047,5,1,9
2010,6,Gràcia,31,la Vila de Gràcia,126,6047,7,1,10
2010,6,Gràcia,31,la Vila de Gràcia,126,6047,..,1,11
2010,6,Gràcia,31,la Vila de Gràcia,126,6047,5,1,12
2010,6,Gràcia,31,la Vila de Gràcia,126,6047,..,1,13
2010,6,Gràcia,31,la Vila de Gràcia,126,6047,..,1,15
2010,6,Gràcia,31,la Vila de Gràcia,126,6047,..,1,17
2010,6,Gràcia,31,la Vila de Gràcia,126,6047,..,1,18
2010,6,Gràcia,31,la Vila de Gràcia,126,6047,..,2,0
2010,6,Gràcia,31,la Vila de Gràcia,126,6047,8,2,1
2010,6,Gràcia,31,la Vila de Gràcia,126,6047,6,2,2
2010,6,Gràcia,31,la Vila de Gràcia,126,6047,20,2,3
2010,6,Gràcia,31,la Vila de Gràcia,126,6047,88,2,4
2010,6,Gràcia,31,la Vila de Gràcia,126,6047,130,2,5
2010,6,Gràcia,31,la Vila de Gràcia,126,6047,103,2,6
2010,6,Gràcia,31,la Vila de Gràcia,126,6047,49,2,7
2010,6,Gràcia,31,la Vila de Gràcia,126,6047,36,2,8
2010,6,Gràcia,31,la Vila de Gràcia,126,6047,15,2,9
2010,6,Gràcia,31,la Vila de Gràcia,126,6047,11,2,10
2010,6,Gràcia,31,la Vila de Gràcia,126,6047,5,2,11
2010,6,Gràcia,31,la Vila de Gràcia,126,6047,..,2,12
2010,6,Gràcia,31,la Vila de Gràcia,126,6047,..,2,13
2010,6,Gràcia,31,la Vila de Gràcia,126,6048,..,1,1
2010,6,Gràcia,31,la Vila de Gràcia,126,6048,..,1,2
2010,6,Gràcia,31,la Vila de Gràcia,126,6048,..,1,3
2010,6,Gràcia,31,la Vila de Gràcia,126,6048,10,1,4
2010,6,Gràcia,31,la Vila de Gràcia,126,6048,34,1,5
2010,6,Gràcia,31,la Vila de Gràcia,126,6048,16,1,6
2010,6,Gràcia,31,la Vila de Gràcia,126,6048,6,1,7
2010,6,Gràcia,31,la Vila de Gràcia,126,6048,..,1,9
2010,6,Gràcia,31,la Vila de Gràcia,126,6048,..,1,10
2010,6,Gràcia,31,la Vila de Gràcia,126,6048,..,1,11
2010,6,Gràcia,31,la Vila de Gràcia,126,6048,..,2,0
2010,6,Gràcia,31,la Vila de Gràcia,126,6048,..,2,1
2010,6,Gràcia,31,la Vila de Gràcia,126,6048,..,2,2
2010,6,Gràcia,31,la Vila de Gràcia,126,6048,8,2,4
2010,6,Gràcia,31,la Vila de Gràcia,126,6048,16,2,5
2010,6,Gràcia,31,la Vila de Gràcia,126,6048,13,2,6
2010,6,Gràcia,31,la Vila de Gràcia,126,6048,5,2,7
2010,6,Gràcia,31,la Vila de Gràcia,126,6048,7,2,8
2010,6,Gràcia,31,la Vila de Gràcia,126,6048,..,2,9
2010,6,Gràcia,31,la Vila de Gràcia,126,6048,..,2,10
2010,6,Gràcia,31,la Vila de Gràcia,126,6048,..,2,11
2010,6,Gràcia,31,la Vila de Gràcia,126,6048,..,2,12
2010,6,Gràcia,31,la Vila de Gràcia,126,6048,..,2,13
2010,6,Gràcia,31,la Vila de Gràcia,127,6049,..,1,0
2010,6,Gràcia,31,la Vila de Gràcia,127,6049,..,1,2
2010,6,Gràcia,31,la Vila de Gràcia,127,6049,9,1,4
2010,6,Gràcia,31,la Vila de Gràcia,127,6049,11,1,5
2010,6,Gràcia,31,la Vila de Gràcia,127,6049,..,1,6
2010,6,Gràcia,31,la Vila de Gràcia,127,6049,..,1,7
2010,6,Gràcia,31,la Vila de Gràcia,127,6049,..,1,8
2010,6,Gràcia,31,la Vila de Gràcia,127,6049,..,1,9
2010,6,Gràcia,31,la Vila de Gràcia,127,6049,..,1,10
2010,6,Gràcia,31,la Vila de Gràcia,127,6049,..,1,15
2010,6,Gràcia,31,la Vila de Gràcia,127,6049,..,2,1
2010,6,Gràcia,31,la Vila de Gràcia,127,6049,..,2,2
2010,6,Gràcia,31,la Vila de Gràcia,127,6049,6,2,4
2010,6,Gràcia,31,la Vila de Gràcia,127,6049,8,2,5
2010,6,Gràcia,31,la Vila de Gràcia,127,6049,10,2,6
2010,6,Gràcia,31,la Vila de Gràcia,127,6049,5,2,7
2010,6,Gràcia,31,la Vila de Gràcia,127,6049,..,2,9
2010,6,Gràcia,31,la Vila de Gràcia,127,6050,..,1,0
2010,6,Gràcia,31,la Vila de Gràcia,127,6050,..,1,1
2010,6,Gràcia,31,la Vila de Gràcia,127,6050,..,1,3
2010,6,Gràcia,31,la Vila de Gràcia,127,6050,11,1,4
2010,6,Gràcia,31,la Vila de Gràcia,127,6050,15,1,5
2010,6,Gràcia,31,la Vila de Gràcia,127,6050,..,1,6
2010,6,Gràcia,31,la Vila de Gràcia,127,6050,..,1,7
2010,6,Gràcia,31,la Vila de Gràcia,127,6050,..,1,8
2010,6,Gràcia,31,la Vila de Gràcia,127,6050,..,1,9
2010,6,Gràcia,31,la Vila de Gràcia,127,6050,..,1,13
2010,6,Gràcia,31,la Vila de Gràcia,127,6050,..,2,0
2010,6,Gràcia,31,la Vila de Gràcia,127,6050,..,2,1
2010,6,Gràcia,31,la Vila de Gràcia,127,6050,..,2,3
2010,6,Gràcia,31,la Vila de Gràcia,127,6050,5,2,4
2010,6,Gràcia,31,la Vila de Gràcia,127,6050,17,2,5
2010,6,Gràcia,31,la Vila de Gràcia,127,6050,11,2,6
2010,6,Gràcia,31,la Vila de Gràcia,127,6050,..,2,7
2010,6,Gràcia,31,la Vila de Gràcia,127,6050,7,2,8
2010,6,Gràcia,31,la Vila de Gràcia,127,6050,..,2,10
2010,6,Gràcia,31,la Vila de Gràcia,127,6050,..,2,12
2010,6,Gràcia,31,la Vila de Gràcia,127,6051,..,1,0
2010,6,Gràcia,31,la Vila de Gràcia,127,6051,..,1,3
2010,6,Gràcia,31,la Vila de Gràcia,127,6051,7,1,4
2010,6,Gràcia,31,la Vila de Gràcia,127,6051,15,1,5
2010,6,Gràcia,31,la Vila de Gràcia,127,6051,9,1,6
2010,6,Gràcia,31,la Vila de Gràcia,127,6051,6,1,7
2010,6,Gràcia,31,la Vila de Gràcia,127,6051,..,1,8
2010,6,Gràcia,31,la Vila de Gràcia,127,6051,..,1,10
2010,6,Gràcia,31,la Vila de Gràcia,127,6051,..,1,13
2010,6,Gràcia,31,la Vila de Gràcia,127,6051,..,1,14
2010,6,Gràcia,31,la Vila de Gràcia,127,6051,..,1,15
2010,6,Gràcia,31,la Vila de Gràcia,127,6051,..,1,16
2010,6,Gràcia,31,la Vila de Gràcia,127,6051,..,1,17
2010,6,Gràcia,31,la Vila de Gràcia,127,6051,..,2,0
2010,6,Gràcia,31,la Vila de Gràcia,127,6051,..,2,2
2010,6,Gràcia,31,la Vila de Gràcia,127,6051,..,2,3
2010,6,Gràcia,31,la Vila de Gràcia,127,6051,5,2,4
2010,6,Gràcia,31,la Vila de Gràcia,127,6051,8,2,5
2010,6,Gràcia,31,la Vila de Gràcia,127,6051,7,2,6
2010,6,Gràcia,31,la Vila de Gràcia,127,6051,9,2,7
2010,6,Gràcia,31,la Vila de Gràcia,127,6051,..,2,8
2010,6,Gràcia,31,la Vila de Gràcia,127,6051,..,2,9
2010,6,Gràcia,31,la Vila de Gràcia,127,6051,..,2,10
2010,6,Gràcia,31,la Vila de Gràcia,127,6051,..,2,11
2010,6,Gràcia,31,la Vila de Gràcia,128,6052,..,1,1
2010,6,Gràcia,31,la Vila de Gràcia,128,6052,10,1,4
2010,6,Gràcia,31,la Vila de Gràcia,128,6052,21,1,5
2010,6,Gràcia,31,la Vila de Gràcia,128,6052,10,1,6
2010,6,Gràcia,31,la Vila de Gràcia,128,6052,..,1,7
2010,6,Gràcia,31,la Vila de Gràcia,128,6052,..,1,8
2010,6,Gràcia,31,la Vila de Gràcia,128,6052,..,1,10
2010,6,Gràcia,31,la Vila de Gràcia,128,6052,..,1,11
2010,6,Gràcia,31,la Vila de Gràcia,128,6052,..,1,12
2010,6,Gràcia,31,la Vila de Gràcia,128,6052,..,1,13
2010,6,Gràcia,31,la Vila de Gràcia,128,6052,..,1,16
2010,6,Gràcia,31,la Vila de Gràcia,128,6052,..,1,18
2010,6,Gràcia,31,la Vila de Gràcia,128,6052,..,2,3
2010,6,Gràcia,31,la Vila de Gràcia,128,6052,7,2,4
2010,6,Gràcia,31,la Vila de Gràcia,128,6052,13,2,5
2010,6,Gràcia,31,la Vila de Gràcia,128,6052,11,2,6
2010,6,Gràcia,31,la Vila de Gràcia,128,6052,..,2,7
2010,6,Gràcia,31,la Vila de Gràcia,128,6052,..,2,8
2010,6,Gràcia,31,la Vila de Gràcia,128,6052,..,2,9
2010,6,Gràcia,31,la Vila de Gràcia,128,6052,..,2,11
2010,6,Gràcia,31,la Vila de Gràcia,128,6052,..,2,12
2010,6,Gràcia,31,la Vila de Gràcia,128,6052,..,2,16
2010,6,Gràcia,31,la Vila de Gràcia,128,6053,..,1,3
2010,6,Gràcia,31,la Vila de Gràcia,128,6053,6,1,4
2010,6,Gràcia,31,la Vila de Gràcia,128,6053,11,1,5
2010,6,Gràcia,31,la Vila de Gràcia,128,6053,7,1,6
2010,6,Gràcia,31,la Vila de Gràcia,128,6053,..,1,8
2010,6,Gràcia,31,la Vila de Gràcia,128,6053,..,1,9
2010,6,Gràcia,31,la Vila de Gràcia,128,6053,..,1,10
2010,6,Gràcia,31,la Vila de Gràcia,128,6053,..,1,11
2010,6,Gràcia,31,la Vila de Gràcia,128,6053,..,1,12
2010,6,Gràcia,31,la Vila de Gràcia,128,6053,..,1,15
2010,6,Gràcia,31,la Vila de Gràcia,128,6053,..,2,1
2010,6,Gràcia,31,la Vila de Gràcia,128,6053,..,2,2
2010,6,Gràcia,31,la Vila de Gràcia,128,6053,..,2,4
2010,6,Gràcia,31,la Vila de Gràcia,128,6053,5,2,5
2010,6,Gràcia,31,la Vila de Gràcia,128,6053,10,2,6
2010,6,Gràcia,31,la Vila de Gràcia,128,6053,7,2,7
2010,6,Gràcia,31,la Vila de Gràcia,128,6053,..,2,8
2010,6,Gràcia,31,la Vila de Gràcia,128,6053,..,2,9
2010,6,Gràcia,31,la Vila de Gràcia,128,6053,..,2,10
2010,6,Gràcia,31,la Vila de Gràcia,128,6053,..,2,11
2010,6,Gràcia,31,la Vila de Gràcia,128,6053,..,2,12
2010,6,Gràcia,31,la Vila de Gràcia,128,6054,..,1,0
2010,6,Gràcia,31,la Vila de Gràcia,128,6054,..,1,1
2010,6,Gràcia,31,la Vila de Gràcia,128,6054,..,1,3
2010,6,Gràcia,31,la Vila de Gràcia,128,6054,7,1,4
2010,6,Gràcia,31,la Vila de Gràcia,128,6054,15,1,5
2010,6,Gràcia,31,la Vila de Gràcia,128,6054,21,1,6
2010,6,Gràcia,31,la Vila de Gràcia,128,6054,5,1,7
2010,6,Gràcia,31,la Vila de Gràcia,128,6054,..,1,8
2010,6,Gràcia,31,la Vila de Gràcia,128,6054,..,1,9
2010,6,Gràcia,31,la Vila de Gràcia,128,6054,..,1,10
2010,6,Gràcia,31,la Vila de Gràcia,128,6054,..,1,11
2010,6,Gràcia,31,la Vila de Gràcia,128,6054,..,1,13
2010,6,Gràcia,31,la Vila de Gràcia,128,6054,..,1,14
2010,6,Gràcia,31,la Vila de Gràcia,128,6054,..,1,16
2010,6,Gràcia,31,la Vila de Gràcia,128,6054,..,2,0
2010,6,Gràcia,31,la Vila de Gràcia,128,6054,..,2,1
2010,6,Gràcia,31,la Vila de Gràcia,128,6054,..,2,2
2010,6,Gràcia,31,la Vila de Gràcia,128,6054,..,2,3
2010,6,Gràcia,31,la Vila de Gràcia,128,6054,7,2,4
2010,6,Gràcia,31,la Vila de Gràcia,128,6054,16,2,5
2010,6,Gràcia,31,la Vila de Gràcia,128,6054,9,2,6
2010,6,Gràcia,31,la Vila de Gràcia,128,6054,8,2,7
2010,6,Gràcia,31,la Vila de Gràcia,128,6054,..,2,8
2010,6,Gràcia,31,la Vila de Gràcia,128,6054,..,2,9
2010,6,Gràcia,31,la Vila de Gràcia,128,6054,..,2,10
2010,6,Gràcia,31,la Vila de Gràcia,128,6054,..,2,12
2010,6,Gràcia,31,la Vila de Gràcia,129,6055,..,1,0
2010,6,Gràcia,31,la Vila de Gràcia,129,6055,..,1,3
2010,6,Gràcia,31,la Vila de Gràcia,129,6055,7,1,4
2010,6,Gràcia,31,la Vila de Gràcia,129,6055,13,1,5
2010,6,Gràcia,31,la Vila de Gràcia,129,6055,7,1,6
2010,6,Gràcia,31,la Vila de Gràcia,129,6055,..,1,7
2010,6,Gràcia,31,la Vila de Gràcia,129,6055,..,1,8
2010,6,Gràcia,31,la Vila de Gràcia,129,6055,..,1,9
2010,6,Gràcia,31,la Vila de Gràcia,129,6055,..,1,11
2010,6,Gràcia,31,la Vila de Gràcia,129,6055,..,1,13
2010,6,Gràcia,31,la Vila de Gràcia,129,6055,..,1,18
2010,6,Gràcia,31,la Vila de Gràcia,129,6055,..,1,19
2010,6,Gràcia,31,la Vila de Gràcia,129,6055,..,2,0
2010,6,Gràcia,31,la Vila de Gràcia,129,6055,..,2,3
2010,6,Gràcia,31,la Vila de Gràcia,129,6055,5,2,4
2010,6,Gràcia,31,la Vila de Gràcia,129,6055,7,2,5
2010,6,Gràcia,31,la Vila de Gràcia,129,6055,9,2,6
2010,6,Gràcia,31,la Vila de Gràcia,129,6055,..,2,7
2010,6,Gràcia,31,la Vila de Gràcia,129,6055,..,2,8
2010,6,Gràcia,31,la Vila de Gràcia,129,6055,..,2,9
2010,6,Gràcia,31,la Vila de Gràcia,129,6055,..,2,10
2010,6,Gràcia,31,la Vila de Gràcia,129,6055,..,2,12
2010,6,Gràcia,31,la Vila de Gràcia,129,6055,..,2,13
2010,6,Gràcia,31,la Vila de Gràcia,129,6056,..,1,3
2010,6,Gràcia,31,la Vila de Gràcia,129,6056,8,1,4
2010,6,Gràcia,31,la Vila de Gràcia,129,6056,21,1,5
2010,6,Gràcia,31,la Vila de Gràcia,129,6056,12,1,6
2010,6,Gràcia,31,la Vila de Gràcia,129,6056,8,1,7
2010,6,Gràcia,31,la Vila de Gràcia,129,6056,..,1,8
2010,6,Gràcia,31,la Vila de Gràcia,129,6056,..,1,9
2010,6,Gràcia,31,la Vila de Gràcia,129,6056,..,1,12
2010,6,Gràcia,31,la Vila de Gràcia,129,6056,..,2,0
2010,6,Gràcia,31,la Vila de Gràcia,129,6056,..,2,1
2010,6,Gràcia,31,la Vila de Gràcia,129,6056,..,2,2
2010,6,Gràcia,31,la Vila de Gràcia,129,6056,6,2,4
2010,6,Gràcia,31,la Vila de Gràcia,129,6056,19,2,5
2010,6,Gràcia,31,la Vila de Gràcia,129,6056,11,2,6
2010,6,Gràcia,31,la Vila de Gràcia,129,6056,7,2,7
2010,6,Gràcia,31,la Vila de Gràcia,129,6056,..,2,8
2010,6,Gràcia,31,la Vila de Gràcia,129,6056,..,2,9
2010,6,Gràcia,31,la Vila de Gràcia,129,6056,..,2,10
2010,6,Gràcia,31,la Vila de Gràcia,129,6056,..,2,11
2010,6,Gràcia,31,la Vila de Gràcia,129,6056,..,2,12
2010,6,Gràcia,31,la Vila de Gràcia,129,6056,..,2,13
2010,6,Gràcia,31,la Vila de Gràcia,129,6057,..,1,0
2010,6,Gràcia,31,la Vila de Gràcia,129,6057,..,1,1
2010,6,Gràcia,31,la Vila de Gràcia,129,6057,..,1,3
2010,6,Gràcia,31,la Vila de Gràcia,129,6057,7,1,4
2010,6,Gràcia,31,la Vila de Gràcia,129,6057,26,1,5
2010,6,Gràcia,31,la Vila de Gràcia,129,6057,16,1,6
2010,6,Gràcia,31,la Vila de Gràcia,129,6057,6,1,7
2010,6,Gràcia,31,la Vila de Gràcia,129,6057,..,1,8
2010,6,Gràcia,31,la Vila de Gràcia,129,6057,..,1,9
2010,6,Gràcia,31,la Vila de Gràcia,129,6057,..,1,10
2010,6,Gràcia,31,la Vila de Gràcia,129,6057,..,1,12
2010,6,Gràcia,31,la Vila de Gràcia,129,6057,..,2,0
2010,6,Gràcia,31,la Vila de Gràcia,129,6057,..,2,1
2010,6,Gràcia,31,la Vila de Gràcia,129,6057,6,2,4
2010,6,Gràcia,31,la Vila de Gràcia,129,6057,22,2,5
2010,6,Gràcia,31,la Vila de Gràcia,129,6057,12,2,6
2010,6,Gràcia,31,la Vila de Gràcia,129,6057,5,2,7
2010,6,Gràcia,31,la Vila de Gràcia,129,6057,5,2,8
2010,6,Gràcia,31,la Vila de Gràcia,129,6057,..,2,9
2010,6,Gràcia,31,la Vila de Gràcia,129,6057,..,2,11
2010,6,Gràcia,31,la Vila de Gràcia,129,6057,..,2,12
2010,6,Gràcia,31,la Vila de Gràcia,129,6058,..,1,0
2010,6,Gràcia,31,la Vila de Gràcia,129,6058,..,1,1
2010,6,Gràcia,31,la Vila de Gràcia,129,6058,..,1,3
2010,6,Gràcia,31,la Vila de Gràcia,129,6058,12,1,4
2010,6,Gràcia,31,la Vila de Gràcia,129,6058,25,1,5
2010,6,Gràcia,31,la Vila de Gràcia,129,6058,20,1,6
2010,6,Gràcia,31,la Vila de Gràcia,129,6058,6,1,7
2010,6,Gràcia,31,la Vila de Gràcia,129,6058,..,1,8
2010,6,Gràcia,31,la Vila de Gràcia,129,6058,..,1,10
2010,6,Gràcia,31,la Vila de Gràcia,129,6058,..,1,11
2010,6,Gràcia,31,la Vila de Gràcia,129,6058,..,1,13
2010,6,Gràcia,31,la Vila de Gràcia,129,6058,..,1,15
2010,6,Gràcia,31,la Vila de Gràcia,129,6058,6,2,0
2010,6,Gràcia,31,la Vila de Gràcia,129,6058,..,2,2
2010,6,Gràcia,31,la Vila de Gràcia,129,6058,..,2,3
2010,6,Gràcia,31,la Vila de Gràcia,129,6058,5,2,4
2010,6,Gràcia,31,la Vila de Gràcia,129,6058,19,2,5
2010,6,Gràcia,31,la Vila de Gràcia,129,6058,16,2,6
2010,6,Gràcia,31,la Vila de Gràcia,129,6058,12,2,7
2010,6,Gràcia,31,la Vila de Gràcia,129,6058,..,2,8
2010,6,Gràcia,31,la Vila de Gràcia,129,6058,..,2,9
2010,6,Gràcia,31,la Vila de Gràcia,129,6058,..,2,10
2010,6,Gràcia,31,la Vila de Gràcia,129,6058,..,2,15
2010,6,Gràcia,31,la Vila de Gràcia,129,6058,..,2,16
2010,6,Gràcia,31,la Vila de Gràcia,129,6059,..,1,0
2010,6,Gràcia,31,la Vila de Gràcia,129,6059,..,1,1
2010,6,Gràcia,31,la Vila de Gràcia,129,6059,..,1,4
2010,6,Gràcia,31,la Vila de Gràcia,129,6059,18,1,5
2010,6,Gràcia,31,la Vila de Gràcia,129,6059,12,1,6
2010,6,Gràcia,31,la Vila de Gràcia,129,6059,..,1,7
2010,6,Gràcia,31,la Vila de Gràcia,129,6059,..,1,8
2010,6,Gràcia,31,la Vila de Gràcia,129,6059,..,1,9
2010,6,Gràcia,31,la Vila de Gràcia,129,6059,..,1,10
2010,6,Gràcia,31,la Vila de Gràcia,129,6059,..,1,11
2010,6,Gràcia,31,la Vila de Gràcia,129,6059,..,1,12
2010,6,Gràcia,31,la Vila de Gràcia,129,6059,..,1,15
2010,6,Gràcia,31,la Vila de Gràcia,129,6059,..,2,0
2010,6,Gràcia,31,la Vila de Gràcia,129,6059,..,2,1
2010,6,Gràcia,31,la Vila de Gràcia,129,6059,..,2,4
2010,6,Gràcia,31,la Vila de Gràcia,129,6059,6,2,5
2010,6,Gràcia,31,la Vila de Gràcia,129,6059,6,2,6
2010,6,Gràcia,31,la Vila de Gràcia,129,6059,8,2,7
2010,6,Gràcia,31,la Vila de Gràcia,129,6059,..,2,8
2010,6,Gràcia,31,la Vila de Gràcia,129,6059,..,2,9
2010,6,Gràcia,31,la Vila de Gràcia,129,6059,..,2,12
2010,6,Gràcia,31,la Vila de Gràcia,130,6060,..,1,2
2010,6,Gràcia,31,la Vila de Gràcia,130,6060,..,1,3
2010,6,Gràcia,31,la Vila de Gràcia,130,6060,10,1,4
2010,6,Gràcia,31,la Vila de Gràcia,130,6060,24,1,5
2010,6,Gràcia,31,la Vila de Gràcia,130,6060,12,1,6
2010,6,Gràcia,31,la Vila de Gràcia,130,6060,..,1,7
2010,6,Gràcia,31,la Vila de Gràcia,130,6060,..,1,8
2010,6,Gràcia,31,la Vila de Gràcia,130,6060,..,1,12
2010,6,Gràcia,31,la Vila de Gràcia,130,6060,..,1,13
2010,6,Gràcia,31,la Vila de Gràcia,130,6060,..,1,14
2010,6,Gràcia,31,la Vila de Gràcia,130,6060,..,2,0
2010,6,Gràcia,31,la Vila de Gràcia,130,6060,..,2,1
2010,6,Gràcia,31,la Vila de Gràcia,130,6060,..,2,2
2010,6,Gràcia,31,la Vila de Gràcia,130,6060,..,2,3
2010,6,Gràcia,31,la Vila de Gràcia,130,6060,6,2,4
2010,6,Gràcia,31,la Vila de Gràcia,130,6060,21,2,5
2010,6,Gràcia,31,la Vila de Gràcia,130,6060,9,2,6
2010,6,Gràcia,31,la Vila de Gràcia,130,6060,8,2,7
2010,6,Gràcia,31,la Vila de Gràcia,130,6060,5,2,8
2010,6,Gràcia,31,la Vila de Gràcia,130,6060,..,2,11
2010,6,Gràcia,31,la Vila de Gràcia,130,6060,..,2,15
2010,6,Gràcia,31,la Vila de Gràcia,130,6061,..,1,0
2010,6,Gràcia,31,la Vila de Gràcia,130,6061,..,1,2
2010,6,Gràcia,31,la Vila de Gràcia,130,6061,..,1,3
2010,6,Gràcia,31,la Vila de Gràcia,130,6061,..,1,4
2010,6,Gràcia,31,la Vila de Gràcia,130,6061,10,1,5
2010,6,Gràcia,31,la Vila de Gràcia,130,6061,12,1,6
2010,6,Gràcia,31,la Vila de Gràcia,130,6061,..,1,7
2010,6,Gràcia,31,la Vila de Gràcia,130,6061,..,1,8
2010,6,Gràcia,31,la Vila de Gràcia,130,6061,..,1,9
2010,6,Gràcia,31,la Vila de Gràcia,130,6061,..,1,10
2010,6,Gràcia,31,la Vila de Gràcia,130,6061,..,1,13
2010,6,Gràcia,31,la Vila de Gràcia,130,6061,..,1,17
2010,6,Gràcia,31,la Vila de Gràcia,130,6061,..,2,0
2010,6,Gràcia,31,la Vila de Gràcia,130,6061,..,2,4
2010,6,Gràcia,31,la Vila de Gràcia,130,6061,9,2,5
2010,6,Gràcia,31,la Vila de Gràcia,130,6061,7,2,6
2010,6,Gràcia,31,la Vila de Gràcia,130,6061,..,2,7
2010,6,Gràcia,31,la Vila de Gràcia,130,6061,..,2,8
2010,6,Gràcia,31,la Vila de Gràcia,130,6061,..,2,9
2010,6,Gràcia,31,la Vila de Gràcia,130,6061,..,2,11
2010,6,Gràcia,31,la Vila de Gràcia,130,6061,..,2,13
2010,6,Gràcia,31,la Vila de Gràcia,130,6062,..,1,0
2010,6,Gràcia,31,la Vila de Gràcia,130,6062,12,1,4
2010,6,Gràcia,31,la Vila de Gràcia,130,6062,5,1,5
2010,6,Gràcia,31,la Vila de Gràcia,130,6062,..,1,6
2010,6,Gràcia,31,la Vila de Gràcia,130,6062,..,1,7
2010,6,Gràcia,31,la Vila de Gràcia,130,6062,..,1,9
2010,6,Gràcia,31,la Vila de Gràcia,130,6062,..,1,10
2010,6,Gràcia,31,la Vila de Gràcia,130,6062,..,1,16
2010,6,Gràcia,31,la Vila de Gràcia,130,6062,..,1,18
2010,6,Gràcia,31,la Vila de Gràcia,130,6062,..,2,2
2010,6,Gràcia,31,la Vila de Gràcia,130,6062,..,2,3
2010,6,Gràcia,31,la Vila de Gràcia,130,6062,6,2,4
2010,6,Gràcia,31,la Vila de Gràcia,130,6062,11,2,5
2010,6,Gràcia,31,la Vila de Gràcia,130,6062,5,2,6
2010,6,Gràcia,31,la Vila de Gràcia,130,6062,..,2,7
2010,6,Gràcia,31,la Vila de Gràcia,130,6062,..,2,8
2010,6,Gràcia,31,la Vila de Gràcia,130,6062,..,2,9
2010,6,Gràcia,31,la Vila de Gràcia,130,6062,..,2,10
2010,6,Gràcia,31,la Vila de Gràcia,130,6062,..,2,11
2010,6,Gràcia,31,la Vila de Gràcia,130,6062,..,2,12
2010,6,Gràcia,31,la Vila de Gràcia,130,6063,..,1,0
2010,6,Gràcia,31,la Vila de Gràcia,130,6063,..,1,2
2010,6,Gràcia,31,la Vila de Gràcia,130,6063,5,1,4
2010,6,Gràcia,31,la Vila de Gràcia,130,6063,16,1,5
2010,6,Gràcia,31,la Vila de Gràcia,130,6063,14,1,6
2010,6,Gràcia,31,la Vila de Gràcia,130,6063,..,1,7
2010,6,Gràcia,31,la Vila de Gràcia,130,6063,..,1,9
2010,6,Gràcia,31,la Vila de Gràcia,130,6063,..,1,10
2010,6,Gràcia,31,la Vila de Gràcia,130,6063,..,1,13
2010,6,Gràcia,31,la Vila de Gràcia,130,6063,..,1,17
2010,6,Gràcia,31,la Vila de Gràcia,130,6063,..,2,1
2010,6,Gràcia,31,la Vila de Gràcia,130,6063,..,2,3
2010,6,Gràcia,31,la Vila de Gràcia,130,6063,5,2,4
2010,6,Gràcia,31,la Vila de Gràcia,130,6063,11,2,5
2010,6,Gràcia,31,la Vila de Gràcia,130,6063,15,2,6
2010,6,Gràcia,31,la Vila de Gràcia,130,6063,7,2,7
2010,6,Gràcia,31,la Vila de Gràcia,130,6063,..,2,8
2010,6,Gràcia,31,la Vila de Gràcia,130,6063,..,2,9
2010,6,Gràcia,31,la Vila de Gràcia,130,6063,..,2,10
2010,6,Gràcia,31,la Vila de Gràcia,130,6063,..,2,13
2010,6,Gràcia,31,la Vila de Gràcia,130,6063,..,2,14
2010,6,Gràcia,32,el Camp d'en Grassot i Gràcia Nova,131,6064,..,1,0
2010,6,Gràcia,32,el Camp d'en Grassot i Gràcia Nova,131,6064,..,1,1
2010,6,Gràcia,32,el Camp d'en Grassot i Gràcia Nova,131,6064,..,1,3
2010,6,Gràcia,32,el Camp d'en Grassot i Gràcia Nova,131,6064,8,1,4
2010,6,Gràcia,32,el Camp d'en Grassot i Gràcia Nova,131,6064,11,1,5
2010,6,Gràcia,32,el Camp d'en Grassot i Gràcia Nova,131,6064,6,1,6
2010,6,Gràcia,32,el Camp d'en Grassot i Gràcia Nova,131,6064,..,1,7
2010,6,Gràcia,32,el Camp d'en Grassot i Gràcia Nova,131,6064,5,1,9
2010,6,Gràcia,32,el Camp d'en Grassot i Gràcia Nova,131,6064,..,1,10
2010,6,Gràcia,32,el Camp d'en Grassot i Gràcia Nova,131,6064,..,1,11
2010,6,Gràcia,32,el Camp d'en Grassot i Gràcia Nova,131,6064,..,1,13
2010,6,Gràcia,32,el Camp d'en Grassot i Gràcia Nova,131,6064,..,1,18
2010,6,Gràcia,32,el Camp d'en Grassot i Gràcia Nova,131,6064,..,1,19
2010,6,Gràcia,32,el Camp d'en Grassot i Gràcia Nova,131,6064,..,2,0
2010,6,Gràcia,32,el Camp d'en Grassot i Gràcia Nova,131,6064,..,2,3
2010,6,Gràcia,32,el Camp d'en Grassot i Gràcia Nova,131,6064,..,2,4
2010,6,Gràcia,32,el Camp d'en Grassot i Gràcia Nova,131,6064,9,2,5
2010,6,Gràcia,32,el Camp d'en Grassot i Gràcia Nova,131,6064,8,2,6
2010,6,Gràcia,32,el Camp d'en Grassot i Gràcia Nova,131,6064,9,2,7
2010,6,Gràcia,32,el Camp d'en Grassot i Gràcia Nova,131,6064,..,2,8
2010,6,Gràcia,32,el Camp d'en Grassot i Gràcia Nova,131,6064,..,2,9
2010,6,Gràcia,32,el Camp d'en Grassot i Gràcia Nova,131,6064,..,2,10
2010,6,Gràcia,32,el Camp d'en Grassot i Gràcia Nova,131,6064,..,2,11
2010,6,Gràcia,32,el Camp d'en Grassot i Gràcia Nova,131,6064,..,2,12
2010,6,Gràcia,32,el Camp d'en Grassot i Gràcia Nova,131,6065,..,1,0
2010,6,Gràcia,32,el Camp d'en Grassot i Gràcia Nova,131,6065,..,1,1
2010,6,Gràcia,32,el Camp d'en Grassot i Gràcia Nova,131,6065,..,1,2
2010,6,Gràcia,32,el Camp d'en Grassot i Gràcia Nova,131,6065,..,1,3
2010,6,Gràcia,32,el Camp d'en Grassot i Gràcia Nova,131,6065,..,1,4
2010,6,Gràcia,32,el Camp d'en Grassot i Gràcia Nova,131,6065,7,1,5
2010,6,Gràcia,32,el Camp d'en Grassot i Gràcia Nova,131,6065,5,1,6
2010,6,Gràcia,32,el Camp d'en Grassot i Gràcia Nova,131,6065,6,1,7
2010,6,Gràcia,32,el Camp d'en Grassot i Gràcia Nova,131,6065,..,1,9
2010,6,Gràcia,32,el Camp d'en Grassot i Gràcia Nova,131,6065,..,1,11
2010,6,Gràcia,32,el Camp d'en Grassot i Gràcia Nova,131,6065,..,1,12
2010,6,Gràcia,32,el Camp d'en Grassot i Gràcia Nova,131,6065,..,1,15
2010,6,Gràcia,32,el Camp d'en Grassot i Gràcia Nova,131,6065,..,2,0
2010,6,Gràcia,32,el Camp d'en Grassot i Gràcia Nova,131,6065,..,2,4
2010,6,Gràcia,32,el Camp d'en Grassot i Gràcia Nova,131,6065,..,2,5
2010,6,Gràcia,32,el Camp d'en Grassot i Gràcia Nova,131,6065,..,2,6
2010,6,Gràcia,32,el Camp d'en Grassot i Gràcia Nova,131,6065,..,2,7
2010,6,Gràcia,32,el Camp d'en Grassot i Gràcia Nova,131,6065,..,2,8
2010,6,Gràcia,32,el Camp d'en Grassot i Gràcia Nova,131,6065,..,2,9
2010,6,Gràcia,32,el Camp d'en Grassot i Gràcia Nova,131,6065,..,2,10
2010,6,Gràcia,32,el Camp d'en Grassot i Gràcia Nova,131,6065,..,2,12
2010,6,Gràcia,32,el Camp d'en Grassot i Gràcia Nova,131,6066,..,1,0
2010,6,Gràcia,32,el Camp d'en Grassot i Gràcia Nova,131,6066,..,1,1
2010,6,Gràcia,32,el Camp d'en Grassot i Gràcia Nova,131,6066,..,1,2
2010,6,Gràcia,32,el Camp d'en Grassot i Gràcia Nova,131,6066,6,1,4
2010,6,Gràcia,32,el Camp d'en Grassot i Gràcia Nova,131,6066,9,1,5
2010,6,Gràcia,32,el Camp d'en Grassot i Gràcia Nova,131,6066,5,1,6
2010,6,Gràcia,32,el Camp d'en Grassot i Gràcia Nova,131,6066,..,1,7
2010,6,Gràcia,32,el Camp d'en Grassot i Gràcia Nova,131,6066,..,1,8
2010,6,Gràcia,32,el Camp d'en Grassot i Gràcia Nova,131,6066,5,1,9
2010,6,Gràcia,32,el Camp d'en Grassot i Gràcia Nova,131,6066,..,1,18
2010,6,Gràcia,32,el Camp d'en Grassot i Gràcia Nova,131,6066,..,2,2
2010,6,Gràcia,32,el Camp d'en Grassot i Gràcia Nova,131,6066,..,2,3
2010,6,Gràcia,32,el Camp d'en Grassot i Gràcia Nova,131,6066,..,2,4
2010,6,Gràcia,32,el Camp d'en Grassot i Gràcia Nova,131,6066,7,2,5
2010,6,Gràcia,32,el Camp d'en Grassot i Gràcia Nova,131,6066,..,2,6
2010,6,Gràcia,32,el Camp d'en Grassot i Gràcia Nova,131,6066,..,2,7
2010,6,Gràcia,32,el Camp d'en Grassot i Gràcia Nova,131,6066,..,2,8
2010,6,Gràcia,32,el Camp d'en Grassot i Gràcia Nova,131,6066,..,2,10
2010,6,Gràcia,32,el Camp d'en Grassot i Gràcia Nova,131,6066,..,2,11
2010,6,Gràcia,32,el Camp d'en Grassot i Gràcia Nova,131,6067,..,1,0
2010,6,Gràcia,32,el Camp d'en Grassot i Gràcia Nova,131,6067,..,1,3
2010,6,Gràcia,32,el Camp d'en Grassot i Gràcia Nova,131,6067,9,1,4
2010,6,Gràcia,32,el Camp d'en Grassot i Gràcia Nova,131,6067,25,1,5
2010,6,Gràcia,32,el Camp d'en Grassot i Gràcia Nova,131,6067,8,1,6
2010,6,Gràcia,32,el Camp d'en Grassot i Gràcia Nova,131,6067,..,1,7
2010,6,Gràcia,32,el Camp d'en Grassot i Gràcia Nova,131,6067,..,1,8
2010,6,Gràcia,32,el Camp d'en Grassot i Gràcia Nova,131,6067,..,1,9
2010,6,Gràcia,32,el Camp d'en Grassot i Gràcia Nova,131,6067,..,1,10
2010,6,Gràcia,32,el Camp d'en Grassot i Gràcia Nova,131,6067,..,1,11
2010,6,Gràcia,32,el Camp d'en Grassot i Gràcia Nova,131,6067,..,1,12
2010,6,Gràcia,32,el Camp d'en Grassot i Gràcia Nova,131,6067,..,1,13
2010,6,Gràcia,32,el Camp d'en Grassot i Gràcia Nova,131,6067,..,1,16
2010,6,Gràcia,32,el Camp d'en Grassot i Gràcia Nova,131,6067,..,1,17
2010,6,Gràcia,32,el Camp d'en Grassot i Gràcia Nova,131,6067,..,2,0
2010,6,Gràcia,32,el Camp d'en Grassot i Gràcia Nova,131,6067,..,2,1
2010,6,Gràcia,32,el Camp d'en Grassot i Gràcia Nova,131,6067,..,2,2
2010,6,Gràcia,32,el Camp d'en Grassot i Gràcia Nova,131,6067,..,2,4
2010,6,Gràcia,32,el Camp d'en Grassot i Gràcia Nova,131,6067,13,2,5
2010,6,Gràcia,32,el Camp d'en Grassot i Gràcia Nova,131,6067,10,2,6
2010,6,Gràcia,32,el Camp d'en Grassot i Gràcia Nova,131,6067,..,2,7
2010,6,Gràcia,32,el Camp d'en Grassot i Gràcia Nova,131,6067,..,2,8
2010,6,Gràcia,32,el Camp d'en Grassot i Gràcia Nova,131,6067,..,2,9
2010,6,Gràcia,32,el Camp d'en Grassot i Gràcia Nova,131,6067,..,2,10
2010,6,Gràcia,32,el Camp d'en Grassot i Gràcia Nova,131,6067,..,2,11
2010,6,Gràcia,32,el Camp d'en Grassot i Gràcia Nova,131,6067,..,2,12
2010,6,Gràcia,32,el Camp d'en Grassot i Gràcia Nova,131,6068,..,1,0
2010,6,Gràcia,32,el Camp d'en Grassot i Gràcia Nova,131,6068,..,1,1
2010,6,Gràcia,32,el Camp d'en Grassot i Gràcia Nova,131,6068,..,1,2
2010,6,Gràcia,32,el Camp d'en Grassot i Gràcia Nova,131,6068,..,1,3
2010,6,Gràcia,32,el Camp d'en Grassot i Gràcia Nova,131,6068,6,1,4
2010,6,Gràcia,32,el Camp d'en Grassot i Gràcia Nova,131,6068,16,1,5
2010,6,Gràcia,32,el Camp d'en Grassot i Gràcia Nova,131,6068,8,1,6
2010,6,Gràcia,32,el Camp d'en Grassot i Gràcia Nova,131,6068,..,1,7
2010,6,Gràcia,32,el Camp d'en Grassot i Gràcia Nova,131,6068,..,1,8
2010,6,Gràcia,32,el Camp d'en Grassot i Gràcia Nova,131,6068,..,1,9
2010,6,Gràcia,32,el Camp d'en Grassot i Gràcia Nova,131,6068,..,1,10
2010,6,Gràcia,32,el Camp d'en Grassot i Gràcia Nova,131,6068,..,1,11
2010,6,Gràcia,32,el Camp d'en Grassot i Gràcia Nova,131,6068,..,1,12
2010,6,Gràcia,32,el Camp d'en Grassot i Gràcia Nova,131,6068,..,1,15
2010,6,Gràcia,32,el Camp d'en Grassot i Gràcia Nova,131,6068,..,1,17
2010,6,Gràcia,32,el Camp d'en Grassot i Gràcia Nova,131,6068,..,2,0
2010,6,Gràcia,32,el Camp d'en Grassot i Gràcia Nova,131,6068,..,2,3
2010,6,Gràcia,32,el Camp d'en Grassot i Gràcia Nova,131,6068,..,2,4
2010,6,Gràcia,32,el Camp d'en Grassot i Gràcia Nova,131,6068,9,2,5
2010,6,Gràcia,32,el Camp d'en Grassot i Gràcia Nova,131,6068,7,2,6
2010,6,Gràcia,32,el Camp d'en Grassot i Gràcia Nova,131,6068,7,2,7
2010,6,Gràcia,32,el Camp d'en Grassot i Gràcia Nova,131,6068,..,2,8
2010,6,Gràcia,32,el Camp d'en Grassot i Gràcia Nova,131,6068,..,2,9
2010,6,Gràcia,32,el Camp d'en Grassot i Gràcia Nova,131,6068,..,2,10
2010,6,Gràcia,32,el Camp d'en Grassot i Gràcia Nova,131,6068,..,2,11
2010,6,Gràcia,32,el Camp d'en Grassot i Gràcia Nova,131,6068,..,2,13
2010,6,Gràcia,32,el Camp d'en Grassot i Gràcia Nova,131,6069,..,1,2
2010,6,Gràcia,32,el Camp d'en Grassot i Gràcia Nova,131,6069,..,1,4
2010,6,Gràcia,32,el Camp d'en Grassot i Gràcia Nova,131,6069,..,1,5
2010,6,Gràcia,32,el Camp d'en Grassot i Gràcia Nova,131,6069,5,1,6
2010,6,Gràcia,32,el Camp d'en Grassot i Gràcia Nova,131,6069,..,1,7
2010,6,Gràcia,32,el Camp d'en Grassot i Gràcia Nova,131,6069,..,1,8
2010,6,Gràcia,32,el Camp d'en Grassot i Gràcia Nova,131,6069,..,1,9
2010,6,Gràcia,32,el Camp d'en Grassot i Gràcia Nova,131,6069,..,1,11
2010,6,Gràcia,32,el Camp d'en Grassot i Gràcia Nova,131,6069,..,1,12
2010,6,Gràcia,32,el Camp d'en Grassot i Gràcia Nova,131,6069,..,1,14
2010,6,Gràcia,32,el Camp d'en Grassot i Gràcia Nova,131,6069,..,2,0
2010,6,Gràcia,32,el Camp d'en Grassot i Gràcia Nova,131,6069,..,2,1
2010,6,Gràcia,32,el Camp d'en Grassot i Gràcia Nova,131,6069,..,2,3
2010,6,Gràcia,32,el Camp d'en Grassot i Gràcia Nova,131,6069,..,2,4
2010,6,Gràcia,32,el Camp d'en Grassot i Gràcia Nova,131,6069,..,2,5
2010,6,Gràcia,32,el Camp d'en Grassot i Gràcia Nova,131,6069,6,2,6
2010,6,Gràcia,32,el Camp d'en Grassot i Gràcia Nova,131,6069,..,2,7
2010,6,Gràcia,32,el Camp d'en Grassot i Gràcia Nova,131,6069,..,2,13
2010,6,Gràcia,32,el Camp d'en Grassot i Gràcia Nova,131,6069,..,2,14
2010,6,Gràcia,32,el Camp d'en Grassot i Gràcia Nova,131,6069,..,2,17
2010,6,Gràcia,32,el Camp d'en Grassot i Gràcia Nova,131,6070,6,1,0
2010,6,Gràcia,32,el Camp d'en Grassot i Gràcia Nova,131,6070,..,1,1
2010,6,Gràcia,32,el Camp d'en Grassot i Gràcia Nova,131,6070,..,1,3
2010,6,Gràcia,32,el Camp d'en Grassot i Gràcia Nova,131,6070,7,1,4
2010,6,Gràcia,32,el Camp d'en Grassot i Gràcia Nova,131,6070,18,1,5
2010,6,Gràcia,32,el Camp d'en Grassot i Gràcia Nova,131,6070,9,1,6
2010,6,Gràcia,32,el Camp d'en Grassot i Gràcia Nova,131,6070,6,1,7
2010,6,Gràcia,32,el Camp d'en Grassot i Gràcia Nova,131,6070,..,1,8
2010,6,Gràcia,32,el Camp d'en Grassot i Gràcia Nova,131,6070,..,1,9
2010,6,Gràcia,32,el Camp d'en Grassot i Gràcia Nova,131,6070,..,1,10
2010,6,Gràcia,32,el Camp d'en Grassot i Gràcia Nova,131,6070,..,1,11
2010,6,Gràcia,32,el Camp d'en Grassot i Gràcia Nova,131,6070,..,1,12
2010,6,Gràcia,32,el Camp d'en Grassot i Gràcia Nova,131,6070,..,1,17
2010,6,Gràcia,32,el Camp d'en Grassot i Gràcia Nova,131,6070,..,2,0
2010,6,Gràcia,32,el Camp d'en Grassot i Gràcia Nova,131,6070,..,2,1
2010,6,Gràcia,32,el Camp d'en Grassot i Gràcia Nova,131,6070,..,2,2
2010,6,Gràcia,32,el Camp d'en Grassot i Gràcia Nova,131,6070,..,2,3
2010,6,Gràcia,32,el Camp d'en Grassot i Gràcia Nova,131,6070,9,2,4
2010,6,Gràcia,32,el Camp d'en Grassot i Gràcia Nova,131,6070,12,2,5
2010,6,Gràcia,32,el Camp d'en Grassot i Gràcia Nova,131,6070,17,2,6
2010,6,Gràcia,32,el Camp d'en Grassot i Gràcia Nova,131,6070,..,2,7
2010,6,Gràcia,32,el Camp d'en Grassot i Gràcia Nova,131,6070,..,2,8
2010,6,Gràcia,32,el Camp d'en Grassot i Gràcia Nova,131,6070,..,2,9
2010,6,Gràcia,32,el Camp d'en Grassot i Gràcia Nova,131,6070,..,2,10
2010,6,Gràcia,32,el Camp d'en Grassot i Gràcia Nova,131,6070,..,2,11
2010,6,Gràcia,32,el Camp d'en Grassot i Gràcia Nova,131,6070,..,2,12
2010,6,Gràcia,32,el Camp d'en Grassot i Gràcia Nova,131,6070,..,2,14
2010,6,Gràcia,32,el Camp d'en Grassot i Gràcia Nova,132,6071,..,1,0
2010,6,Gràcia,32,el Camp d'en Grassot i Gràcia Nova,132,6071,..,1,4
2010,6,Gràcia,32,el Camp d'en Grassot i Gràcia Nova,132,6071,5,1,5
2010,6,Gràcia,32,el Camp d'en Grassot i Gràcia Nova,132,6071,..,1,6
2010,6,Gràcia,32,el Camp d'en Grassot i Gràcia Nova,132,6071,..,1,7
2010,6,Gràcia,32,el Camp d'en Grassot i Gràcia Nova,132,6071,..,1,8
2010,6,Gràcia,32,el Camp d'en Grassot i Gràcia Nova,132,6071,..,1,9
2010,6,Gràcia,32,el Camp d'en Grassot i Gràcia Nova,132,6071,..,1,10
2010,6,Gràcia,32,el Camp d'en Grassot i Gràcia Nova,132,6071,..,1,11
2010,6,Gràcia,32,el Camp d'en Grassot i Gràcia Nova,132,6071,..,1,12
2010,6,Gràcia,32,el Camp d'en Grassot i Gràcia Nova,132,6071,..,1,13
2010,6,Gràcia,32,el Camp d'en Grassot i Gràcia Nova,132,6071,..,1,19
2010,6,Gràcia,32,el Camp d'en Grassot i Gràcia Nova,132,6071,..,2,4
2010,6,Gràcia,32,el Camp d'en Grassot i Gràcia Nova,132,6071,6,2,5
2010,6,Gràcia,32,el Camp d'en Grassot i Gràcia Nova,132,6071,8,2,6
2010,6,Gràcia,32,el Camp d'en Grassot i Gràcia Nova,132,6071,..,2,9
2010,6,Gràcia,32,el Camp d'en Grassot i Gràcia Nova,132,6071,..,2,10
2010,6,Gràcia,32,el Camp d'en Grassot i Gràcia Nova,132,6071,..,2,13
2010,6,Gràcia,32,el Camp d'en Grassot i Gràcia Nova,132,6071,..,2,15
2010,6,Gràcia,32,el Camp d'en Grassot i Gràcia Nova,132,6072,..,1,0
2010,6,Gràcia,32,el Camp d'en Grassot i Gràcia Nova,132,6072,..,1,2
2010,6,Gràcia,32,el Camp d'en Grassot i Gràcia Nova,132,6072,..,1,3
2010,6,Gràcia,32,el Camp d'en Grassot i Gràcia Nova,132,6072,5,1,4
2010,6,Gràcia,32,el Camp d'en Grassot i Gràcia Nova,132,6072,11,1,5
2010,6,Gràcia,32,el Camp d'en Grassot i Gràcia Nova,132,6072,8,1,6
2010,6,Gràcia,32,el Camp d'en Grassot i Gràcia Nova,132,6072,6,1,7
2010,6,Gràcia,32,el Camp d'en Grassot i Gràcia Nova,132,6072,5,1,9
2010,6,Gràcia,32,el Camp d'en Grassot i Gràcia Nova,132,6072,..,1,10
2010,6,Gràcia,32,el Camp d'en Grassot i Gràcia Nova,132,6072,..,1,11
2010,6,Gràcia,32,el Camp d'en Grassot i Gràcia Nova,132,6072,..,1,13
2010,6,Gràcia,32,el Camp d'en Grassot i Gràcia Nova,132,6072,..,1,16
2010,6,Gràcia,32,el Camp d'en Grassot i Gràcia Nova,132,6072,..,2,1
2010,6,Gràcia,32,el Camp d'en Grassot i Gràcia Nova,132,6072,..,2,4
2010,6,Gràcia,32,el Camp d'en Grassot i Gràcia Nova,132,6072,9,2,5
2010,6,Gràcia,32,el Camp d'en Grassot i Gràcia Nova,132,6072,7,2,6
2010,6,Gràcia,32,el Camp d'en Grassot i Gràcia Nova,132,6072,5,2,7
2010,6,Gràcia,32,el Camp d'en Grassot i Gràcia Nova,132,6072,..,2,8
2010,6,Gràcia,32,el Camp d'en Grassot i Gràcia Nova,132,6072,..,2,9
2010,6,Gràcia,32,el Camp d'en Grassot i Gràcia Nova,132,6072,..,2,10
2010,6,Gràcia,32,el Camp d'en Grassot i Gràcia Nova,132,6072,..,2,12
2010,6,Gràcia,32,el Camp d'en Grassot i Gràcia Nova,132,6072,..,2,13
2010,6,Gràcia,32,el Camp d'en Grassot i Gràcia Nova,132,6072,..,2,16
2010,6,Gràcia,32,el Camp d'en Grassot i Gràcia Nova,132,6073,..,1,0
2010,6,Gràcia,32,el Camp d'en Grassot i Gràcia Nova,132,6073,..,1,1
2010,6,Gràcia,32,el Camp d'en Grassot i Gràcia Nova,132,6073,..,1,2
2010,6,Gràcia,32,el Camp d'en Grassot i Gràcia Nova,132,6073,7,1,4
2010,6,Gràcia,32,el Camp d'en Grassot i Gràcia Nova,132,6073,13,1,5
2010,6,Gràcia,32,el Camp d'en Grassot i Gràcia Nova,132,6073,5,1,6
2010,6,Gràcia,32,el Camp d'en Grassot i Gràcia Nova,132,6073,..,1,7
2010,6,Gràcia,32,el Camp d'en Grassot i Gràcia Nova,132,6073,..,1,8
2010,6,Gràcia,32,el Camp d'en Grassot i Gràcia Nova,132,6073,..,1,9
2010,6,Gràcia,32,el Camp d'en Grassot i Gràcia Nova,132,6073,..,1,10
2010,6,Gràcia,32,el Camp d'en Grassot i Gràcia Nova,132,6073,..,1,12
2010,6,Gràcia,32,el Camp d'en Grassot i Gràcia Nova,132,6073,..,1,13
2010,6,Gràcia,32,el Camp d'en Grassot i Gràcia Nova,132,6073,..,1,14
2010,6,Gràcia,32,el Camp d'en Grassot i Gràcia Nova,132,6073,..,1,17
2010,6,Gràcia,32,el Camp d'en Grassot i Gràcia Nova,132,6073,..,2,0
2010,6,Gràcia,32,el Camp d'en Grassot i Gràcia Nova,132,6073,..,2,1
2010,6,Gràcia,32,el Camp d'en Grassot i Gràcia Nova,132,6073,7,2,4
2010,6,Gràcia,32,el Camp d'en Grassot i Gràcia Nova,132,6073,6,2,5
2010,6,Gràcia,32,el Camp d'en Grassot i Gràcia Nova,132,6073,5,2,6
2010,6,Gràcia,32,el Camp d'en Grassot i Gràcia Nova,132,6073,..,2,7
2010,6,Gràcia,32,el Camp d'en Grassot i Gràcia Nova,132,6073,..,2,8
2010,6,Gràcia,32,el Camp d'en Grassot i Gràcia Nova,132,6073,..,2,9
2010,6,Gràcia,32,el Camp d'en Grassot i Gràcia Nova,132,6073,..,2,11
2010,6,Gràcia,32,el Camp d'en Grassot i Gràcia Nova,132,6073,..,2,12
2010,6,Gràcia,32,el Camp d'en Grassot i Gràcia Nova,132,6073,..,2,13
2010,6,Gràcia,32,el Camp d'en Grassot i Gràcia Nova,132,6073,..,2,16
2010,6,Gràcia,32,el Camp d'en Grassot i Gràcia Nova,132,6073,..,2,18
2010,6,Gràcia,32,el Camp d'en Grassot i Gràcia Nova,132,6074,..,1,0
2010,6,Gràcia,32,el Camp d'en Grassot i Gràcia Nova,132,6074,..,1,1
2010,6,Gràcia,32,el Camp d'en Grassot i Gràcia Nova,132,6074,..,1,2
2010,6,Gràcia,32,el Camp d'en Grassot i Gràcia Nova,132,6074,..,1,3
2010,6,Gràcia,32,el Camp d'en Grassot i Gràcia Nova,132,6074,..,1,4
2010,6,Gràcia,32,el Camp d'en Grassot i Gràcia Nova,132,6074,5,1,5
2010,6,Gràcia,32,el Camp d'en Grassot i Gràcia Nova,132,6074,5,1,6
2010,6,Gràcia,32,el Camp d'en Grassot i Gràcia Nova,132,6074,..,1,7
2010,6,Gràcia,32,el Camp d'en Grassot i Gràcia Nova,132,6074,..,1,8
2010,6,Gràcia,32,el Camp d'en Grassot i Gràcia Nova,132,6074,..,1,9
2010,6,Gràcia,32,el Camp d'en Grassot i Gràcia Nova,132,6074,..,1,10
2010,6,Gràcia,32,el Camp d'en Grassot i Gràcia Nova,132,6074,5,1,11
2010,6,Gràcia,32,el Camp d'en Grassot i Gràcia Nova,132,6074,..,1,12
2010,6,Gràcia,32,el Camp d'en Grassot i Gràcia Nova,132,6074,..,1,18
2010,6,Gràcia,32,el Camp d'en Grassot i Gràcia Nova,132,6074,..,2,0
2010,6,Gràcia,32,el Camp d'en Grassot i Gràcia Nova,132,6074,..,2,1
2010,6,Gràcia,32,el Camp d'en Grassot i Gràcia Nova,132,6074,..,2,4
2010,6,Gràcia,32,el Camp d'en Grassot i Gràcia Nova,132,6074,..,2,5
2010,6,Gràcia,32,el Camp d'en Grassot i Gràcia Nova,132,6074,7,2,6
2010,6,Gràcia,32,el Camp d'en Grassot i Gràcia Nova,132,6074,..,2,7
2010,6,Gràcia,32,el Camp d'en Grassot i Gràcia Nova,132,6074,..,2,8
2010,6,Gràcia,32,el Camp d'en Grassot i Gràcia Nova,132,6074,..,2,9
2010,6,Gràcia,32,el Camp d'en Grassot i Gràcia Nova,132,6074,..,2,11
2010,6,Gràcia,32,el Camp d'en Grassot i Gràcia Nova,132,6074,..,2,15
2010,6,Gràcia,32,el Camp d'en Grassot i Gràcia Nova,132,6075,..,1,4
2010,6,Gràcia,32,el Camp d'en Grassot i Gràcia Nova,132,6075,5,1,5
2010,6,Gràcia,32,el Camp d'en Grassot i Gràcia Nova,132,6075,..,1,6
2010,6,Gràcia,32,el Camp d'en Grassot i Gràcia Nova,132,6075,..,1,7
2010,6,Gràcia,32,el Camp d'en Grassot i Gràcia Nova,132,6075,..,1,9
2010,6,Gràcia,32,el Camp d'en Grassot i Gràcia Nova,132,6075,..,1,10
2010,6,Gràcia,32,el Camp d'en Grassot i Gràcia Nova,132,6075,..,2,0
2010,6,Gràcia,32,el Camp d'en Grassot i Gràcia Nova,132,6075,..,2,2
2010,6,Gràcia,32,el Camp d'en Grassot i Gràcia Nova,132,6075,..,2,3
2010,6,Gràcia,32,el Camp d'en Grassot i Gràcia Nova,132,6075,..,2,5
2010,6,Gràcia,32,el Camp d'en Grassot i Gràcia Nova,132,6075,..,2,6
2010,6,Gràcia,32,el Camp d'en Grassot i Gràcia Nova,132,6075,..,2,7
2010,6,Gràcia,32,el Camp d'en Grassot i Gràcia Nova,132,6075,..,2,8
2010,6,Gràcia,32,el Camp d'en Grassot i Gràcia Nova,132,6075,..,2,10
2010,6,Gràcia,32,el Camp d'en Grassot i Gràcia Nova,132,6075,..,2,13
2010,6,Gràcia,32,el Camp d'en Grassot i Gràcia Nova,132,6076,..,1,0
2010,6,Gràcia,32,el Camp d'en Grassot i Gràcia Nova,132,6076,..,1,4
2010,6,Gràcia,32,el Camp d'en Grassot i Gràcia Nova,132,6076,..,1,5
2010,6,Gràcia,32,el Camp d'en Grassot i Gràcia Nova,132,6076,5,1,6
2010,6,Gràcia,32,el Camp d'en Grassot i Gràcia Nova,132,6076,..,1,7
2010,6,Gràcia,32,el Camp d'en Grassot i Gràcia Nova,132,6076,..,1,8
2010,6,Gràcia,32,el Camp d'en Grassot i Gràcia Nova,132,6076,..,1,9
2010,6,Gràcia,32,el Camp d'en Grassot i Gràcia Nova,132,6076,..,1,10
2010,6,Gràcia,32,el Camp d'en Grassot i Gràcia Nova,132,6076,..,1,11
2010,6,Gràcia,32,el Camp d'en Grassot i Gràcia Nova,132,6076,..,1,12
2010,6,Gràcia,32,el Camp d'en Grassot i Gràcia Nova,132,6076,..,1,16
2010,6,Gràcia,32,el Camp d'en Grassot i Gràcia Nova,132,6076,..,1,17
2010,6,Gràcia,32,el Camp d'en Grassot i Gràcia Nova,132,6076,..,2,0
2010,6,Gràcia,32,el Camp d'en Grassot i Gràcia Nova,132,6076,..,2,1
2010,6,Gràcia,32,el Camp d'en Grassot i Gràcia Nova,132,6076,..,2,3
2010,6,Gràcia,32,el Camp d'en Grassot i Gràcia Nova,132,6076,..,2,4
2010,6,Gràcia,32,el Camp d'en Grassot i Gràcia Nova,132,6076,6,2,5
2010,6,Gràcia,32,el Camp d'en Grassot i Gràcia Nova,132,6076,..,2,6
2010,6,Gràcia,32,el Camp d'en Grassot i Gràcia Nova,132,6076,..,2,7
2010,6,Gràcia,32,el Camp d'en Grassot i Gràcia Nova,132,6076,..,2,8
2010,6,Gràcia,32,el Camp d'en Grassot i Gràcia Nova,132,6076,..,2,9
2010,6,Gràcia,32,el Camp d'en Grassot i Gràcia Nova,132,6076,..,2,10
2010,6,Gràcia,32,el Camp d'en Grassot i Gràcia Nova,132,6076,..,2,11
2010,6,Gràcia,32,el Camp d'en Grassot i Gràcia Nova,132,6076,..,2,12
2010,6,Gràcia,32,el Camp d'en Grassot i Gràcia Nova,132,6076,..,2,13
2010,6,Gràcia,32,el Camp d'en Grassot i Gràcia Nova,132,6076,..,2,16
2010,6,Gràcia,32,el Camp d'en Grassot i Gràcia Nova,132,6076,..,2,17
2010,6,Gràcia,32,el Camp d'en Grassot i Gràcia Nova,133,6077,..,1,0
2010,6,Gràcia,32,el Camp d'en Grassot i Gràcia Nova,133,6077,..,1,1
2010,6,Gràcia,32,el Camp d'en Grassot i Gràcia Nova,133,6077,..,1,2
2010,6,Gràcia,32,el Camp d'en Grassot i Gràcia Nova,133,6077,..,1,3
2010,6,Gràcia,32,el Camp d'en Grassot i Gràcia Nova,133,6077,..,1,4
2010,6,Gràcia,32,el Camp d'en Grassot i Gràcia Nova,133,6077,18,1,5
2010,6,Gràcia,32,el Camp d'en Grassot i Gràcia Nova,133,6077,..,1,6
2010,6,Gràcia,32,el Camp d'en Grassot i Gràcia Nova,133,6077,..,1,7
2010,6,Gràcia,32,el Camp d'en Grassot i Gràcia Nova,133,6077,..,1,9
2010,6,Gràcia,32,el Camp d'en Grassot i Gràcia Nova,133,6077,..,1,12
2010,6,Gràcia,32,el Camp d'en Grassot i Gràcia Nova,133,6077,..,2,0
2010,6,Gràcia,32,el Camp d'en Grassot i Gràcia Nova,133,6077,..,2,2
2010,6,Gràcia,32,el Camp d'en Grassot i Gràcia Nova,133,6077,..,2,4
2010,6,Gràcia,32,el Camp d'en Grassot i Gràcia Nova,133,6077,7,2,5
2010,6,Gràcia,32,el Camp d'en Grassot i Gràcia Nova,133,6077,..,2,6
2010,6,Gràcia,32,el Camp d'en Grassot i Gràcia Nova,133,6077,7,2,7
2010,6,Gràcia,32,el Camp d'en Grassot i Gràcia Nova,133,6077,..,2,8
2010,6,Gràcia,32,el Camp d'en Grassot i Gràcia Nova,133,6077,..,2,9
2010,6,Gràcia,32,el Camp d'en Grassot i Gràcia Nova,133,6078,..,1,2
2010,6,Gràcia,32,el Camp d'en Grassot i Gràcia Nova,133,6078,..,1,4
2010,6,Gràcia,32,el Camp d'en Grassot i Gràcia Nova,133,6078,10,1,5
2010,6,Gràcia,32,el Camp d'en Grassot i Gràcia Nova,133,6078,8,1,6
2010,6,Gràcia,32,el Camp d'en Grassot i Gràcia Nova,133,6078,..,1,7
2010,6,Gràcia,32,el Camp d'en Grassot i Gràcia Nova,133,6078,..,1,9
2010,6,Gràcia,32,el Camp d'en Grassot i Gràcia Nova,133,6078,..,1,10
2010,6,Gràcia,32,el Camp d'en Grassot i Gràcia Nova,133,6078,..,1,14
2010,6,Gràcia,32,el Camp d'en Grassot i Gràcia Nova,133,6078,..,1,15
2010,6,Gràcia,32,el Camp d'en Grassot i Gràcia Nova,133,6078,..,1,16
2010,6,Gràcia,32,el Camp d'en Grassot i Gràcia Nova,133,6078,..,1,17
2010,6,Gràcia,32,el Camp d'en Grassot i Gràcia Nova,133,6078,..,2,0
2010,6,Gràcia,32,el Camp d'en Grassot i Gràcia Nova,133,6078,..,2,1
2010,6,Gràcia,32,el Camp d'en Grassot i Gràcia Nova,133,6078,..,2,3
2010,6,Gràcia,32,el Camp d'en Grassot i Gràcia Nova,133,6078,..,2,4
2010,6,Gràcia,32,el Camp d'en Grassot i Gràcia Nova,133,6078,9,2,5
2010,6,Gràcia,32,el Camp d'en Grassot i Gràcia Nova,133,6078,..,2,6
2010,6,Gràcia,32,el Camp d'en Grassot i Gràcia Nova,133,6078,5,2,7
2010,6,Gràcia,32,el Camp d'en Grassot i Gràcia Nova,133,6078,..,2,8
2010,6,Gràcia,32,el Camp d'en Grassot i Gràcia Nova,133,6078,..,2,10
2010,6,Gràcia,32,el Camp d'en Grassot i Gràcia Nova,133,6078,..,2,14
2010,6,Gràcia,32,el Camp d'en Grassot i Gràcia Nova,133,6078,..,2,15
2010,6,Gràcia,32,el Camp d'en Grassot i Gràcia Nova,133,6079,..,1,0
2010,6,Gràcia,32,el Camp d'en Grassot i Gràcia Nova,133,6079,..,1,2
2010,6,Gràcia,32,el Camp d'en Grassot i Gràcia Nova,133,6079,..,1,3
2010,6,Gràcia,32,el Camp d'en Grassot i Gràcia Nova,133,6079,..,1,4
2010,6,Gràcia,32,el Camp d'en Grassot i Gràcia Nova,133,6079,7,1,5
2010,6,Gràcia,32,el Camp d'en Grassot i Gràcia Nova,133,6079,..,1,6
2010,6,Gràcia,32,el Camp d'en Grassot i Gràcia Nova,133,6079,..,1,7
2010,6,Gràcia,32,el Camp d'en Grassot i Gràcia Nova,133,6079,..,1,10
2010,6,Gràcia,32,el Camp d'en Grassot i Gràcia Nova,133,6079,..,1,12
2010,6,Gràcia,32,el Camp d'en Grassot i Gràcia Nova,133,6079,..,2,4
2010,6,Gràcia,32,el Camp d'en Grassot i Gràcia Nova,133,6079,..,2,5
2010,6,Gràcia,32,el Camp d'en Grassot i Gràcia Nova,133,6079,..,2,6
2010,6,Gràcia,32,el Camp d'en Grassot i Gràcia Nova,133,6079,..,2,7
2010,6,Gràcia,32,el Camp d'en Grassot i Gràcia Nova,133,6079,..,2,9
2010,6,Gràcia,32,el Camp d'en Grassot i Gràcia Nova,133,6079,..,2,13
2010,6,Gràcia,32,el Camp d'en Grassot i Gràcia Nova,133,6079,..,2,14
2010,6,Gràcia,32,el Camp d'en Grassot i Gràcia Nova,133,6080,..,1,3
2010,6,Gràcia,32,el Camp d'en Grassot i Gràcia Nova,133,6080,..,1,4
2010,6,Gràcia,32,el Camp d'en Grassot i Gràcia Nova,133,6080,..,1,5
2010,6,Gràcia,32,el Camp d'en Grassot i Gràcia Nova,133,6080,..,1,6
2010,6,Gràcia,32,el Camp d'en Grassot i Gràcia Nova,133,6080,..,1,7
2010,6,Gràcia,32,el Camp d'en Grassot i Gràcia Nova,133,6080,..,1,11
2010,6,Gràcia,32,el Camp d'en Grassot i Gràcia Nova,133,6080,..,1,12
2010,6,Gràcia,32,el Camp d'en Grassot i Gràcia Nova,133,6080,..,2,3
2010,6,Gràcia,32,el Camp d'en Grassot i Gràcia Nova,133,6080,..,2,4
2010,6,Gràcia,32,el Camp d'en Grassot i Gràcia Nova,133,6080,6,2,5
2010,6,Gràcia,32,el Camp d'en Grassot i Gràcia Nova,133,6080,..,2,6
2010,6,Gràcia,32,el Camp d'en Grassot i Gràcia Nova,133,6080,..,2,7
2010,6,Gràcia,32,el Camp d'en Grassot i Gràcia Nova,133,6080,..,2,8
2010,6,Gràcia,32,el Camp d'en Grassot i Gràcia Nova,133,6080,..,2,9
2010,6,Gràcia,32,el Camp d'en Grassot i Gràcia Nova,133,6080,..,2,10
2010,6,Gràcia,32,el Camp d'en Grassot i Gràcia Nova,133,6080,..,2,12
2010,6,Gràcia,32,el Camp d'en Grassot i Gràcia Nova,133,6080,..,2,16
2010,6,Gràcia,32,el Camp d'en Grassot i Gràcia Nova,133,6081,..,1,0
2010,6,Gràcia,32,el Camp d'en Grassot i Gràcia Nova,133,6081,..,1,1
2010,6,Gràcia,32,el Camp d'en Grassot i Gràcia Nova,133,6081,..,1,3
2010,6,Gràcia,32,el Camp d'en Grassot i Gràcia Nova,133,6081,..,1,4
2010,6,Gràcia,32,el Camp d'en Grassot i Gràcia Nova,133,6081,5,1,5
2010,6,Gràcia,32,el Camp d'en Grassot i Gràcia Nova,133,6081,6,1,6
2010,6,Gràcia,32,el Camp d'en Grassot i Gràcia Nova,133,6081,..,1,7
2010,6,Gràcia,32,el Camp d'en Grassot i Gràcia Nova,133,6081,..,1,11
2010,6,Gràcia,32,el Camp d'en Grassot i Gràcia Nova,133,6081,..,1,12
2010,6,Gràcia,32,el Camp d'en Grassot i Gràcia Nova,133,6081,..,2,0
2010,6,Gràcia,32,el Camp d'en Grassot i Gràcia Nova,133,6081,..,2,3
2010,6,Gràcia,32,el Camp d'en Grassot i Gràcia Nova,133,6081,..,2,4
2010,6,Gràcia,32,el Camp d'en Grassot i Gràcia Nova,133,6081,8,2,5
2010,6,Gràcia,32,el Camp d'en Grassot i Gràcia Nova,133,6081,7,2,6
2010,6,Gràcia,32,el Camp d'en Grassot i Gràcia Nova,133,6081,..,2,7
2010,6,Gràcia,32,el Camp d'en Grassot i Gràcia Nova,133,6081,..,2,8
2010,6,Gràcia,32,el Camp d'en Grassot i Gràcia Nova,133,6081,..,2,9
2010,6,Gràcia,32,el Camp d'en Grassot i Gràcia Nova,133,6081,..,2,10
2010,6,Gràcia,32,el Camp d'en Grassot i Gràcia Nova,133,6081,..,2,16
2010,6,Gràcia,32,el Camp d'en Grassot i Gràcia Nova,134,6082,..,1,0
2010,6,Gràcia,32,el Camp d'en Grassot i Gràcia Nova,134,6082,..,1,1
2010,6,Gràcia,32,el Camp d'en Grassot i Gràcia Nova,134,6082,..,1,3
2010,6,Gràcia,32,el Camp d'en Grassot i Gràcia Nova,134,6082,..,1,4
2010,6,Gràcia,32,el Camp d'en Grassot i Gràcia Nova,134,6082,9,1,5
2010,6,Gràcia,32,el Camp d'en Grassot i Gràcia Nova,134,6082,5,1,6
2010,6,Gràcia,32,el Camp d'en Grassot i Gràcia Nova,134,6082,7,1,7
2010,6,Gràcia,32,el Camp d'en Grassot i Gràcia Nova,134,6082,..,1,9
2010,6,Gràcia,32,el Camp d'en Grassot i Gràcia Nova,134,6082,..,1,10
2010,6,Gràcia,32,el Camp d'en Grassot i Gràcia Nova,134,6082,..,1,12
2010,6,Gràcia,32,el Camp d'en Grassot i Gràcia Nova,134,6082,..,1,13
2010,6,Gràcia,32,el Camp d'en Grassot i Gràcia Nova,134,6082,..,2,0
2010,6,Gràcia,32,el Camp d'en Grassot i Gràcia Nova,134,6082,..,2,2
2010,6,Gràcia,32,el Camp d'en Grassot i Gràcia Nova,134,6082,..,2,3
2010,6,Gràcia,32,el Camp d'en Grassot i Gràcia Nova,134,6082,6,2,4
2010,6,Gràcia,32,el Camp d'en Grassot i Gràcia Nova,134,6082,6,2,5
2010,6,Gràcia,32,el Camp d'en Grassot i Gràcia Nova,134,6082,8,2,6
2010,6,Gràcia,32,el Camp d'en Grassot i Gràcia Nova,134,6082,..,2,7
2010,6,Gràcia,32,el Camp d'en Grassot i Gràcia Nova,134,6082,..,2,8
2010,6,Gràcia,32,el Camp d'en Grassot i Gràcia Nova,134,6082,..,2,9
2010,6,Gràcia,32,el Camp d'en Grassot i Gràcia Nova,134,6082,..,2,10
2010,6,Gràcia,32,el Camp d'en Grassot i Gràcia Nova,134,6082,..,2,11
2010,6,Gràcia,32,el Camp d'en Grassot i Gràcia Nova,134,6082,..,2,13
2010,6,Gràcia,32,el Camp d'en Grassot i Gràcia Nova,134,6083,..,1,3
2010,6,Gràcia,32,el Camp d'en Grassot i Gràcia Nova,134,6083,8,1,4
2010,6,Gràcia,32,el Camp d'en Grassot i Gràcia Nova,134,6083,9,1,5
2010,6,Gràcia,32,el Camp d'en Grassot i Gràcia Nova,134,6083,7,1,6
2010,6,Gràcia,32,el Camp d'en Grassot i Gràcia Nova,134,6083,..,1,7
2010,6,Gràcia,32,el Camp d'en Grassot i Gràcia Nova,134,6083,..,1,8
2010,6,Gràcia,32,el Camp d'en Grassot i Gràcia Nova,134,6083,..,1,10
2010,6,Gràcia,32,el Camp d'en Grassot i Gràcia Nova,134,6083,..,1,12
2010,6,Gràcia,32,el Camp d'en Grassot i Gràcia Nova,134,6083,..,1,15
2010,6,Gràcia,32,el Camp d'en Grassot i Gràcia Nova,134,6083,..,1,16
2010,6,Gràcia,32,el Camp d'en Grassot i Gràcia Nova,134,6083,..,2,0
2010,6,Gràcia,32,el Camp d'en Grassot i Gràcia Nova,134,6083,..,2,2
2010,6,Gràcia,32,el Camp d'en Grassot i Gràcia Nova,134,6083,..,2,3
2010,6,Gràcia,32,el Camp d'en Grassot i Gràcia Nova,134,6083,..,2,4
2010,6,Gràcia,32,el Camp d'en Grassot i Gràcia Nova,134,6083,6,2,5
2010,6,Gràcia,32,el Camp d'en Grassot i Gràcia Nova,134,6083,13,2,6
2010,6,Gràcia,32,el Camp d'en Grassot i Gràcia Nova,134,6083,..,2,7
2010,6,Gràcia,32,el Camp d'en Grassot i Gràcia Nova,134,6083,..,2,8
2010,6,Gràcia,32,el Camp d'en Grassot i Gràcia Nova,134,6083,..,2,9
2010,6,Gràcia,32,el Camp d'en Grassot i Gràcia Nova,134,6083,..,2,10
2010,6,Gràcia,32,el Camp d'en Grassot i Gràcia Nova,134,6083,..,2,11
2010,6,Gràcia,32,el Camp d'en Grassot i Gràcia Nova,134,6083,..,2,12
2010,6,Gràcia,32,el Camp d'en Grassot i Gràcia Nova,134,6084,13,1,4
2010,6,Gràcia,32,el Camp d'en Grassot i Gràcia Nova,134,6084,14,1,5
2010,6,Gràcia,32,el Camp d'en Grassot i Gràcia Nova,134,6084,8,1,6
2010,6,Gràcia,32,el Camp d'en Grassot i Gràcia Nova,134,6084,..,1,7
2010,6,Gràcia,32,el Camp d'en Grassot i Gràcia Nova,134,6084,..,1,8
2010,6,Gràcia,32,el Camp d'en Grassot i Gràcia Nova,134,6084,..,1,9
2010,6,Gràcia,32,el Camp d'en Grassot i Gràcia Nova,134,6084,..,1,12
2010,6,Gràcia,32,el Camp d'en Grassot i Gràcia Nova,134,6084,..,1,16
2010,6,Gràcia,32,el Camp d'en Grassot i Gràcia Nova,134,6084,..,1,17
2010,6,Gràcia,32,el Camp d'en Grassot i Gràcia Nova,134,6084,..,2,1
2010,6,Gràcia,32,el Camp d'en Grassot i Gràcia Nova,134,6084,..,2,3
2010,6,Gràcia,32,el Camp d'en Grassot i Gràcia Nova,134,6084,11,2,4
2010,6,Gràcia,32,el Camp d'en Grassot i Gràcia Nova,134,6084,13,2,5
2010,6,Gràcia,32,el Camp d'en Grassot i Gràcia Nova,134,6084,8,2,6
2010,6,Gràcia,32,el Camp d'en Grassot i Gràcia Nova,134,6084,..,2,7
2010,6,Gràcia,32,el Camp d'en Grassot i Gràcia Nova,134,6084,..,2,8
2010,6,Gràcia,32,el Camp d'en Grassot i Gràcia Nova,134,6084,..,2,9
2010,6,Gràcia,32,el Camp d'en Grassot i Gràcia Nova,134,6084,..,2,10
2010,6,Gràcia,32,el Camp d'en Grassot i Gràcia Nova,134,6085,..,1,2
2010,6,Gràcia,32,el Camp d'en Grassot i Gràcia Nova,134,6085,..,1,3
2010,6,Gràcia,32,el Camp d'en Grassot i Gràcia Nova,134,6085,6,1,5
2010,6,Gràcia,32,el Camp d'en Grassot i Gràcia Nova,134,6085,..,1,6
2010,6,Gràcia,32,el Camp d'en Grassot i Gràcia Nova,134,6085,..,1,7
2010,6,Gràcia,32,el Camp d'en Grassot i Gràcia Nova,134,6085,..,1,8
2010,6,Gràcia,32,el Camp d'en Grassot i Gràcia Nova,134,6085,..,1,10
2010,6,Gràcia,32,el Camp d'en Grassot i Gràcia Nova,134,6085,..,1,11
2010,6,Gràcia,32,el Camp d'en Grassot i Gràcia Nova,134,6085,..,1,14
2010,6,Gràcia,32,el Camp d'en Grassot i Gràcia Nova,134,6085,..,1,15
2010,6,Gràcia,32,el Camp d'en Grassot i Gràcia Nova,134,6085,..,2,0
2010,6,Gràcia,32,el Camp d'en Grassot i Gràcia Nova,134,6085,5,2,5
2010,6,Gràcia,32,el Camp d'en Grassot i Gràcia Nova,134,6085,..,2,6
2010,6,Gràcia,32,el Camp d'en Grassot i Gràcia Nova,134,6085,..,2,7
2010,6,Gràcia,32,el Camp d'en Grassot i Gràcia Nova,134,6085,..,2,8
2010,6,Gràcia,32,el Camp d'en Grassot i Gràcia Nova,134,6085,..,2,11
2010,6,Gràcia,32,el Camp d'en Grassot i Gràcia Nova,134,6085,..,2,13
2010,6,Gràcia,32,el Camp d'en Grassot i Gràcia Nova,134,6086,..,1,4
2010,6,Gràcia,32,el Camp d'en Grassot i Gràcia Nova,134,6086,..,1,5
2010,6,Gràcia,32,el Camp d'en Grassot i Gràcia Nova,134,6086,..,1,6
2010,6,Gràcia,32,el Camp d'en Grassot i Gràcia Nova,134,6086,..,1,7
2010,6,Gràcia,32,el Camp d'en Grassot i Gràcia Nova,134,6086,..,1,11
2010,6,Gràcia,32,el Camp d'en Grassot i Gràcia Nova,134,6086,..,2,4
2010,6,Gràcia,32,el Camp d'en Grassot i Gràcia Nova,134,6086,..,2,6
2010,6,Gràcia,32,el Camp d'en Grassot i Gràcia Nova,134,6086,..,2,7
2010,6,Gràcia,32,el Camp d'en Grassot i Gràcia Nova,134,6086,..,2,8
2010,6,Gràcia,32,el Camp d'en Grassot i Gràcia Nova,134,6087,..,1,0
2010,6,Gràcia,32,el Camp d'en Grassot i Gràcia Nova,134,6087,..,1,1
2010,6,Gràcia,32,el Camp d'en Grassot i Gràcia Nova,134,6087,..,1,3
2010,6,Gràcia,32,el Camp d'en Grassot i Gràcia Nova,134,6087,9,1,4
2010,6,Gràcia,32,el Camp d'en Grassot i Gràcia Nova,134,6087,10,1,5
2010,6,Gràcia,32,el Camp d'en Grassot i Gràcia Nova,134,6087,..,1,6
2010,6,Gràcia,32,el Camp d'en Grassot i Gràcia Nova,134,6087,..,1,7
2010,6,Gràcia,32,el Camp d'en Grassot i Gràcia Nova,134,6087,..,1,8
2010,6,Gràcia,32,el Camp d'en Grassot i Gràcia Nova,134,6087,..,1,9
2010,6,Gràcia,32,el Camp d'en Grassot i Gràcia Nova,134,6087,..,1,10
2010,6,Gràcia,32,el Camp d'en Grassot i Gràcia Nova,134,6087,..,1,11
2010,6,Gràcia,32,el Camp d'en Grassot i Gràcia Nova,134,6087,..,1,13
2010,6,Gràcia,32,el Camp d'en Grassot i Gràcia Nova,134,6087,..,1,15
2010,6,Gràcia,32,el Camp d'en Grassot i Gràcia Nova,134,6087,..,1,18
2010,6,Gràcia,32,el Camp d'en Grassot i Gràcia Nova,134,6087,..,2,0
2010,6,Gràcia,32,el Camp d'en Grassot i Gràcia Nova,134,6087,..,2,1
2010,6,Gràcia,32,el Camp d'en Grassot i Gràcia Nova,134,6087,..,2,2
2010,6,Gràcia,32,el Camp d'en Grassot i Gràcia Nova,134,6087,..,2,4
2010,6,Gràcia,32,el Camp d'en Grassot i Gràcia Nova,134,6087,5,2,5
2010,6,Gràcia,32,el Camp d'en Grassot i Gràcia Nova,134,6087,7,2,6
2010,6,Gràcia,32,el Camp d'en Grassot i Gràcia Nova,134,6087,7,2,7
2010,6,Gràcia,32,el Camp d'en Grassot i Gràcia Nova,134,6087,..,2,8
2010,6,Gràcia,32,el Camp d'en Grassot i Gràcia Nova,134,6087,..,2,9
2010,6,Gràcia,32,el Camp d'en Grassot i Gràcia Nova,134,6087,..,2,10
2010,6,Gràcia,32,el Camp d'en Grassot i Gràcia Nova,134,6088,..,1,0
2010,6,Gràcia,32,el Camp d'en Grassot i Gràcia Nova,134,6088,..,1,1
2010,6,Gràcia,32,el Camp d'en Grassot i Gràcia Nova,134,6088,..,1,2
2010,6,Gràcia,32,el Camp d'en Grassot i Gràcia Nova,134,6088,..,1,4
2010,6,Gràcia,32,el Camp d'en Grassot i Gràcia Nova,134,6088,..,1,5
2010,6,Gràcia,32,el Camp d'en Grassot i Gràcia Nova,134,6088,..,1,6
2010,6,Gràcia,32,el Camp d'en Grassot i Gràcia Nova,134,6088,..,1,7
2010,6,Gràcia,32,el Camp d'en Grassot i Gràcia Nova,134,6088,..,1,8
2010,6,Gràcia,32,el Camp d'en Grassot i Gràcia Nova,134,6088,..,1,9
2010,6,Gràcia,32,el Camp d'en Grassot i Gràcia Nova,134,6088,..,1,10
2010,6,Gràcia,32,el Camp d'en Grassot i Gràcia Nova,134,6088,..,1,14
2010,6,Gràcia,32,el Camp d'en Grassot i Gràcia Nova,134,6088,..,2,0
2010,6,Gràcia,32,el Camp d'en Grassot i Gràcia Nova,134,6088,..,2,3
2010,6,Gràcia,32,el Camp d'en Grassot i Gràcia Nova,134,6088,5,2,4
2010,6,Gràcia,32,el Camp d'en Grassot i Gràcia Nova,134,6088,5,2,5
2010,6,Gràcia,32,el Camp d'en Grassot i Gràcia Nova,134,6088,..,2,6
2010,6,Gràcia,32,el Camp d'en Grassot i Gràcia Nova,134,6088,..,2,8
2010,6,Gràcia,32,el Camp d'en Grassot i Gràcia Nova,134,6088,..,2,10
2010,6,Gràcia,32,el Camp d'en Grassot i Gràcia Nova,134,6088,..,2,11
2010,7,Horta-Guinardó,33,el Baix Guinardó,135,7001,..,1,0
2010,7,Horta-Guinardó,33,el Baix Guinardó,135,7001,..,1,2
2010,7,Horta-Guinardó,33,el Baix Guinardó,135,7001,..,1,3
2010,7,Horta-Guinardó,33,el Baix Guinardó,135,7001,..,1,4
2010,7,Horta-Guinardó,33,el Baix Guinardó,135,7001,8,1,5
2010,7,Horta-Guinardó,33,el Baix Guinardó,135,7001,6,1,6
2010,7,Horta-Guinardó,33,el Baix Guinardó,135,7001,..,1,7
2010,7,Horta-Guinardó,33,el Baix Guinardó,135,7001,..,1,11
2010,7,Horta-Guinardó,33,el Baix Guinardó,135,7001,..,1,12
2010,7,Horta-Guinardó,33,el Baix Guinardó,135,7001,..,1,14
2010,7,Horta-Guinardó,33,el Baix Guinardó,135,7001,..,1,16
2010,7,Horta-Guinardó,33,el Baix Guinardó,135,7001,..,1,17
2010,7,Horta-Guinardó,33,el Baix Guinardó,135,7001,..,1,18
2010,7,Horta-Guinardó,33,el Baix Guinardó,135,7001,..,2,0
2010,7,Horta-Guinardó,33,el Baix Guinardó,135,7001,..,2,1
2010,7,Horta-Guinardó,33,el Baix Guinardó,135,7001,..,2,2
2010,7,Horta-Guinardó,33,el Baix Guinardó,135,7001,..,2,3
2010,7,Horta-Guinardó,33,el Baix Guinardó,135,7001,9,2,4
2010,7,Horta-Guinardó,33,el Baix Guinardó,135,7001,8,2,5
2010,7,Horta-Guinardó,33,el Baix Guinardó,135,7001,10,2,6
2010,7,Horta-Guinardó,33,el Baix Guinardó,135,7001,..,2,7
2010,7,Horta-Guinardó,33,el Baix Guinardó,135,7001,..,2,8
2010,7,Horta-Guinardó,33,el Baix Guinardó,135,7001,..,2,9
2010,7,Horta-Guinardó,33,el Baix Guinardó,135,7001,..,2,10
2010,7,Horta-Guinardó,33,el Baix Guinardó,135,7001,..,2,15
2010,7,Horta-Guinardó,33,el Baix Guinardó,135,7001,..,2,17
2010,7,Horta-Guinardó,33,el Baix Guinardó,135,7001,..,2,18
2010,7,Horta-Guinardó,33,el Baix Guinardó,135,7002,..,1,2
2010,7,Horta-Guinardó,33,el Baix Guinardó,135,7002,..,1,3
2010,7,Horta-Guinardó,33,el Baix Guinardó,135,7002,..,1,4
2010,7,Horta-Guinardó,33,el Baix Guinardó,135,7002,..,1,5
2010,7,Horta-Guinardó,33,el Baix Guinardó,135,7002,..,1,6
2010,7,Horta-Guinardó,33,el Baix Guinardó,135,7002,..,1,7
2010,7,Horta-Guinardó,33,el Baix Guinardó,135,7002,..,1,8
2010,7,Horta-Guinardó,33,el Baix Guinardó,135,7002,..,1,10
2010,7,Horta-Guinardó,33,el Baix Guinardó,135,7002,..,2,1
2010,7,Horta-Guinardó,33,el Baix Guinardó,135,7002,..,2,2
2010,7,Horta-Guinardó,33,el Baix Guinardó,135,7002,..,2,3
2010,7,Horta-Guinardó,33,el Baix Guinardó,135,7002,..,2,4
2010,7,Horta-Guinardó,33,el Baix Guinardó,135,7002,..,2,5
2010,7,Horta-Guinardó,33,el Baix Guinardó,135,7002,..,2,6
2010,7,Horta-Guinardó,33,el Baix Guinardó,135,7002,..,2,7
2010,7,Horta-Guinardó,33,el Baix Guinardó,135,7002,..,2,8
2010,7,Horta-Guinardó,33,el Baix Guinardó,135,7002,..,2,10
2010,7,Horta-Guinardó,33,el Baix Guinardó,135,7003,..,1,0
2010,7,Horta-Guinardó,33,el Baix Guinardó,135,7003,..,1,1
2010,7,Horta-Guinardó,33,el Baix Guinardó,135,7003,..,1,3
2010,7,Horta-Guinardó,33,el Baix Guinardó,135,7003,5,1,4
2010,7,Horta-Guinardó,33,el Baix Guinardó,135,7003,8,1,5
2010,7,Horta-Guinardó,33,el Baix Guinardó,135,7003,..,1,6
2010,7,Horta-Guinardó,33,el Baix Guinardó,135,7003,..,1,7
2010,7,Horta-Guinardó,33,el Baix Guinardó,135,7003,..,1,8
2010,7,Horta-Guinardó,33,el Baix Guinardó,135,7003,..,1,9
2010,7,Horta-Guinardó,33,el Baix Guinardó,135,7003,..,1,10
2010,7,Horta-Guinardó,33,el Baix Guinardó,135,7003,..,1,11
2010,7,Horta-Guinardó,33,el Baix Guinardó,135,7003,..,1,13
2010,7,Horta-Guinardó,33,el Baix Guinardó,135,7003,..,2,1
2010,7,Horta-Guinardó,33,el Baix Guinardó,135,7003,..,2,3
2010,7,Horta-Guinardó,33,el Baix Guinardó,135,7003,..,2,4
2010,7,Horta-Guinardó,33,el Baix Guinardó,135,7003,5,2,5
2010,7,Horta-Guinardó,33,el Baix Guinardó,135,7003,5,2,6
2010,7,Horta-Guinardó,33,el Baix Guinardó,135,7003,8,2,7
2010,7,Horta-Guinardó,33,el Baix Guinardó,135,7003,..,2,8
2010,7,Horta-Guinardó,33,el Baix Guinardó,135,7003,..,2,11
2010,7,Horta-Guinardó,33,el Baix Guinardó,135,7003,..,2,13
2010,7,Horta-Guinardó,33,el Baix Guinardó,135,7004,5,1,0
2010,7,Horta-Guinardó,33,el Baix Guinardó,135,7004,..,1,1
2010,7,Horta-Guinardó,33,el Baix Guinardó,135,7004,..,1,3
2010,7,Horta-Guinardó,33,el Baix Guinardó,135,7004,6,1,4
2010,7,Horta-Guinardó,33,el Baix Guinardó,135,7004,10,1,5
2010,7,Horta-Guinardó,33,el Baix Guinardó,135,7004,8,1,6
2010,7,Horta-Guinardó,33,el Baix Guinardó,135,7004,..,1,7
2010,7,Horta-Guinardó,33,el Baix Guinardó,135,7004,..,1,8
2010,7,Horta-Guinardó,33,el Baix Guinardó,135,7004,..,1,9
2010,7,Horta-Guinardó,33,el Baix Guinardó,135,7004,..,1,10
2010,7,Horta-Guinardó,33,el Baix Guinardó,135,7004,..,1,11
2010,7,Horta-Guinardó,33,el Baix Guinardó,135,7004,..,1,12
2010,7,Horta-Guinardó,33,el Baix Guinardó,135,7004,..,1,13
2010,7,Horta-Guinardó,33,el Baix Guinardó,135,7004,..,1,16
2010,7,Horta-Guinardó,33,el Baix Guinardó,135,7004,..,2,3
2010,7,Horta-Guinardó,33,el Baix Guinardó,135,7004,9,2,4
2010,7,Horta-Guinardó,33,el Baix Guinardó,135,7004,11,2,5
2010,7,Horta-Guinardó,33,el Baix Guinardó,135,7004,12,2,6
2010,7,Horta-Guinardó,33,el Baix Guinardó,135,7004,..,2,7
2010,7,Horta-Guinardó,33,el Baix Guinardó,135,7004,..,2,8
2010,7,Horta-Guinardó,33,el Baix Guinardó,135,7004,..,2,9
2010,7,Horta-Guinardó,33,el Baix Guinardó,135,7004,..,2,11
2010,7,Horta-Guinardó,33,el Baix Guinardó,135,7004,..,2,12
2010,7,Horta-Guinardó,33,el Baix Guinardó,135,7004,..,2,15
2010,7,Horta-Guinardó,33,el Baix Guinardó,135,7005,..,1,3
2010,7,Horta-Guinardó,33,el Baix Guinardó,135,7005,5,1,4
2010,7,Horta-Guinardó,33,el Baix Guinardó,135,7005,6,1,5
2010,7,Horta-Guinardó,33,el Baix Guinardó,135,7005,7,1,6
2010,7,Horta-Guinardó,33,el Baix Guinardó,135,7005,..,1,7
2010,7,Horta-Guinardó,33,el Baix Guinardó,135,7005,..,1,8
2010,7,Horta-Guinardó,33,el Baix Guinardó,135,7005,..,1,10
2010,7,Horta-Guinardó,33,el Baix Guinardó,135,7005,..,1,13
2010,7,Horta-Guinardó,33,el Baix Guinardó,135,7005,..,1,17
2010,7,Horta-Guinardó,33,el Baix Guinardó,135,7005,..,2,0
2010,7,Horta-Guinardó,33,el Baix Guinardó,135,7005,..,2,2
2010,7,Horta-Guinardó,33,el Baix Guinardó,135,7005,..,2,3
2010,7,Horta-Guinardó,33,el Baix Guinardó,135,7005,..,2,4
2010,7,Horta-Guinardó,33,el Baix Guinardó,135,7005,8,2,5
2010,7,Horta-Guinardó,33,el Baix Guinardó,135,7005,7,2,6
2010,7,Horta-Guinardó,33,el Baix Guinardó,135,7005,..,2,7
2010,7,Horta-Guinardó,33,el Baix Guinardó,135,7005,..,2,8
2010,7,Horta-Guinardó,33,el Baix Guinardó,135,7005,..,2,9
2010,7,Horta-Guinardó,33,el Baix Guinardó,135,7005,..,2,11
2010,7,Horta-Guinardó,33,el Baix Guinardó,135,7006,6,1,4
2010,7,Horta-Guinardó,33,el Baix Guinardó,135,7006,5,1,5
2010,7,Horta-Guinardó,33,el Baix Guinardó,135,7006,..,1,6
2010,7,Horta-Guinardó,33,el Baix Guinardó,135,7006,..,1,7
2010,7,Horta-Guinardó,33,el Baix Guinardó,135,7006,..,1,8
2010,7,Horta-Guinardó,33,el Baix Guinardó,135,7006,..,1,11
2010,7,Horta-Guinardó,33,el Baix Guinardó,135,7006,..,1,12
2010,7,Horta-Guinardó,33,el Baix Guinardó,135,7006,..,1,14
2010,7,Horta-Guinardó,33,el Baix Guinardó,135,7006,..,1,19
2010,7,Horta-Guinardó,33,el Baix Guinardó,135,7006,..,2,0
2010,7,Horta-Guinardó,33,el Baix Guinardó,135,7006,..,2,1
2010,7,Horta-Guinardó,33,el Baix Guinardó,135,7006,..,2,3
2010,7,Horta-Guinardó,33,el Baix Guinardó,135,7006,..,2,4
2010,7,Horta-Guinardó,33,el Baix Guinardó,135,7006,..,2,5
2010,7,Horta-Guinardó,33,el Baix Guinardó,135,7006,..,2,6
2010,7,Horta-Guinardó,33,el Baix Guinardó,135,7006,..,2,7
2010,7,Horta-Guinardó,33,el Baix Guinardó,135,7006,..,2,8
2010,7,Horta-Guinardó,33,el Baix Guinardó,135,7006,..,2,12
2010,7,Horta-Guinardó,33,el Baix Guinardó,135,7007,..,1,0
2010,7,Horta-Guinardó,33,el Baix Guinardó,135,7007,..,1,1
2010,7,Horta-Guinardó,33,el Baix Guinardó,135,7007,..,1,3
2010,7,Horta-Guinardó,33,el Baix Guinardó,135,7007,..,1,4
2010,7,Horta-Guinardó,33,el Baix Guinardó,135,7007,7,1,5
2010,7,Horta-Guinardó,33,el Baix Guinardó,135,7007,6,1,6
2010,7,Horta-Guinardó,33,el Baix Guinardó,135,7007,5,1,7
2010,7,Horta-Guinardó,33,el Baix Guinardó,135,7007,..,1,9
2010,7,Horta-Guinardó,33,el Baix Guinardó,135,7007,..,1,10
2010,7,Horta-Guinardó,33,el Baix Guinardó,135,7007,..,1,14
2010,7,Horta-Guinardó,33,el Baix Guinardó,135,7007,..,1,15
2010,7,Horta-Guinardó,33,el Baix Guinardó,135,7007,..,1,16
2010,7,Horta-Guinardó,33,el Baix Guinardó,135,7007,..,1,17
2010,7,Horta-Guinardó,33,el Baix Guinardó,135,7007,5,2,0
2010,7,Horta-Guinardó,33,el Baix Guinardó,135,7007,..,2,2
2010,7,Horta-Guinardó,33,el Baix Guinardó,135,7007,5,2,3
2010,7,Horta-Guinardó,33,el Baix Guinardó,135,7007,8,2,4
2010,7,Horta-Guinardó,33,el Baix Guinardó,135,7007,..,2,5
2010,7,Horta-Guinardó,33,el Baix Guinardó,135,7007,5,2,6
2010,7,Horta-Guinardó,33,el Baix Guinardó,135,7007,7,2,7
2010,7,Horta-Guinardó,33,el Baix Guinardó,135,7007,..,2,8
2010,7,Horta-Guinardó,33,el Baix Guinardó,135,7007,..,2,9
2010,7,Horta-Guinardó,33,el Baix Guinardó,135,7007,..,2,10
2010,7,Horta-Guinardó,33,el Baix Guinardó,135,7007,..,2,12
2010,7,Horta-Guinardó,33,el Baix Guinardó,135,7007,..,2,13
2010,7,Horta-Guinardó,33,el Baix Guinardó,135,7008,..,1,0
2010,7,Horta-Guinardó,33,el Baix Guinardó,135,7008,..,1,1
2010,7,Horta-Guinardó,33,el Baix Guinardó,135,7008,..,1,2
2010,7,Horta-Guinardó,33,el Baix Guinardó,135,7008,7,1,4
2010,7,Horta-Guinardó,33,el Baix Guinardó,135,7008,6,1,5
2010,7,Horta-Guinardó,33,el Baix Guinardó,135,7008,9,1,6
2010,7,Horta-Guinardó,33,el Baix Guinardó,135,7008,..,1,7
2010,7,Horta-Guinardó,33,el Baix Guinardó,135,7008,..,1,8
2010,7,Horta-Guinardó,33,el Baix Guinardó,135,7008,..,1,9
2010,7,Horta-Guinardó,33,el Baix Guinardó,135,7008,..,1,12
2010,7,Horta-Guinardó,33,el Baix Guinardó,135,7008,..,2,0
2010,7,Horta-Guinardó,33,el Baix Guinardó,135,7008,..,2,1
2010,7,Horta-Guinardó,33,el Baix Guinardó,135,7008,..,2,2
2010,7,Horta-Guinardó,33,el Baix Guinardó,135,7008,..,2,4
2010,7,Horta-Guinardó,33,el Baix Guinardó,135,7008,..,2,5
2010,7,Horta-Guinardó,33,el Baix Guinardó,135,7008,..,2,6
2010,7,Horta-Guinardó,33,el Baix Guinardó,135,7008,6,2,7
2010,7,Horta-Guinardó,33,el Baix Guinardó,135,7008,..,2,8
2010,7,Horta-Guinardó,33,el Baix Guinardó,135,7008,..,2,9
2010,7,Horta-Guinardó,33,el Baix Guinardó,135,7008,..,2,10
2010,7,Horta-Guinardó,33,el Baix Guinardó,135,7008,..,2,11
2010,7,Horta-Guinardó,33,el Baix Guinardó,136,7009,..,1,2
2010,7,Horta-Guinardó,33,el Baix Guinardó,136,7009,..,1,3
2010,7,Horta-Guinardó,33,el Baix Guinardó,136,7009,..,1,4
2010,7,Horta-Guinardó,33,el Baix Guinardó,136,7009,..,1,5
2010,7,Horta-Guinardó,33,el Baix Guinardó,136,7009,8,1,6
2010,7,Horta-Guinardó,33,el Baix Guinardó,136,7009,6,1,7
2010,7,Horta-Guinardó,33,el Baix Guinardó,136,7009,..,1,8
2010,7,Horta-Guinardó,33,el Baix Guinardó,136,7009,..,1,9
2010,7,Horta-Guinardó,33,el Baix Guinardó,136,7009,..,1,10
2010,7,Horta-Guinardó,33,el Baix Guinardó,136,7009,..,1,12
2010,7,Horta-Guinardó,33,el Baix Guinardó,136,7009,..,1,15
2010,7,Horta-Guinardó,33,el Baix Guinardó,136,7009,..,2,1
2010,7,Horta-Guinardó,33,el Baix Guinardó,136,7009,..,2,2
2010,7,Horta-Guinardó,33,el Baix Guinardó,136,7009,..,2,3
2010,7,Horta-Guinardó,33,el Baix Guinardó,136,7009,..,2,4
2010,7,Horta-Guinardó,33,el Baix Guinardó,136,7009,8,2,5
2010,7,Horta-Guinardó,33,el Baix Guinardó,136,7009,5,2,6
2010,7,Horta-Guinardó,33,el Baix Guinardó,136,7009,..,2,7
2010,7,Horta-Guinardó,33,el Baix Guinardó,136,7009,..,2,8
2010,7,Horta-Guinardó,33,el Baix Guinardó,136,7009,..,2,9
2010,7,Horta-Guinardó,33,el Baix Guinardó,136,7009,..,2,10
2010,7,Horta-Guinardó,33,el Baix Guinardó,136,7009,..,2,11
2010,7,Horta-Guinardó,33,el Baix Guinardó,136,7009,..,2,12
2010,7,Horta-Guinardó,33,el Baix Guinardó,136,7009,..,2,13
2010,7,Horta-Guinardó,33,el Baix Guinardó,136,7009,..,2,19
2010,7,Horta-Guinardó,33,el Baix Guinardó,136,7010,..,1,3
2010,7,Horta-Guinardó,33,el Baix Guinardó,136,7010,7,1,4
2010,7,Horta-Guinardó,33,el Baix Guinardó,136,7010,..,1,5
2010,7,Horta-Guinardó,33,el Baix Guinardó,136,7010,5,1,6
2010,7,Horta-Guinardó,33,el Baix Guinardó,136,7010,5,1,7
2010,7,Horta-Guinardó,33,el Baix Guinardó,136,7010,..,1,9
2010,7,Horta-Guinardó,33,el Baix Guinardó,136,7010,..,1,10
2010,7,Horta-Guinardó,33,el Baix Guinardó,136,7010,..,1,11
2010,7,Horta-Guinardó,33,el Baix Guinardó,136,7010,..,1,12
2010,7,Horta-Guinardó,33,el Baix Guinardó,136,7010,..,1,13
2010,7,Horta-Guinardó,33,el Baix Guinardó,136,7010,..,1,14
2010,7,Horta-Guinardó,33,el Baix Guinardó,136,7010,..,2,0
2010,7,Horta-Guinardó,33,el Baix Guinardó,136,7010,..,2,1
2010,7,Horta-Guinardó,33,el Baix Guinardó,136,7010,..,2,3
2010,7,Horta-Guinardó,33,el Baix Guinardó,136,7010,..,2,5
2010,7,Horta-Guinardó,33,el Baix Guinardó,136,7010,..,2,6
2010,7,Horta-Guinardó,33,el Baix Guinardó,136,7010,7,2,7
2010,7,Horta-Guinardó,33,el Baix Guinardó,136,7010,..,2,9
2010,7,Horta-Guinardó,33,el Baix Guinardó,136,7010,..,2,10
2010,7,Horta-Guinardó,33,el Baix Guinardó,136,7010,..,2,11
2010,7,Horta-Guinardó,33,el Baix Guinardó,136,7011,..,1,0
2010,7,Horta-Guinardó,33,el Baix Guinardó,136,7011,..,1,3
2010,7,Horta-Guinardó,33,el Baix Guinardó,136,7011,5,1,4
2010,7,Horta-Guinardó,33,el Baix Guinardó,136,7011,..,1,5
2010,7,Horta-Guinardó,33,el Baix Guinardó,136,7011,8,1,6
2010,7,Horta-Guinardó,33,el Baix Guinardó,136,7011,5,1,7
2010,7,Horta-Guinardó,33,el Baix Guinardó,136,7011,..,1,8
2010,7,Horta-Guinardó,33,el Baix Guinardó,136,7011,5,1,9
2010,7,Horta-Guinardó,33,el Baix Guinardó,136,7011,..,1,10
2010,7,Horta-Guinardó,33,el Baix Guinardó,136,7011,..,1,14
2010,7,Horta-Guinardó,33,el Baix Guinardó,136,7011,..,2,1
2010,7,Horta-Guinardó,33,el Baix Guinardó,136,7011,..,2,2
2010,7,Horta-Guinardó,33,el Baix Guinardó,136,7011,5,2,3
2010,7,Horta-Guinardó,33,el Baix Guinardó,136,7011,5,2,4
2010,7,Horta-Guinardó,33,el Baix Guinardó,136,7011,..,2,5
2010,7,Horta-Guinardó,33,el Baix Guinardó,136,7011,6,2,6
2010,7,Horta-Guinardó,33,el Baix Guinardó,136,7011,5,2,7
2010,7,Horta-Guinardó,33,el Baix Guinardó,136,7011,..,2,8
2010,7,Horta-Guinardó,33,el Baix Guinardó,136,7011,..,2,9
2010,7,Horta-Guinardó,33,el Baix Guinardó,136,7012,..,1,0
2010,7,Horta-Guinardó,33,el Baix Guinardó,136,7012,..,1,2
2010,7,Horta-Guinardó,33,el Baix Guinardó,136,7012,..,1,3
2010,7,Horta-Guinardó,33,el Baix Guinardó,136,7012,..,1,4
2010,7,Horta-Guinardó,33,el Baix Guinardó,136,7012,11,1,5
2010,7,Horta-Guinardó,33,el Baix Guinardó,136,7012,8,1,6
2010,7,Horta-Guinardó,33,el Baix Guinardó,136,7012,..,1,7
2010,7,Horta-Guinardó,33,el Baix Guinardó,136,7012,..,1,8
2010,7,Horta-Guinardó,33,el Baix Guinardó,136,7012,..,1,10
2010,7,Horta-Guinardó,33,el Baix Guinardó,136,7012,..,1,11
2010,7,Horta-Guinardó,33,el Baix Guinardó,136,7012,..,2,0
2010,7,Horta-Guinardó,33,el Baix Guinardó,136,7012,..,2,1
2010,7,Horta-Guinardó,33,el Baix Guinardó,136,7012,5,2,4
2010,7,Horta-Guinardó,33,el Baix Guinardó,136,7012,7,2,5
2010,7,Horta-Guinardó,33,el Baix Guinardó,136,7012,6,2,6
2010,7,Horta-Guinardó,33,el Baix Guinardó,136,7012,6,2,7
2010,7,Horta-Guinardó,33,el Baix Guinardó,136,7012,..,2,8
2010,7,Horta-Guinardó,33,el Baix Guinardó,136,7012,..,2,9
2010,7,Horta-Guinardó,33,el Baix Guinardó,136,7012,..,2,10
2010,7,Horta-Guinardó,33,el Baix Guinardó,136,7012,..,2,12
2010,7,Horta-Guinardó,33,el Baix Guinardó,136,7013,..,1,0
2010,7,Horta-Guinardó,33,el Baix Guinardó,136,7013,..,1,3
2010,7,Horta-Guinardó,33,el Baix Guinardó,136,7013,..,1,4
2010,7,Horta-Guinardó,33,el Baix Guinardó,136,7013,5,1,5
2010,7,Horta-Guinardó,33,el Baix Guinardó,136,7013,..,1,6
2010,7,Horta-Guinardó,33,el Baix Guinardó,136,7013,..,1,9
2010,7,Horta-Guinardó,33,el Baix Guinardó,136,7013,..,1,13
2010,7,Horta-Guinardó,33,el Baix Guinardó,136,7013,..,1,16
2010,7,Horta-Guinardó,33,el Baix Guinardó,136,7013,..,2,0
2010,7,Horta-Guinardó,33,el Baix Guinardó,136,7013,..,2,1
2010,7,Horta-Guinardó,33,el Baix Guinardó,136,7013,..,2,3
2010,7,Horta-Guinardó,33,el Baix Guinardó,136,7013,..,2,4
2010,7,Horta-Guinardó,33,el Baix Guinardó,136,7013,..,2,5
2010,7,Horta-Guinardó,33,el Baix Guinardó,136,7013,..,2,6
2010,7,Horta-Guinardó,33,el Baix Guinardó,136,7013,..,2,7
2010,7,Horta-Guinardó,33,el Baix Guinardó,136,7013,..,2,8
2010,7,Horta-Guinardó,33,el Baix Guinardó,136,7013,..,2,10
2010,7,Horta-Guinardó,33,el Baix Guinardó,136,7013,..,2,11
2010,7,Horta-Guinardó,33,el Baix Guinardó,137,7014,..,1,2
2010,7,Horta-Guinardó,33,el Baix Guinardó,137,7014,..,1,3
2010,7,Horta-Guinardó,33,el Baix Guinardó,137,7014,..,1,4
2010,7,Horta-Guinardó,33,el Baix Guinardó,137,7014,5,1,5
2010,7,Horta-Guinardó,33,el Baix Guinardó,137,7014,5,1,6
2010,7,Horta-Guinardó,33,el Baix Guinardó,137,7014,..,1,7
2010,7,Horta-Guinardó,33,el Baix Guinardó,137,7014,..,1,9
2010,7,Horta-Guinardó,33,el Baix Guinardó,137,7014,..,1,13
2010,7,Horta-Guinardó,33,el Baix Guinardó,137,7014,..,1,14
2010,7,Horta-Guinardó,33,el Baix Guinardó,137,7014,..,2,0
2010,7,Horta-Guinardó,33,el Baix Guinardó,137,7014,..,2,1
2010,7,Horta-Guinardó,33,el Baix Guinardó,137,7014,..,2,3
2010,7,Horta-Guinardó,33,el Baix Guinardó,137,7014,..,2,4
2010,7,Horta-Guinardó,33,el Baix Guinardó,137,7014,8,2,5
2010,7,Horta-Guinardó,33,el Baix Guinardó,137,7014,..,2,6
2010,7,Horta-Guinardó,33,el Baix Guinardó,137,7014,..,2,7
2010,7,Horta-Guinardó,33,el Baix Guinardó,137,7014,..,2,8
2010,7,Horta-Guinardó,33,el Baix Guinardó,137,7014,..,2,14
2010,7,Horta-Guinardó,33,el Baix Guinardó,137,7015,..,1,0
2010,7,Horta-Guinardó,33,el Baix Guinardó,137,7015,..,1,2
2010,7,Horta-Guinardó,33,el Baix Guinardó,137,7015,..,1,3
2010,7,Horta-Guinardó,33,el Baix Guinardó,137,7015,..,1,4
2010,7,Horta-Guinardó,33,el Baix Guinardó,137,7015,6,1,5
2010,7,Horta-Guinardó,33,el Baix Guinardó,137,7015,..,1,6
2010,7,Horta-Guinardó,33,el Baix Guinardó,137,7015,..,1,7
2010,7,Horta-Guinardó,33,el Baix Guinardó,137,7015,..,1,8
2010,7,Horta-Guinardó,33,el Baix Guinardó,137,7015,..,1,9
2010,7,Horta-Guinardó,33,el Baix Guinardó,137,7015,..,1,14
2010,7,Horta-Guinardó,33,el Baix Guinardó,137,7015,..,1,15
2010,7,Horta-Guinardó,33,el Baix Guinardó,137,7015,..,2,0
2010,7,Horta-Guinardó,33,el Baix Guinardó,137,7015,..,2,1
2010,7,Horta-Guinardó,33,el Baix Guinardó,137,7015,..,2,2
2010,7,Horta-Guinardó,33,el Baix Guinardó,137,7015,..,2,3
2010,7,Horta-Guinardó,33,el Baix Guinardó,137,7015,..,2,4
2010,7,Horta-Guinardó,33,el Baix Guinardó,137,7015,..,2,5
2010,7,Horta-Guinardó,33,el Baix Guinardó,137,7015,6,2,6
2010,7,Horta-Guinardó,33,el Baix Guinardó,137,7015,..,2,7
2010,7,Horta-Guinardó,33,el Baix Guinardó,137,7015,..,2,8
2010,7,Horta-Guinardó,33,el Baix Guinardó,137,7015,..,2,9
2010,7,Horta-Guinardó,33,el Baix Guinardó,137,7016,..,1,3
2010,7,Horta-Guinardó,33,el Baix Guinardó,137,7016,..,1,4
2010,7,Horta-Guinardó,33,el Baix Guinardó,137,7016,..,1,5
2010,7,Horta-Guinardó,33,el Baix Guinardó,137,7016,..,1,6
2010,7,Horta-Guinardó,33,el Baix Guinardó,137,7016,..,1,14
2010,7,Horta-Guinardó,33,el Baix Guinardó,137,7016,..,2,0
2010,7,Horta-Guinardó,33,el Baix Guinardó,137,7016,..,2,1
2010,7,Horta-Guinardó,33,el Baix Guinardó,137,7016,..,2,4
2010,7,Horta-Guinardó,33,el Baix Guinardó,137,7016,7,2,5
2010,7,Horta-Guinardó,33,el Baix Guinardó,137,7016,..,2,6
2010,7,Horta-Guinardó,33,el Baix Guinardó,137,7016,..,2,7
2010,7,Horta-Guinardó,33,el Baix Guinardó,137,7016,..,2,8
2010,7,Horta-Guinardó,33,el Baix Guinardó,137,7016,..,2,12
2010,7,Horta-Guinardó,33,el Baix Guinardó,137,7016,..,2,15
2010,7,Horta-Guinardó,33,el Baix Guinardó,137,7017,..,1,0
2010,7,Horta-Guinardó,33,el Baix Guinardó,137,7017,..,1,3
2010,7,Horta-Guinardó,33,el Baix Guinardó,137,7017,8,1,4
2010,7,Horta-Guinardó,33,el Baix Guinardó,137,7017,16,1,5
2010,7,Horta-Guinardó,33,el Baix Guinardó,137,7017,..,1,6
2010,7,Horta-Guinardó,33,el Baix Guinardó,137,7017,7,1,7
2010,7,Horta-Guinardó,33,el Baix Guinardó,137,7017,..,1,8
2010,7,Horta-Guinardó,33,el Baix Guinardó,137,7017,..,1,9
2010,7,Horta-Guinardó,33,el Baix Guinardó,137,7017,..,1,14
2010,7,Horta-Guinardó,33,el Baix Guinardó,137,7017,..,1,17
2010,7,Horta-Guinardó,33,el Baix Guinardó,137,7017,..,2,3
2010,7,Horta-Guinardó,33,el Baix Guinardó,137,7017,..,2,4
2010,7,Horta-Guinardó,33,el Baix Guinardó,137,7017,13,2,5
2010,7,Horta-Guinardó,33,el Baix Guinardó,137,7017,..,2,6
2010,7,Horta-Guinardó,33,el Baix Guinardó,137,7017,6,2,7
2010,7,Horta-Guinardó,33,el Baix Guinardó,137,7017,..,2,8
2010,7,Horta-Guinardó,33,el Baix Guinardó,137,7017,..,2,10
2010,7,Horta-Guinardó,33,el Baix Guinardó,137,7017,..,2,11
2010,7,Horta-Guinardó,33,el Baix Guinardó,137,7018,..,1,0
2010,7,Horta-Guinardó,33,el Baix Guinardó,137,7018,5,1,1
2010,7,Horta-Guinardó,33,el Baix Guinardó,137,7018,..,1,2
2010,7,Horta-Guinardó,33,el Baix Guinardó,137,7018,..,1,3
2010,7,Horta-Guinardó,33,el Baix Guinardó,137,7018,5,1,4
2010,7,Horta-Guinardó,33,el Baix Guinardó,137,7018,5,1,5
2010,7,Horta-Guinardó,33,el Baix Guinardó,137,7018,7,1,6
2010,7,Horta-Guinardó,33,el Baix Guinardó,137,7018,..,1,7
2010,7,Horta-Guinardó,33,el Baix Guinardó,137,7018,..,1,8
2010,7,Horta-Guinardó,33,el Baix Guinardó,137,7018,..,1,9
2010,7,Horta-Guinardó,33,el Baix Guinardó,137,7018,..,1,10
2010,7,Horta-Guinardó,33,el Baix Guinardó,137,7018,..,1,12
2010,7,Horta-Guinardó,33,el Baix Guinardó,137,7018,..,1,15
2010,7,Horta-Guinardó,33,el Baix Guinardó,137,7018,..,2,0
2010,7,Horta-Guinardó,33,el Baix Guinardó,137,7018,..,2,2
2010,7,Horta-Guinardó,33,el Baix Guinardó,137,7018,..,2,3
2010,7,Horta-Guinardó,33,el Baix Guinardó,137,7018,..,2,4
2010,7,Horta-Guinardó,33,el Baix Guinardó,137,7018,7,2,5
2010,7,Horta-Guinardó,33,el Baix Guinardó,137,7018,6,2,6
2010,7,Horta-Guinardó,33,el Baix Guinardó,137,7018,..,2,7
2010,7,Horta-Guinardó,33,el Baix Guinardó,137,7018,..,2,8
2010,7,Horta-Guinardó,33,el Baix Guinardó,137,7018,..,2,9
2010,7,Horta-Guinardó,33,el Baix Guinardó,137,7018,..,2,10
2010,7,Horta-Guinardó,33,el Baix Guinardó,137,7018,..,2,11
2010,7,Horta-Guinardó,33,el Baix Guinardó,137,7018,..,2,16
2010,7,Horta-Guinardó,33,el Baix Guinardó,137,7019,..,1,0
2010,7,Horta-Guinardó,33,el Baix Guinardó,137,7019,..,1,4
2010,7,Horta-Guinardó,33,el Baix Guinardó,137,7019,9,1,5
2010,7,Horta-Guinardó,33,el Baix Guinardó,137,7019,8,1,6
2010,7,Horta-Guinardó,33,el Baix Guinardó,137,7019,..,1,7
2010,7,Horta-Guinardó,33,el Baix Guinardó,137,7019,..,1,8
2010,7,Horta-Guinardó,33,el Baix Guinardó,137,7019,..,1,9
2010,7,Horta-Guinardó,33,el Baix Guinardó,137,7019,..,1,11
2010,7,Horta-Guinardó,33,el Baix Guinardó,137,7019,..,2,2
2010,7,Horta-Guinardó,33,el Baix Guinardó,137,7019,..,2,4
2010,7,Horta-Guinardó,33,el Baix Guinardó,137,7019,6,2,5
2010,7,Horta-Guinardó,33,el Baix Guinardó,137,7019,11,2,6
2010,7,Horta-Guinardó,33,el Baix Guinardó,137,7019,..,2,7
2010,7,Horta-Guinardó,33,el Baix Guinardó,137,7019,..,2,8
2010,7,Horta-Guinardó,33,el Baix Guinardó,137,7019,..,2,12
2010,7,Horta-Guinardó,34,Can Baró,138,7020,..,1,0
2010,7,Horta-Guinardó,34,Can Baró,138,7020,..,1,1
2010,7,Horta-Guinardó,34,Can Baró,138,7020,..,1,2
2010,7,Horta-Guinardó,34,Can Baró,138,7020,..,1,3
2010,7,Horta-Guinardó,34,Can Baró,138,7020,5,1,4
2010,7,Horta-Guinardó,34,Can Baró,138,7020,7,1,5
2010,7,Horta-Guinardó,34,Can Baró,138,7020,..,1,6
2010,7,Horta-Guinardó,34,Can Baró,138,7020,5,1,7
2010,7,Horta-Guinardó,34,Can Baró,138,7020,..,1,8
2010,7,Horta-Guinardó,34,Can Baró,138,7020,..,1,9
2010,7,Horta-Guinardó,34,Can Baró,138,7020,..,1,10
2010,7,Horta-Guinardó,34,Can Baró,138,7020,..,1,12
2010,7,Horta-Guinardó,34,Can Baró,138,7020,..,1,14
2010,7,Horta-Guinardó,34,Can Baró,138,7020,..,1,15
2010,7,Horta-Guinardó,34,Can Baró,138,7020,..,2,0
2010,7,Horta-Guinardó,34,Can Baró,138,7020,..,2,1
2010,7,Horta-Guinardó,34,Can Baró,138,7020,..,2,3
2010,7,Horta-Guinardó,34,Can Baró,138,7020,..,2,4
2010,7,Horta-Guinardó,34,Can Baró,138,7020,7,2,5
2010,7,Horta-Guinardó,34,Can Baró,138,7020,..,2,6
2010,7,Horta-Guinardó,34,Can Baró,138,7020,5,2,7
2010,7,Horta-Guinardó,34,Can Baró,138,7020,..,2,8
2010,7,Horta-Guinardó,34,Can Baró,138,7020,..,2,9
2010,7,Horta-Guinardó,34,Can Baró,138,7020,..,2,10
2010,7,Horta-Guinardó,34,Can Baró,138,7020,..,2,15
2010,7,Horta-Guinardó,34,Can Baró,138,7021,..,1,3
2010,7,Horta-Guinardó,34,Can Baró,138,7021,..,1,4
2010,7,Horta-Guinardó,34,Can Baró,138,7021,..,1,5
2010,7,Horta-Guinardó,34,Can Baró,138,7021,..,1,6
2010,7,Horta-Guinardó,34,Can Baró,138,7021,..,1,7
2010,7,Horta-Guinardó,34,Can Baró,138,7021,..,1,8
2010,7,Horta-Guinardó,34,Can Baró,138,7021,..,2,5
2010,7,Horta-Guinardó,34,Can Baró,138,7021,..,2,6
2010,7,Horta-Guinardó,34,Can Baró,138,7021,..,2,13
2010,7,Horta-Guinardó,34,Can Baró,138,7021,..,2,18
2010,7,Horta-Guinardó,34,Can Baró,138,7022,..,1,0
2010,7,Horta-Guinardó,34,Can Baró,138,7022,..,1,2
2010,7,Horta-Guinardó,34,Can Baró,138,7022,..,1,4
2010,7,Horta-Guinardó,34,Can Baró,138,7022,..,1,5
2010,7,Horta-Guinardó,34,Can Baró,138,7022,..,1,6
2010,7,Horta-Guinardó,34,Can Baró,138,7022,..,1,7
2010,7,Horta-Guinardó,34,Can Baró,138,7022,..,1,8
2010,7,Horta-Guinardó,34,Can Baró,138,7022,..,1,11
2010,7,Horta-Guinardó,34,Can Baró,138,7022,..,1,15
2010,7,Horta-Guinardó,34,Can Baró,138,7022,..,1,16
2010,7,Horta-Guinardó,34,Can Baró,138,7022,..,2,0
2010,7,Horta-Guinardó,34,Can Baró,138,7022,..,2,1
2010,7,Horta-Guinardó,34,Can Baró,138,7022,..,2,2
2010,7,Horta-Guinardó,34,Can Baró,138,7022,..,2,3
2010,7,Horta-Guinardó,34,Can Baró,138,7022,..,2,5
2010,7,Horta-Guinardó,34,Can Baró,138,7022,..,2,6
2010,7,Horta-Guinardó,34,Can Baró,138,7022,5,2,7
2010,7,Horta-Guinardó,34,Can Baró,138,7022,..,2,8
2010,7,Horta-Guinardó,34,Can Baró,138,7022,..,2,11
2010,7,Horta-Guinardó,34,Can Baró,138,7023,..,1,2
2010,7,Horta-Guinardó,34,Can Baró,138,7023,..,1,3
2010,7,Horta-Guinardó,34,Can Baró,138,7023,..,1,4
2010,7,Horta-Guinardó,34,Can Baró,138,7023,..,1,5
2010,7,Horta-Guinardó,34,Can Baró,138,7023,5,1,6
2010,7,Horta-Guinardó,34,Can Baró,138,7023,..,1,9
2010,7,Horta-Guinardó,34,Can Baró,138,7023,..,1,10
2010,7,Horta-Guinardó,34,Can Baró,138,7023,..,2,4
2010,7,Horta-Guinardó,34,Can Baró,138,7023,5,2,5
2010,7,Horta-Guinardó,34,Can Baró,138,7023,..,2,6
2010,7,Horta-Guinardó,34,Can Baró,138,7023,..,2,7
2010,7,Horta-Guinardó,34,Can Baró,138,7023,..,2,8
2010,7,Horta-Guinardó,34,Can Baró,138,7023,..,2,10
2010,7,Horta-Guinardó,34,Can Baró,138,7023,..,2,11
2010,7,Horta-Guinardó,34,Can Baró,138,7023,..,2,15
2010,7,Horta-Guinardó,34,Can Baró,138,7024,..,1,0
2010,7,Horta-Guinardó,34,Can Baró,138,7024,..,1,2
2010,7,Horta-Guinardó,34,Can Baró,138,7024,..,1,3
2010,7,Horta-Guinardó,34,Can Baró,138,7024,..,1,4
2010,7,Horta-Guinardó,34,Can Baró,138,7024,5,1,5
2010,7,Horta-Guinardó,34,Can Baró,138,7024,..,1,6
2010,7,Horta-Guinardó,34,Can Baró,138,7024,..,1,7
2010,7,Horta-Guinardó,34,Can Baró,138,7024,..,1,8
2010,7,Horta-Guinardó,34,Can Baró,138,7024,..,1,9
2010,7,Horta-Guinardó,34,Can Baró,138,7024,..,1,13
2010,7,Horta-Guinardó,34,Can Baró,138,7024,..,1,16
2010,7,Horta-Guinardó,34,Can Baró,138,7024,..,2,0
2010,7,Horta-Guinardó,34,Can Baró,138,7024,..,2,1
2010,7,Horta-Guinardó,34,Can Baró,138,7024,..,2,2
2010,7,Horta-Guinardó,34,Can Baró,138,7024,..,2,4
2010,7,Horta-Guinardó,34,Can Baró,138,7024,5,2,5
2010,7,Horta-Guinardó,34,Can Baró,138,7024,7,2,6
2010,7,Horta-Guinardó,34,Can Baró,138,7024,5,2,7
2010,7,Horta-Guinardó,34,Can Baró,138,7024,6,2,8
2010,7,Horta-Guinardó,34,Can Baró,138,7024,5,2,9
2010,7,Horta-Guinardó,34,Can Baró,138,7024,..,2,10
2010,7,Horta-Guinardó,34,Can Baró,138,7024,..,2,12
2010,7,Horta-Guinardó,34,Can Baró,138,7025,..,1,0
2010,7,Horta-Guinardó,34,Can Baró,138,7025,..,1,2
2010,7,Horta-Guinardó,34,Can Baró,138,7025,..,1,3
2010,7,Horta-Guinardó,34,Can Baró,138,7025,5,1,4
2010,7,Horta-Guinardó,34,Can Baró,138,7025,7,1,5
2010,7,Horta-Guinardó,34,Can Baró,138,7025,7,1,6
2010,7,Horta-Guinardó,34,Can Baró,138,7025,5,1,7
2010,7,Horta-Guinardó,34,Can Baró,138,7025,..,1,8
2010,7,Horta-Guinardó,34,Can Baró,138,7025,..,1,9
2010,7,Horta-Guinardó,34,Can Baró,138,7025,..,1,10
2010,7,Horta-Guinardó,34,Can Baró,138,7025,..,1,12
2010,7,Horta-Guinardó,34,Can Baró,138,7025,..,1,14
2010,7,Horta-Guinardó,34,Can Baró,138,7025,..,1,15
2010,7,Horta-Guinardó,34,Can Baró,138,7025,..,2,0
2010,7,Horta-Guinardó,34,Can Baró,138,7025,..,2,1
2010,7,Horta-Guinardó,34,Can Baró,138,7025,..,2,3
2010,7,Horta-Guinardó,34,Can Baró,138,7025,..,2,4
2010,7,Horta-Guinardó,34,Can Baró,138,7025,13,2,5
2010,7,Horta-Guinardó,34,Can Baró,138,7025,9,2,6
2010,7,Horta-Guinardó,34,Can Baró,138,7025,5,2,7
2010,7,Horta-Guinardó,34,Can Baró,138,7025,..,2,8
2010,7,Horta-Guinardó,34,Can Baró,138,7025,..,2,9
2010,7,Horta-Guinardó,34,Can Baró,138,7025,..,2,10
2010,7,Horta-Guinardó,34,Can Baró,138,7025,..,2,15
2010,7,Horta-Guinardó,34,Can Baró,138,7026,..,1,0
2010,7,Horta-Guinardó,34,Can Baró,138,7026,..,1,1
2010,7,Horta-Guinardó,34,Can Baró,138,7026,..,1,4
2010,7,Horta-Guinardó,34,Can Baró,138,7026,..,1,5
2010,7,Horta-Guinardó,34,Can Baró,138,7026,..,1,6
2010,7,Horta-Guinardó,34,Can Baró,138,7026,..,1,7
2010,7,Horta-Guinardó,34,Can Baró,138,7026,..,1,11
2010,7,Horta-Guinardó,34,Can Baró,138,7026,..,1,12
2010,7,Horta-Guinardó,34,Can Baró,138,7026,..,1,16
2010,7,Horta-Guinardó,34,Can Baró,138,7026,..,2,4
2010,7,Horta-Guinardó,34,Can Baró,138,7026,..,2,5
2010,7,Horta-Guinardó,34,Can Baró,138,7026,..,2,6
2010,7,Horta-Guinardó,34,Can Baró,138,7026,..,2,8
2010,7,Horta-Guinardó,34,Can Baró,138,7026,..,2,9
2010,7,Horta-Guinardó,34,Can Baró,138,7026,..,2,12
2010,7,Horta-Guinardó,34,Can Baró,138,7026,..,2,14
2010,7,Horta-Guinardó,35,el Guinardó,139,7027,..,1,0
2010,7,Horta-Guinardó,35,el Guinardó,139,7027,..,1,1
2010,7,Horta-Guinardó,35,el Guinardó,139,7027,..,1,2
2010,7,Horta-Guinardó,35,el Guinardó,139,7027,..,1,3
2010,7,Horta-Guinardó,35,el Guinardó,139,7027,8,1,4
2010,7,Horta-Guinardó,35,el Guinardó,139,7027,15,1,5
2010,7,Horta-Guinardó,35,el Guinardó,139,7027,6,1,6
2010,7,Horta-Guinardó,35,el Guinardó,139,7027,7,1,7
2010,7,Horta-Guinardó,35,el Guinardó,139,7027,..,1,8
2010,7,Horta-Guinardó,35,el Guinardó,139,7027,..,1,9
2010,7,Horta-Guinardó,35,el Guinardó,139,7027,..,1,10
2010,7,Horta-Guinardó,35,el Guinardó,139,7027,..,1,12
2010,7,Horta-Guinardó,35,el Guinardó,139,7027,..,1,13
2010,7,Horta-Guinardó,35,el Guinardó,139,7027,5,2,0
2010,7,Horta-Guinardó,35,el Guinardó,139,7027,..,2,1
2010,7,Horta-Guinardó,35,el Guinardó,139,7027,..,2,3
2010,7,Horta-Guinardó,35,el Guinardó,139,7027,..,2,4
2010,7,Horta-Guinardó,35,el Guinardó,139,7027,10,2,5
2010,7,Horta-Guinardó,35,el Guinardó,139,7027,13,2,6
2010,7,Horta-Guinardó,35,el Guinardó,139,7027,6,2,7
2010,7,Horta-Guinardó,35,el Guinardó,139,7027,..,2,8
2010,7,Horta-Guinardó,35,el Guinardó,139,7027,..,2,9
2010,7,Horta-Guinardó,35,el Guinardó,139,7027,..,2,10
2010,7,Horta-Guinardó,35,el Guinardó,139,7027,..,2,14
2010,7,Horta-Guinardó,35,el Guinardó,139,7028,..,1,0
2010,7,Horta-Guinardó,35,el Guinardó,139,7028,..,1,1
2010,7,Horta-Guinardó,35,el Guinardó,139,7028,..,1,2
2010,7,Horta-Guinardó,35,el Guinardó,139,7028,..,1,3
2010,7,Horta-Guinardó,35,el Guinardó,139,7028,6,1,4
2010,7,Horta-Guinardó,35,el Guinardó,139,7028,9,1,5
2010,7,Horta-Guinardó,35,el Guinardó,139,7028,6,1,6
2010,7,Horta-Guinardó,35,el Guinardó,139,7028,..,1,7
2010,7,Horta-Guinardó,35,el Guinardó,139,7028,..,1,11
2010,7,Horta-Guinardó,35,el Guinardó,139,7028,..,2,0
2010,7,Horta-Guinardó,35,el Guinardó,139,7028,..,2,1
2010,7,Horta-Guinardó,35,el Guinardó,139,7028,..,2,3
2010,7,Horta-Guinardó,35,el Guinardó,139,7028,..,2,4
2010,7,Horta-Guinardó,35,el Guinardó,139,7028,5,2,5
2010,7,Horta-Guinardó,35,el Guinardó,139,7028,9,2,6
2010,7,Horta-Guinardó,35,el Guinardó,139,7028,7,2,7
2010,7,Horta-Guinardó,35,el Guinardó,139,7028,..,2,8
2010,7,Horta-Guinardó,35,el Guinardó,139,7028,..,2,9
2010,7,Horta-Guinardó,35,el Guinardó,139,7028,..,2,10
2010,7,Horta-Guinardó,35,el Guinardó,139,7028,..,2,12
2010,7,Horta-Guinardó,35,el Guinardó,139,7029,..,1,0
2010,7,Horta-Guinardó,35,el Guinardó,139,7029,..,1,1
2010,7,Horta-Guinardó,35,el Guinardó,139,7029,..,1,2
2010,7,Horta-Guinardó,35,el Guinardó,139,7029,..,1,3
2010,7,Horta-Guinardó,35,el Guinardó,139,7029,..,1,4
2010,7,Horta-Guinardó,35,el Guinardó,139,7029,6,1,5
2010,7,Horta-Guinardó,35,el Guinardó,139,7029,6,1,6
2010,7,Horta-Guinardó,35,el Guinardó,139,7029,..,1,7
2010,7,Horta-Guinardó,35,el Guinardó,139,7029,..,1,9
2010,7,Horta-Guinardó,35,el Guinardó,139,7029,..,1,10
2010,7,Horta-Guinardó,35,el Guinardó,139,7029,..,2,0
2010,7,Horta-Guinardó,35,el Guinardó,139,7029,..,2,1
2010,7,Horta-Guinardó,35,el Guinardó,139,7029,..,2,2
2010,7,Horta-Guinardó,35,el Guinardó,139,7029,..,2,3
2010,7,Horta-Guinardó,35,el Guinardó,139,7029,..,2,4
2010,7,Horta-Guinardó,35,el Guinardó,139,7029,9,2,5
2010,7,Horta-Guinardó,35,el Guinardó,139,7029,..,2,6
2010,7,Horta-Guinardó,35,el Guinardó,139,7029,..,2,7
2010,7,Horta-Guinardó,35,el Guinardó,139,7029,..,2,8
2010,7,Horta-Guinardó,35,el Guinardó,139,7029,..,2,9
2010,7,Horta-Guinardó,35,el Guinardó,139,7029,..,2,10
2010,7,Horta-Guinardó,35,el Guinardó,139,7029,..,2,12
2010,7,Horta-Guinardó,35,el Guinardó,139,7030,..,1,0
2010,7,Horta-Guinardó,35,el Guinardó,139,7030,..,1,3
2010,7,Horta-Guinardó,35,el Guinardó,139,7030,5,1,4
2010,7,Horta-Guinardó,35,el Guinardó,139,7030,9,1,5
2010,7,Horta-Guinardó,35,el Guinardó,139,7030,7,1,6
2010,7,Horta-Guinardó,35,el Guinardó,139,7030,..,1,7
2010,7,Horta-Guinardó,35,el Guinardó,139,7030,..,1,9
2010,7,Horta-Guinardó,35,el Guinardó,139,7030,..,1,13
2010,7,Horta-Guinardó,35,el Guinardó,139,7030,..,1,16
2010,7,Horta-Guinardó,35,el Guinardó,139,7030,..,1,17
2010,7,Horta-Guinardó,35,el Guinardó,139,7030,..,2,0
2010,7,Horta-Guinardó,35,el Guinardó,139,7030,..,2,1
2010,7,Horta-Guinardó,35,el Guinardó,139,7030,..,2,3
2010,7,Horta-Guinardó,35,el Guinardó,139,7030,..,2,4
2010,7,Horta-Guinardó,35,el Guinardó,139,7030,5,2,5
2010,7,Horta-Guinardó,35,el Guinardó,139,7030,5,2,6
2010,7,Horta-Guinardó,35,el Guinardó,139,7030,..,2,7
2010,7,Horta-Guinardó,35,el Guinardó,139,7030,..,2,8
2010,7,Horta-Guinardó,35,el Guinardó,139,7030,..,2,9
2010,7,Horta-Guinardó,35,el Guinardó,139,7030,..,2,10
2010,7,Horta-Guinardó,35,el Guinardó,139,7030,..,2,14
2010,7,Horta-Guinardó,35,el Guinardó,140,7031,..,1,0
2010,7,Horta-Guinardó,35,el Guinardó,140,7031,..,1,3
2010,7,Horta-Guinardó,35,el Guinardó,140,7031,..,1,4
2010,7,Horta-Guinardó,35,el Guinardó,140,7031,7,1,5
2010,7,Horta-Guinardó,35,el Guinardó,140,7031,6,1,6
2010,7,Horta-Guinardó,35,el Guinardó,140,7031,..,1,7
2010,7,Horta-Guinardó,35,el Guinardó,140,7031,6,1,8
2010,7,Horta-Guinardó,35,el Guinardó,140,7031,..,1,9
2010,7,Horta-Guinardó,35,el Guinardó,140,7031,..,1,10
2010,7,Horta-Guinardó,35,el Guinardó,140,7031,..,1,11
2010,7,Horta-Guinardó,35,el Guinardó,140,7031,..,1,12
2010,7,Horta-Guinardó,35,el Guinardó,140,7031,..,1,16
2010,7,Horta-Guinardó,35,el Guinardó,140,7031,..,2,0
2010,7,Horta-Guinardó,35,el Guinardó,140,7031,..,2,3
2010,7,Horta-Guinardó,35,el Guinardó,140,7031,6,2,4
2010,7,Horta-Guinardó,35,el Guinardó,140,7031,6,2,5
2010,7,Horta-Guinardó,35,el Guinardó,140,7031,11,2,6
2010,7,Horta-Guinardó,35,el Guinardó,140,7031,5,2,7
2010,7,Horta-Guinardó,35,el Guinardó,140,7031,..,2,8
2010,7,Horta-Guinardó,35,el Guinardó,140,7031,..,2,11
2010,7,Horta-Guinardó,35,el Guinardó,140,7032,..,1,0
2010,7,Horta-Guinardó,35,el Guinardó,140,7032,..,1,4
2010,7,Horta-Guinardó,35,el Guinardó,140,7032,7,1,5
2010,7,Horta-Guinardó,35,el Guinardó,140,7032,..,1,6
2010,7,Horta-Guinardó,35,el Guinardó,140,7032,..,1,7
2010,7,Horta-Guinardó,35,el Guinardó,140,7032,..,1,8
2010,7,Horta-Guinardó,35,el Guinardó,140,7032,..,1,9
2010,7,Horta-Guinardó,35,el Guinardó,140,7032,..,1,11
2010,7,Horta-Guinardó,35,el Guinardó,140,7032,..,1,13
2010,7,Horta-Guinardó,35,el Guinardó,140,7032,..,1,14
2010,7,Horta-Guinardó,35,el Guinardó,140,7032,..,1,17
2010,7,Horta-Guinardó,35,el Guinardó,140,7032,..,2,0
2010,7,Horta-Guinardó,35,el Guinardó,140,7032,6,2,5
2010,7,Horta-Guinardó,35,el Guinardó,140,7032,5,2,6
2010,7,Horta-Guinardó,35,el Guinardó,140,7032,..,2,7
2010,7,Horta-Guinardó,35,el Guinardó,140,7032,..,2,8
2010,7,Horta-Guinardó,35,el Guinardó,140,7032,..,2,9
2010,7,Horta-Guinardó,35,el Guinardó,140,7032,..,2,12
2010,7,Horta-Guinardó,35,el Guinardó,140,7032,..,2,15
2010,7,Horta-Guinardó,35,el Guinardó,140,7033,5,1,0
2010,7,Horta-Guinardó,35,el Guinardó,140,7033,..,1,1
2010,7,Horta-Guinardó,35,el Guinardó,140,7033,..,1,4
2010,7,Horta-Guinardó,35,el Guinardó,140,7033,9,1,5
2010,7,Horta-Guinardó,35,el Guinardó,140,7033,..,1,6
2010,7,Horta-Guinardó,35,el Guinardó,140,7033,..,1,7
2010,7,Horta-Guinardó,35,el Guinardó,140,7033,..,1,8
2010,7,Horta-Guinardó,35,el Guinardó,140,7033,..,1,9
2010,7,Horta-Guinardó,35,el Guinardó,140,7033,..,1,10
2010,7,Horta-Guinardó,35,el Guinardó,140,7033,..,1,11
2010,7,Horta-Guinardó,35,el Guinardó,140,7033,..,1,12
2010,7,Horta-Guinardó,35,el Guinardó,140,7033,..,1,13
2010,7,Horta-Guinardó,35,el Guinardó,140,7033,..,1,14
2010,7,Horta-Guinardó,35,el Guinardó,140,7033,..,2,0
2010,7,Horta-Guinardó,35,el Guinardó,140,7033,..,2,1
2010,7,Horta-Guinardó,35,el Guinardó,140,7033,..,2,5
2010,7,Horta-Guinardó,35,el Guinardó,140,7033,8,2,6
2010,7,Horta-Guinardó,35,el Guinardó,140,7033,..,2,7
2010,7,Horta-Guinardó,35,el Guinardó,140,7033,..,2,13
2010,7,Horta-Guinardó,35,el Guinardó,140,7033,..,2,17
2010,7,Horta-Guinardó,35,el Guinardó,140,7034,..,1,1
2010,7,Horta-Guinardó,35,el Guinardó,140,7034,..,1,2
2010,7,Horta-Guinardó,35,el Guinardó,140,7034,..,1,3
2010,7,Horta-Guinardó,35,el Guinardó,140,7034,..,1,4
2010,7,Horta-Guinardó,35,el Guinardó,140,7034,10,1,5
2010,7,Horta-Guinardó,35,el Guinardó,140,7034,6,1,6
2010,7,Horta-Guinardó,35,el Guinardó,140,7034,..,1,7
2010,7,Horta-Guinardó,35,el Guinardó,140,7034,..,1,8
2010,7,Horta-Guinardó,35,el Guinardó,140,7034,..,1,9
2010,7,Horta-Guinardó,35,el Guinardó,140,7034,..,1,11
2010,7,Horta-Guinardó,35,el Guinardó,140,7034,..,1,12
2010,7,Horta-Guinardó,35,el Guinardó,140,7034,..,1,17
2010,7,Horta-Guinardó,35,el Guinardó,140,7034,..,2,0
2010,7,Horta-Guinardó,35,el Guinardó,140,7034,..,2,1
2010,7,Horta-Guinardó,35,el Guinardó,140,7034,..,2,3
2010,7,Horta-Guinardó,35,el Guinardó,140,7034,..,2,4
2010,7,Horta-Guinardó,35,el Guinardó,140,7034,..,2,5
2010,7,Horta-Guinardó,35,el Guinardó,140,7034,6,2,6
2010,7,Horta-Guinardó,35,el Guinardó,140,7034,..,2,7
2010,7,Horta-Guinardó,35,el Guinardó,140,7034,5,2,8
2010,7,Horta-Guinardó,35,el Guinardó,140,7034,..,2,9
2010,7,Horta-Guinardó,35,el Guinardó,140,7034,..,2,12
2010,7,Horta-Guinardó,35,el Guinardó,140,7034,..,2,14
2010,7,Horta-Guinardó,35,el Guinardó,140,7035,..,1,0
2010,7,Horta-Guinardó,35,el Guinardó,140,7035,..,1,1
2010,7,Horta-Guinardó,35,el Guinardó,140,7035,..,1,2
2010,7,Horta-Guinardó,35,el Guinardó,140,7035,..,1,3
2010,7,Horta-Guinardó,35,el Guinardó,140,7035,5,1,4
2010,7,Horta-Guinardó,35,el Guinardó,140,7035,8,1,5
2010,7,Horta-Guinardó,35,el Guinardó,140,7035,7,1,6
2010,7,Horta-Guinardó,35,el Guinardó,140,7035,7,1,7
2010,7,Horta-Guinardó,35,el Guinardó,140,7035,5,1,8
2010,7,Horta-Guinardó,35,el Guinardó,140,7035,..,1,9
2010,7,Horta-Guinardó,35,el Guinardó,140,7035,..,1,10
2010,7,Horta-Guinardó,35,el Guinardó,140,7035,..,1,11
2010,7,Horta-Guinardó,35,el Guinardó,140,7035,..,1,12
2010,7,Horta-Guinardó,35,el Guinardó,140,7035,..,1,13
2010,7,Horta-Guinardó,35,el Guinardó,140,7035,..,1,15
2010,7,Horta-Guinardó,35,el Guinardó,140,7035,..,1,17
2010,7,Horta-Guinardó,35,el Guinardó,140,7035,..,2,0
2010,7,Horta-Guinardó,35,el Guinardó,140,7035,..,2,1
2010,7,Horta-Guinardó,35,el Guinardó,140,7035,..,2,3
2010,7,Horta-Guinardó,35,el Guinardó,140,7035,..,2,4
2010,7,Horta-Guinardó,35,el Guinardó,140,7035,9,2,5
2010,7,Horta-Guinardó,35,el Guinardó,140,7035,..,2,6
2010,7,Horta-Guinardó,35,el Guinardó,140,7035,..,2,7
2010,7,Horta-Guinardó,35,el Guinardó,140,7035,..,2,8
2010,7,Horta-Guinardó,35,el Guinardó,140,7035,..,2,9
2010,7,Horta-Guinardó,35,el Guinardó,140,7035,..,2,10
2010,7,Horta-Guinardó,35,el Guinardó,140,7035,..,2,11
2010,7,Horta-Guinardó,35,el Guinardó,140,7035,..,2,12
2010,7,Horta-Guinardó,35,el Guinardó,140,7035,..,2,13
2010,7,Horta-Guinardó,35,el Guinardó,140,7036,..,1,3
2010,7,Horta-Guinardó,35,el Guinardó,140,7036,6,1,4
2010,7,Horta-Guinardó,35,el Guinardó,140,7036,7,1,5
2010,7,Horta-Guinardó,35,el Guinardó,140,7036,..,1,6
2010,7,Horta-Guinardó,35,el Guinardó,140,7036,..,1,7
2010,7,Horta-Guinardó,35,el Guinardó,140,7036,..,1,11
2010,7,Horta-Guinardó,35,el Guinardó,140,7036,..,1,14
2010,7,Horta-Guinardó,35,el Guinardó,140,7036,..,1,15
2010,7,Horta-Guinardó,35,el Guinardó,140,7036,..,1,16
2010,7,Horta-Guinardó,35,el Guinardó,140,7036,..,1,17
2010,7,Horta-Guinardó,35,el Guinardó,140,7036,..,1,18
2010,7,Horta-Guinardó,35,el Guinardó,140,7036,..,2,0
2010,7,Horta-Guinardó,35,el Guinardó,140,7036,..,2,1
2010,7,Horta-Guinardó,35,el Guinardó,140,7036,..,2,2
2010,7,Horta-Guinardó,35,el Guinardó,140,7036,..,2,4
2010,7,Horta-Guinardó,35,el Guinardó,140,7036,..,2,5
2010,7,Horta-Guinardó,35,el Guinardó,140,7036,8,2,6
2010,7,Horta-Guinardó,35,el Guinardó,140,7036,..,2,7
2010,7,Horta-Guinardó,35,el Guinardó,140,7036,..,2,8
2010,7,Horta-Guinardó,35,el Guinardó,140,7036,..,2,10
2010,7,Horta-Guinardó,35,el Guinardó,140,7036,..,2,11
2010,7,Horta-Guinardó,35,el Guinardó,140,7036,..,2,12
2010,7,Horta-Guinardó,35,el Guinardó,140,7037,..,1,0
2010,7,Horta-Guinardó,35,el Guinardó,140,7037,..,1,1
2010,7,Horta-Guinardó,35,el Guinardó,140,7037,..,1,2
2010,7,Horta-Guinardó,35,el Guinardó,140,7037,..,1,3
2010,7,Horta-Guinardó,35,el Guinardó,140,7037,..,1,4
2010,7,Horta-Guinardó,35,el Guinardó,140,7037,7,1,5
2010,7,Horta-Guinardó,35,el Guinardó,140,7037,5,1,6
2010,7,Horta-Guinardó,35,el Guinardó,140,7037,..,1,7
2010,7,Horta-Guinardó,35,el Guinardó,140,7037,..,1,9
2010,7,Horta-Guinardó,35,el Guinardó,140,7037,..,1,11
2010,7,Horta-Guinardó,35,el Guinardó,140,7037,..,1,12
2010,7,Horta-Guinardó,35,el Guinardó,140,7037,..,1,18
2010,7,Horta-Guinardó,35,el Guinardó,140,7037,..,2,2
2010,7,Horta-Guinardó,35,el Guinardó,140,7037,..,2,3
2010,7,Horta-Guinardó,35,el Guinardó,140,7037,..,2,4
2010,7,Horta-Guinardó,35,el Guinardó,140,7037,..,2,5
2010,7,Horta-Guinardó,35,el Guinardó,140,7037,6,2,6
2010,7,Horta-Guinardó,35,el Guinardó,140,7037,..,2,7
2010,7,Horta-Guinardó,35,el Guinardó,140,7037,..,2,8
2010,7,Horta-Guinardó,35,el Guinardó,140,7037,..,2,9
2010,7,Horta-Guinardó,35,el Guinardó,140,7037,..,2,10
2010,7,Horta-Guinardó,35,el Guinardó,140,7037,..,2,11
2010,7,Horta-Guinardó,35,el Guinardó,140,7037,..,2,13
2010,7,Horta-Guinardó,35,el Guinardó,140,7037,..,2,14
2010,7,Horta-Guinardó,35,el Guinardó,140,7038,..,1,0
2010,7,Horta-Guinardó,35,el Guinardó,140,7038,..,1,3
2010,7,Horta-Guinardó,35,el Guinardó,140,7038,..,1,4
2010,7,Horta-Guinardó,35,el Guinardó,140,7038,6,1,5
2010,7,Horta-Guinardó,35,el Guinardó,140,7038,5,1,6
2010,7,Horta-Guinardó,35,el Guinardó,140,7038,..,1,7
2010,7,Horta-Guinardó,35,el Guinardó,140,7038,..,1,9
2010,7,Horta-Guinardó,35,el Guinardó,140,7038,..,1,10
2010,7,Horta-Guinardó,35,el Guinardó,140,7038,..,1,11
2010,7,Horta-Guinardó,35,el Guinardó,140,7038,..,1,12
2010,7,Horta-Guinardó,35,el Guinardó,140,7038,..,1,16
2010,7,Horta-Guinardó,35,el Guinardó,140,7038,..,1,17
2010,7,Horta-Guinardó,35,el Guinardó,140,7038,..,2,0
2010,7,Horta-Guinardó,35,el Guinardó,140,7038,..,2,1
2010,7,Horta-Guinardó,35,el Guinardó,140,7038,..,2,3
2010,7,Horta-Guinardó,35,el Guinardó,140,7038,..,2,4
2010,7,Horta-Guinardó,35,el Guinardó,140,7038,..,2,5
2010,7,Horta-Guinardó,35,el Guinardó,140,7038,7,2,6
2010,7,Horta-Guinardó,35,el Guinardó,140,7038,..,2,8
2010,7,Horta-Guinardó,35,el Guinardó,140,7038,..,2,10
2010,7,Horta-Guinardó,35,el Guinardó,140,7038,..,2,12
2010,7,Horta-Guinardó,35,el Guinardó,140,7038,..,2,13
2010,7,Horta-Guinardó,35,el Guinardó,141,7039,..,1,1
2010,7,Horta-Guinardó,35,el Guinardó,141,7039,..,1,2
2010,7,Horta-Guinardó,35,el Guinardó,141,7039,7,1,4
2010,7,Horta-Guinardó,35,el Guinardó,141,7039,8,1,5
2010,7,Horta-Guinardó,35,el Guinardó,141,7039,8,1,6
2010,7,Horta-Guinardó,35,el Guinardó,141,7039,6,1,7
2010,7,Horta-Guinardó,35,el Guinardó,141,7039,..,1,8
2010,7,Horta-Guinardó,35,el Guinardó,141,7039,..,1,9
2010,7,Horta-Guinardó,35,el Guinardó,141,7039,..,1,11
2010,7,Horta-Guinardó,35,el Guinardó,141,7039,..,1,12
2010,7,Horta-Guinardó,35,el Guinardó,141,7039,..,1,14
2010,7,Horta-Guinardó,35,el Guinardó,141,7039,..,1,16
2010,7,Horta-Guinardó,35,el Guinardó,141,7039,..,1,17
2010,7,Horta-Guinardó,35,el Guinardó,141,7039,..,2,0
2010,7,Horta-Guinardó,35,el Guinardó,141,7039,..,2,1
2010,7,Horta-Guinardó,35,el Guinardó,141,7039,..,2,2
2010,7,Horta-Guinardó,35,el Guinardó,141,7039,..,2,4
2010,7,Horta-Guinardó,35,el Guinardó,141,7039,7,2,5
2010,7,Horta-Guinardó,35,el Guinardó,141,7039,..,2,6
2010,7,Horta-Guinardó,35,el Guinardó,141,7039,..,2,7
2010,7,Horta-Guinardó,35,el Guinardó,141,7039,5,2,8
2010,7,Horta-Guinardó,35,el Guinardó,141,7039,..,2,9
2010,7,Horta-Guinardó,35,el Guinardó,141,7039,..,2,13
2010,7,Horta-Guinardó,35,el Guinardó,141,7039,..,2,15
2010,7,Horta-Guinardó,35,el Guinardó,141,7040,..,1,0
2010,7,Horta-Guinardó,35,el Guinardó,141,7040,..,1,2
2010,7,Horta-Guinardó,35,el Guinardó,141,7040,..,1,3
2010,7,Horta-Guinardó,35,el Guinardó,141,7040,..,1,4
2010,7,Horta-Guinardó,35,el Guinardó,141,7040,13,1,5
2010,7,Horta-Guinardó,35,el Guinardó,141,7040,..,1,6
2010,7,Horta-Guinardó,35,el Guinardó,141,7040,8,1,7
2010,7,Horta-Guinardó,35,el Guinardó,141,7040,..,1,8
2010,7,Horta-Guinardó,35,el Guinardó,141,7040,..,1,9
2010,7,Horta-Guinardó,35,el Guinardó,141,7040,..,1,10
2010,7,Horta-Guinardó,35,el Guinardó,141,7040,..,1,12
2010,7,Horta-Guinardó,35,el Guinardó,141,7040,..,1,16
2010,7,Horta-Guinardó,35,el Guinardó,141,7040,..,2,0
2010,7,Horta-Guinardó,35,el Guinardó,141,7040,..,2,2
2010,7,Horta-Guinardó,35,el Guinardó,141,7040,..,2,3
2010,7,Horta-Guinardó,35,el Guinardó,141,7040,..,2,4
2010,7,Horta-Guinardó,35,el Guinardó,141,7040,13,2,5
2010,7,Horta-Guinardó,35,el Guinardó,141,7040,8,2,6
2010,7,Horta-Guinardó,35,el Guinardó,141,7040,..,2,7
2010,7,Horta-Guinardó,35,el Guinardó,141,7040,..,2,8
2010,7,Horta-Guinardó,35,el Guinardó,141,7040,5,2,9
2010,7,Horta-Guinardó,35,el Guinardó,141,7040,..,2,10
2010,7,Horta-Guinardó,35,el Guinardó,141,7040,..,2,11
2010,7,Horta-Guinardó,35,el Guinardó,141,7040,..,2,12
2010,7,Horta-Guinardó,35,el Guinardó,141,7040,..,2,15
2010,7,Horta-Guinardó,35,el Guinardó,141,7041,6,1,0
2010,7,Horta-Guinardó,35,el Guinardó,141,7041,..,1,1
2010,7,Horta-Guinardó,35,el Guinardó,141,7041,5,1,3
2010,7,Horta-Guinardó,35,el Guinardó,141,7041,6,1,4
2010,7,Horta-Guinardó,35,el Guinardó,141,7041,11,1,5
2010,7,Horta-Guinardó,35,el Guinardó,141,7041,9,1,6
2010,7,Horta-Guinardó,35,el Guinardó,141,7041,5,1,7
2010,7,Horta-Guinardó,35,el Guinardó,141,7041,..,1,8
2010,7,Horta-Guinardó,35,el Guinardó,141,7041,..,1,9
2010,7,Horta-Guinardó,35,el Guinardó,141,7041,..,1,10
2010,7,Horta-Guinardó,35,el Guinardó,141,7041,..,1,11
2010,7,Horta-Guinardó,35,el Guinardó,141,7041,..,1,12
2010,7,Horta-Guinardó,35,el Guinardó,141,7041,..,1,13
2010,7,Horta-Guinardó,35,el Guinardó,141,7041,..,1,16
2010,7,Horta-Guinardó,35,el Guinardó,141,7041,..,1,17
2010,7,Horta-Guinardó,35,el Guinardó,141,7041,..,2,0
2010,7,Horta-Guinardó,35,el Guinardó,141,7041,..,2,1
2010,7,Horta-Guinardó,35,el Guinardó,141,7041,..,2,2
2010,7,Horta-Guinardó,35,el Guinardó,141,7041,..,2,4
2010,7,Horta-Guinardó,35,el Guinardó,141,7041,..,2,5
2010,7,Horta-Guinardó,35,el Guinardó,141,7041,11,2,6
2010,7,Horta-Guinardó,35,el Guinardó,141,7041,5,2,7
2010,7,Horta-Guinardó,35,el Guinardó,141,7041,..,2,8
2010,7,Horta-Guinardó,35,el Guinardó,141,7041,..,2,9
2010,7,Horta-Guinardó,35,el Guinardó,141,7041,..,2,10
2010,7,Horta-Guinardó,35,el Guinardó,141,7041,..,2,11
2010,7,Horta-Guinardó,35,el Guinardó,142,7042,5,1,0
2010,7,Horta-Guinardó,35,el Guinardó,142,7042,..,1,1
2010,7,Horta-Guinardó,35,el Guinardó,142,7042,..,1,2
2010,7,Horta-Guinardó,35,el Guinardó,142,7042,..,1,3
2010,7,Horta-Guinardó,35,el Guinardó,142,7042,5,1,4
2010,7,Horta-Guinardó,35,el Guinardó,142,7042,14,1,5
2010,7,Horta-Guinardó,35,el Guinardó,142,7042,..,1,6
2010,7,Horta-Guinardó,35,el Guinardó,142,7042,5,1,7
2010,7,Horta-Guinardó,35,el Guinardó,142,7042,..,1,8
2010,7,Horta-Guinardó,35,el Guinardó,142,7042,..,1,9
2010,7,Horta-Guinardó,35,el Guinardó,142,7042,..,1,10
2010,7,Horta-Guinardó,35,el Guinardó,142,7042,..,1,11
2010,7,Horta-Guinardó,35,el Guinardó,142,7042,..,1,17
2010,7,Horta-Guinardó,35,el Guinardó,142,7042,5,2,0
2010,7,Horta-Guinardó,35,el Guinardó,142,7042,7,2,4
2010,7,Horta-Guinardó,35,el Guinardó,142,7042,7,2,5
2010,7,Horta-Guinardó,35,el Guinardó,142,7042,6,2,6
2010,7,Horta-Guinardó,35,el Guinardó,142,7042,..,2,7
2010,7,Horta-Guinardó,35,el Guinardó,142,7042,7,2,8
2010,7,Horta-Guinardó,35,el Guinardó,142,7042,..,2,9
2010,7,Horta-Guinardó,35,el Guinardó,142,7042,..,2,10
2010,7,Horta-Guinardó,35,el Guinardó,142,7042,..,2,11
2010,7,Horta-Guinardó,35,el Guinardó,142,7042,..,2,12
2010,7,Horta-Guinardó,35,el Guinardó,142,7042,..,2,17
2010,7,Horta-Guinardó,35,el Guinardó,142,7043,..,1,0
2010,7,Horta-Guinardó,35,el Guinardó,142,7043,..,1,1
2010,7,Horta-Guinardó,35,el Guinardó,142,7043,..,1,2
2010,7,Horta-Guinardó,35,el Guinardó,142,7043,..,1,4
2010,7,Horta-Guinardó,35,el Guinardó,142,7043,6,1,5
2010,7,Horta-Guinardó,35,el Guinardó,142,7043,7,1,6
2010,7,Horta-Guinardó,35,el Guinardó,142,7043,..,1,7
2010,7,Horta-Guinardó,35,el Guinardó,142,7043,..,1,10
2010,7,Horta-Guinardó,35,el Guinardó,142,7043,..,1,11
2010,7,Horta-Guinardó,35,el Guinardó,142,7043,..,1,12
2010,7,Horta-Guinardó,35,el Guinardó,142,7043,..,2,0
2010,7,Horta-Guinardó,35,el Guinardó,142,7043,..,2,1
2010,7,Horta-Guinardó,35,el Guinardó,142,7043,..,2,2
2010,7,Horta-Guinardó,35,el Guinardó,142,7043,..,2,3
2010,7,Horta-Guinardó,35,el Guinardó,142,7043,..,2,4
2010,7,Horta-Guinardó,35,el Guinardó,142,7043,..,2,5
2010,7,Horta-Guinardó,35,el Guinardó,142,7043,..,2,6
2010,7,Horta-Guinardó,35,el Guinardó,142,7043,..,2,7
2010,7,Horta-Guinardó,35,el Guinardó,142,7043,..,2,9
2010,7,Horta-Guinardó,35,el Guinardó,142,7043,..,2,10
2010,7,Horta-Guinardó,35,el Guinardó,142,7043,..,2,12
2010,7,Horta-Guinardó,35,el Guinardó,142,7043,..,2,14
2010,7,Horta-Guinardó,35,el Guinardó,142,7044,..,1,2
2010,7,Horta-Guinardó,35,el Guinardó,142,7044,..,1,4
2010,7,Horta-Guinardó,35,el Guinardó,142,7044,6,1,5
2010,7,Horta-Guinardó,35,el Guinardó,142,7044,..,1,6
2010,7,Horta-Guinardó,35,el Guinardó,142,7044,..,1,7
2010,7,Horta-Guinardó,35,el Guinardó,142,7044,..,1,8
2010,7,Horta-Guinardó,35,el Guinardó,142,7044,..,1,13
2010,7,Horta-Guinardó,35,el Guinardó,142,7044,..,2,0
2010,7,Horta-Guinardó,35,el Guinardó,142,7044,..,2,5
2010,7,Horta-Guinardó,35,el Guinardó,142,7044,..,2,6
2010,7,Horta-Guinardó,35,el Guinardó,142,7044,..,2,7
2010,7,Horta-Guinardó,35,el Guinardó,142,7044,..,2,9
2010,7,Horta-Guinardó,35,el Guinardó,142,7044,..,2,10
2010,7,Horta-Guinardó,35,el Guinardó,142,7044,..,2,13
2010,7,Horta-Guinardó,35,el Guinardó,142,7045,..,1,0
2010,7,Horta-Guinardó,35,el Guinardó,142,7045,..,1,2
2010,7,Horta-Guinardó,35,el Guinardó,142,7045,..,1,3
2010,7,Horta-Guinardó,35,el Guinardó,142,7045,..,1,4
2010,7,Horta-Guinardó,35,el Guinardó,142,7045,10,1,5
2010,7,Horta-Guinardó,35,el Guinardó,142,7045,..,1,6
2010,7,Horta-Guinardó,35,el Guinardó,142,7045,..,1,7
2010,7,Horta-Guinardó,35,el Guinardó,142,7045,..,1,9
2010,7,Horta-Guinardó,35,el Guinardó,142,7045,..,1,11
2010,7,Horta-Guinardó,35,el Guinardó,142,7045,..,1,12
2010,7,Horta-Guinardó,35,el Guinardó,142,7045,..,1,13
2010,7,Horta-Guinardó,35,el Guinardó,142,7045,..,1,15
2010,7,Horta-Guinardó,35,el Guinardó,142,7045,..,2,0
2010,7,Horta-Guinardó,35,el Guinardó,142,7045,..,2,1
2010,7,Horta-Guinardó,35,el Guinardó,142,7045,..,2,2
2010,7,Horta-Guinardó,35,el Guinardó,142,7045,..,2,3
2010,7,Horta-Guinardó,35,el Guinardó,142,7045,5,2,4
2010,7,Horta-Guinardó,35,el Guinardó,142,7045,..,2,5
2010,7,Horta-Guinardó,35,el Guinardó,142,7045,..,2,7
2010,7,Horta-Guinardó,35,el Guinardó,142,7045,..,2,8
2010,7,Horta-Guinardó,35,el Guinardó,142,7045,..,2,9
2010,7,Horta-Guinardó,35,el Guinardó,142,7045,..,2,10
2010,7,Horta-Guinardó,35,el Guinardó,142,7045,..,2,11
2010,7,Horta-Guinardó,35,el Guinardó,142,7045,..,2,15
2010,7,Horta-Guinardó,35,el Guinardó,142,7046,..,1,0
2010,7,Horta-Guinardó,35,el Guinardó,142,7046,..,1,1
2010,7,Horta-Guinardó,35,el Guinardó,142,7046,..,1,5
2010,7,Horta-Guinardó,35,el Guinardó,142,7046,..,1,6
2010,7,Horta-Guinardó,35,el Guinardó,142,7046,..,1,7
2010,7,Horta-Guinardó,35,el Guinardó,142,7046,..,1,8
2010,7,Horta-Guinardó,35,el Guinardó,142,7046,..,1,9
2010,7,Horta-Guinardó,35,el Guinardó,142,7046,..,1,11
2010,7,Horta-Guinardó,35,el Guinardó,142,7046,..,1,12
2010,7,Horta-Guinardó,35,el Guinardó,142,7046,..,1,15
2010,7,Horta-Guinardó,35,el Guinardó,142,7046,..,1,17
2010,7,Horta-Guinardó,35,el Guinardó,142,7046,..,2,0
2010,7,Horta-Guinardó,35,el Guinardó,142,7046,..,2,1
2010,7,Horta-Guinardó,35,el Guinardó,142,7046,..,2,2
2010,7,Horta-Guinardó,35,el Guinardó,142,7046,..,2,3
2010,7,Horta-Guinardó,35,el Guinardó,142,7046,..,2,4
2010,7,Horta-Guinardó,35,el Guinardó,142,7046,..,2,5
2010,7,Horta-Guinardó,35,el Guinardó,142,7046,..,2,6
2010,7,Horta-Guinardó,35,el Guinardó,142,7046,..,2,7
2010,7,Horta-Guinardó,35,el Guinardó,142,7046,..,2,8
2010,7,Horta-Guinardó,35,el Guinardó,142,7046,..,2,10
2010,7,Horta-Guinardó,35,el Guinardó,142,7046,..,2,11
2010,7,Horta-Guinardó,35,el Guinardó,142,7046,..,2,12
2010,7,Horta-Guinardó,35,el Guinardó,142,7046,..,2,13
2010,7,Horta-Guinardó,35,el Guinardó,142,7046,..,2,18
2010,7,Horta-Guinardó,35,el Guinardó,143,7047,..,1,0
2010,7,Horta-Guinardó,35,el Guinardó,143,7047,..,1,1
2010,7,Horta-Guinardó,35,el Guinardó,143,7047,..,1,2
2010,7,Horta-Guinardó,35,el Guinardó,143,7047,..,1,3
2010,7,Horta-Guinardó,35,el Guinardó,143,7047,6,1,4
2010,7,Horta-Guinardó,35,el Guinardó,143,7047,9,1,5
2010,7,Horta-Guinardó,35,el Guinardó,143,7047,..,1,6
2010,7,Horta-Guinardó,35,el Guinardó,143,7047,5,1,8
2010,7,Horta-Guinardó,35,el Guinardó,143,7047,..,1,9
2010,7,Horta-Guinardó,35,el Guinardó,143,7047,..,1,10
2010,7,Horta-Guinardó,35,el Guinardó,143,7047,..,1,11
2010,7,Horta-Guinardó,35,el Guinardó,143,7047,..,1,12
2010,7,Horta-Guinardó,35,el Guinardó,143,7047,..,1,16
2010,7,Horta-Guinardó,35,el Guinardó,143,7047,..,1,17
2010,7,Horta-Guinardó,35,el Guinardó,143,7047,..,2,0
2010,7,Horta-Guinardó,35,el Guinardó,143,7047,..,2,1
2010,7,Horta-Guinardó,35,el Guinardó,143,7047,..,2,3
2010,7,Horta-Guinardó,35,el Guinardó,143,7047,..,2,4
2010,7,Horta-Guinardó,35,el Guinardó,143,7047,..,2,5
2010,7,Horta-Guinardó,35,el Guinardó,143,7047,..,2,6
2010,7,Horta-Guinardó,35,el Guinardó,143,7047,6,2,7
2010,7,Horta-Guinardó,35,el Guinardó,143,7047,..,2,8
2010,7,Horta-Guinardó,35,el Guinardó,143,7047,..,2,9
2010,7,Horta-Guinardó,35,el Guinardó,143,7047,..,2,10
2010,7,Horta-Guinardó,35,el Guinardó,143,7047,..,2,11
2010,7,Horta-Guinardó,35,el Guinardó,143,7047,..,2,13
2010,7,Horta-Guinardó,35,el Guinardó,143,7048,..,1,0
2010,7,Horta-Guinardó,35,el Guinardó,143,7048,..,1,1
2010,7,Horta-Guinardó,35,el Guinardó,143,7048,..,1,3
2010,7,Horta-Guinardó,35,el Guinardó,143,7048,7,1,4
2010,7,Horta-Guinardó,35,el Guinardó,143,7048,7,1,5
2010,7,Horta-Guinardó,35,el Guinardó,143,7048,6,1,6
2010,7,Horta-Guinardó,35,el Guinardó,143,7048,..,1,7
2010,7,Horta-Guinardó,35,el Guinardó,143,7048,..,1,8
2010,7,Horta-Guinardó,35,el Guinardó,143,7048,..,1,9
2010,7,Horta-Guinardó,35,el Guinardó,143,7048,..,1,10
2010,7,Horta-Guinardó,35,el Guinardó,143,7048,..,1,15
2010,7,Horta-Guinardó,35,el Guinardó,143,7048,..,1,17
2010,7,Horta-Guinardó,35,el Guinardó,143,7048,..,2,0
2010,7,Horta-Guinardó,35,el Guinardó,143,7048,..,2,1
2010,7,Horta-Guinardó,35,el Guinardó,143,7048,5,2,4
2010,7,Horta-Guinardó,35,el Guinardó,143,7048,13,2,5
2010,7,Horta-Guinardó,35,el Guinardó,143,7048,10,2,6
2010,7,Horta-Guinardó,35,el Guinardó,143,7048,..,2,7
2010,7,Horta-Guinardó,35,el Guinardó,143,7048,..,2,8
2010,7,Horta-Guinardó,35,el Guinardó,143,7048,..,2,9
2010,7,Horta-Guinardó,35,el Guinardó,143,7048,..,2,17
2010,7,Horta-Guinardó,35,el Guinardó,143,7049,..,1,1
2010,7,Horta-Guinardó,35,el Guinardó,143,7049,..,1,2
2010,7,Horta-Guinardó,35,el Guinardó,143,7049,..,1,3
2010,7,Horta-Guinardó,35,el Guinardó,143,7049,..,1,4
2010,7,Horta-Guinardó,35,el Guinardó,143,7049,..,1,5
2010,7,Horta-Guinardó,35,el Guinardó,143,7049,..,1,6
2010,7,Horta-Guinardó,35,el Guinardó,143,7049,..,1,8
2010,7,Horta-Guinardó,35,el Guinardó,143,7049,..,1,9
2010,7,Horta-Guinardó,35,el Guinardó,143,7049,..,1,10
2010,7,Horta-Guinardó,35,el Guinardó,143,7049,..,1,11
2010,7,Horta-Guinardó,35,el Guinardó,143,7049,..,1,15
2010,7,Horta-Guinardó,35,el Guinardó,143,7049,..,2,0
2010,7,Horta-Guinardó,35,el Guinardó,143,7049,..,2,1
2010,7,Horta-Guinardó,35,el Guinardó,143,7049,..,2,2
2010,7,Horta-Guinardó,35,el Guinardó,143,7049,..,2,3
2010,7,Horta-Guinardó,35,el Guinardó,143,7049,..,2,4
2010,7,Horta-Guinardó,35,el Guinardó,143,7049,..,2,5
2010,7,Horta-Guinardó,35,el Guinardó,143,7049,6,2,6
2010,7,Horta-Guinardó,35,el Guinardó,143,7049,..,2,8
2010,7,Horta-Guinardó,35,el Guinardó,143,7049,..,2,10
2010,7,Horta-Guinardó,35,el Guinardó,143,7049,..,2,14
2010,7,Horta-Guinardó,35,el Guinardó,143,7049,..,2,15
2010,7,Horta-Guinardó,35,el Guinardó,143,7050,..,1,0
2010,7,Horta-Guinardó,35,el Guinardó,143,7050,..,1,1
2010,7,Horta-Guinardó,35,el Guinardó,143,7050,..,1,4
2010,7,Horta-Guinardó,35,el Guinardó,143,7050,6,1,5
2010,7,Horta-Guinardó,35,el Guinardó,143,7050,..,1,6
2010,7,Horta-Guinardó,35,el Guinardó,143,7050,..,1,9
2010,7,Horta-Guinardó,35,el Guinardó,143,7050,..,1,10
2010,7,Horta-Guinardó,35,el Guinardó,143,7050,..,1,11
2010,7,Horta-Guinardó,35,el Guinardó,143,7050,..,1,12
2010,7,Horta-Guinardó,35,el Guinardó,143,7050,..,1,13
2010,7,Horta-Guinardó,35,el Guinardó,143,7050,..,1,15
2010,7,Horta-Guinardó,35,el Guinardó,143,7050,..,2,0
2010,7,Horta-Guinardó,35,el Guinardó,143,7050,..,2,1
2010,7,Horta-Guinardó,35,el Guinardó,143,7050,..,2,3
2010,7,Horta-Guinardó,35,el Guinardó,143,7050,..,2,4
2010,7,Horta-Guinardó,35,el Guinardó,143,7050,12,2,5
2010,7,Horta-Guinardó,35,el Guinardó,143,7050,10,2,6
2010,7,Horta-Guinardó,35,el Guinardó,143,7050,11,2,7
2010,7,Horta-Guinardó,35,el Guinardó,143,7050,..,2,8
2010,7,Horta-Guinardó,35,el Guinardó,143,7050,..,2,9
2010,7,Horta-Guinardó,35,el Guinardó,143,7050,..,2,10
2010,7,Horta-Guinardó,35,el Guinardó,143,7050,..,2,14
2010,7,Horta-Guinardó,35,el Guinardó,143,7050,..,2,15
2010,7,Horta-Guinardó,35,el Guinardó,143,7051,..,1,0
2010,7,Horta-Guinardó,35,el Guinardó,143,7051,..,1,1
2010,7,Horta-Guinardó,35,el Guinardó,143,7051,..,1,3
2010,7,Horta-Guinardó,35,el Guinardó,143,7051,7,1,4
2010,7,Horta-Guinardó,35,el Guinardó,143,7051,6,1,5
2010,7,Horta-Guinardó,35,el Guinardó,143,7051,7,1,6
2010,7,Horta-Guinardó,35,el Guinardó,143,7051,7,1,7
2010,7,Horta-Guinardó,35,el Guinardó,143,7051,..,1,11
2010,7,Horta-Guinardó,35,el Guinardó,143,7051,..,1,15
2010,7,Horta-Guinardó,35,el Guinardó,143,7051,..,2,0
2010,7,Horta-Guinardó,35,el Guinardó,143,7051,..,2,2
2010,7,Horta-Guinardó,35,el Guinardó,143,7051,..,2,3
2010,7,Horta-Guinardó,35,el Guinardó,143,7051,5,2,4
2010,7,Horta-Guinardó,35,el Guinardó,143,7051,5,2,5
2010,7,Horta-Guinardó,35,el Guinardó,143,7051,..,2,6
2010,7,Horta-Guinardó,35,el Guinardó,143,7051,..,2,7
2010,7,Horta-Guinardó,35,el Guinardó,143,7051,..,2,8
2010,7,Horta-Guinardó,35,el Guinardó,143,7051,..,2,9
2010,7,Horta-Guinardó,35,el Guinardó,143,7051,..,2,10
2010,7,Horta-Guinardó,35,el Guinardó,143,7051,..,2,11
2010,7,Horta-Guinardó,36,la Font d'en Fargues,144,7052,..,1,2
2010,7,Horta-Guinardó,36,la Font d'en Fargues,144,7052,..,1,3
2010,7,Horta-Guinardó,36,la Font d'en Fargues,144,7052,..,1,4
2010,7,Horta-Guinardó,36,la Font d'en Fargues,144,7052,5,1,5
2010,7,Horta-Guinardó,36,la Font d'en Fargues,144,7052,..,1,9
2010,7,Horta-Guinardó,36,la Font d'en Fargues,144,7052,..,1,10
2010,7,Horta-Guinardó,36,la Font d'en Fargues,144,7052,..,1,14
2010,7,Horta-Guinardó,36,la Font d'en Fargues,144,7052,..,1,15
2010,7,Horta-Guinardó,36,la Font d'en Fargues,144,7052,..,1,17
2010,7,Horta-Guinardó,36,la Font d'en Fargues,144,7052,..,2,0
2010,7,Horta-Guinardó,36,la Font d'en Fargues,144,7052,..,2,4
2010,7,Horta-Guinardó,36,la Font d'en Fargues,144,7052,..,2,5
2010,7,Horta-Guinardó,36,la Font d'en Fargues,144,7052,..,2,7
2010,7,Horta-Guinardó,36,la Font d'en Fargues,144,7052,..,2,8
2010,7,Horta-Guinardó,36,la Font d'en Fargues,144,7052,..,2,9
2010,7,Horta-Guinardó,36,la Font d'en Fargues,144,7052,..,2,15
2010,7,Horta-Guinardó,36,la Font d'en Fargues,144,7053,..,1,4
2010,7,Horta-Guinardó,36,la Font d'en Fargues,144,7053,..,1,5
2010,7,Horta-Guinardó,36,la Font d'en Fargues,144,7053,5,1,6
2010,7,Horta-Guinardó,36,la Font d'en Fargues,144,7053,..,1,8
2010,7,Horta-Guinardó,36,la Font d'en Fargues,144,7053,..,1,11
2010,7,Horta-Guinardó,36,la Font d'en Fargues,144,7053,..,1,12
2010,7,Horta-Guinardó,36,la Font d'en Fargues,144,7053,..,2,0
2010,7,Horta-Guinardó,36,la Font d'en Fargues,144,7053,..,2,1
2010,7,Horta-Guinardó,36,la Font d'en Fargues,144,7053,..,2,4
2010,7,Horta-Guinardó,36,la Font d'en Fargues,144,7053,..,2,5
2010,7,Horta-Guinardó,36,la Font d'en Fargues,144,7053,..,2,6
2010,7,Horta-Guinardó,36,la Font d'en Fargues,144,7053,..,2,7
2010,7,Horta-Guinardó,36,la Font d'en Fargues,144,7053,..,2,8
2010,7,Horta-Guinardó,36,la Font d'en Fargues,144,7053,..,2,11
2010,7,Horta-Guinardó,36,la Font d'en Fargues,144,7053,..,2,12
2010,7,Horta-Guinardó,36,la Font d'en Fargues,144,7053,..,2,13
2010,7,Horta-Guinardó,36,la Font d'en Fargues,144,7054,..,1,0
2010,7,Horta-Guinardó,36,la Font d'en Fargues,144,7054,..,1,5
2010,7,Horta-Guinardó,36,la Font d'en Fargues,144,7054,..,1,6
2010,7,Horta-Guinardó,36,la Font d'en Fargues,144,7054,..,1,7
2010,7,Horta-Guinardó,36,la Font d'en Fargues,144,7054,..,1,8
2010,7,Horta-Guinardó,36,la Font d'en Fargues,144,7054,..,1,11
2010,7,Horta-Guinardó,36,la Font d'en Fargues,144,7054,..,1,12
2010,7,Horta-Guinardó,36,la Font d'en Fargues,144,7054,..,1,13
2010,7,Horta-Guinardó,36,la Font d'en Fargues,144,7054,..,1,15
2010,7,Horta-Guinardó,36,la Font d'en Fargues,144,7054,..,2,0
2010,7,Horta-Guinardó,36,la Font d'en Fargues,144,7054,..,2,4
2010,7,Horta-Guinardó,36,la Font d'en Fargues,144,7054,..,2,5
2010,7,Horta-Guinardó,36,la Font d'en Fargues,144,7054,..,2,6
2010,7,Horta-Guinardó,36,la Font d'en Fargues,144,7054,..,2,7
2010,7,Horta-Guinardó,36,la Font d'en Fargues,144,7054,..,2,8
2010,7,Horta-Guinardó,36,la Font d'en Fargues,144,7054,..,2,9
2010,7,Horta-Guinardó,36,la Font d'en Fargues,144,7054,..,2,11
2010,7,Horta-Guinardó,36,la Font d'en Fargues,144,7054,..,2,12
2010,7,Horta-Guinardó,36,la Font d'en Fargues,145,7055,..,1,6
2010,7,Horta-Guinardó,36,la Font d'en Fargues,145,7055,..,1,7
2010,7,Horta-Guinardó,36,la Font d'en Fargues,145,7055,..,1,8
2010,7,Horta-Guinardó,36,la Font d'en Fargues,145,7055,..,1,9
2010,7,Horta-Guinardó,36,la Font d'en Fargues,145,7055,..,1,15
2010,7,Horta-Guinardó,36,la Font d'en Fargues,145,7055,..,1,17
2010,7,Horta-Guinardó,36,la Font d'en Fargues,145,7055,..,2,0
2010,7,Horta-Guinardó,36,la Font d'en Fargues,145,7055,..,2,6
2010,7,Horta-Guinardó,36,la Font d'en Fargues,145,7055,..,2,7
2010,7,Horta-Guinardó,36,la Font d'en Fargues,145,7055,..,2,8
2010,7,Horta-Guinardó,36,la Font d'en Fargues,145,7055,..,2,9
2010,7,Horta-Guinardó,36,la Font d'en Fargues,145,7055,..,2,10
2010,7,Horta-Guinardó,36,la Font d'en Fargues,145,7055,..,2,11
2010,7,Horta-Guinardó,36,la Font d'en Fargues,145,7055,..,2,15
2010,7,Horta-Guinardó,36,la Font d'en Fargues,145,7056,..,1,1
2010,7,Horta-Guinardó,36,la Font d'en Fargues,145,7056,..,1,2
2010,7,Horta-Guinardó,36,la Font d'en Fargues,145,7056,..,1,3
2010,7,Horta-Guinardó,36,la Font d'en Fargues,145,7056,..,1,4
2010,7,Horta-Guinardó,36,la Font d'en Fargues,145,7056,5,1,5
2010,7,Horta-Guinardó,36,la Font d'en Fargues,145,7056,5,1,6
2010,7,Horta-Guinardó,36,la Font d'en Fargues,145,7056,..,1,7
2010,7,Horta-Guinardó,36,la Font d'en Fargues,145,7056,..,1,11
2010,7,Horta-Guinardó,36,la Font d'en Fargues,145,7056,..,2,0
2010,7,Horta-Guinardó,36,la Font d'en Fargues,145,7056,..,2,1
2010,7,Horta-Guinardó,36,la Font d'en Fargues,145,7056,..,2,3
2010,7,Horta-Guinardó,36,la Font d'en Fargues,145,7056,..,2,4
2010,7,Horta-Guinardó,36,la Font d'en Fargues,145,7056,..,2,5
2010,7,Horta-Guinardó,36,la Font d'en Fargues,145,7056,..,2,6
2010,7,Horta-Guinardó,36,la Font d'en Fargues,145,7056,..,2,7
2010,7,Horta-Guinardó,36,la Font d'en Fargues,145,7056,..,2,8
2010,7,Horta-Guinardó,36,la Font d'en Fargues,145,7056,..,2,11
2010,7,Horta-Guinardó,36,la Font d'en Fargues,145,7056,..,2,13
2010,7,Horta-Guinardó,36,la Font d'en Fargues,145,7057,..,1,3
2010,7,Horta-Guinardó,36,la Font d'en Fargues,145,7057,..,1,5
2010,7,Horta-Guinardó,36,la Font d'en Fargues,145,7057,..,1,6
2010,7,Horta-Guinardó,36,la Font d'en Fargues,145,7057,5,1,7
2010,7,Horta-Guinardó,36,la Font d'en Fargues,145,7057,..,1,8
2010,7,Horta-Guinardó,36,la Font d'en Fargues,145,7057,..,1,15
2010,7,Horta-Guinardó,36,la Font d'en Fargues,145,7057,..,1,17
2010,7,Horta-Guinardó,36,la Font d'en Fargues,145,7057,..,2,0
2010,7,Horta-Guinardó,36,la Font d'en Fargues,145,7057,..,2,2
2010,7,Horta-Guinardó,36,la Font d'en Fargues,145,7057,..,2,3
2010,7,Horta-Guinardó,36,la Font d'en Fargues,145,7057,..,2,4
2010,7,Horta-Guinardó,36,la Font d'en Fargues,145,7057,..,2,6
2010,7,Horta-Guinardó,36,la Font d'en Fargues,145,7057,..,2,7
2010,7,Horta-Guinardó,36,la Font d'en Fargues,145,7057,..,2,8
2010,7,Horta-Guinardó,36,la Font d'en Fargues,145,7057,..,2,9
2010,7,Horta-Guinardó,36,la Font d'en Fargues,145,7057,..,2,10
2010,7,Horta-Guinardó,36,la Font d'en Fargues,145,7057,..,2,11
2010,7,Horta-Guinardó,36,la Font d'en Fargues,145,7057,..,2,12
2010,7,Horta-Guinardó,36,la Font d'en Fargues,145,7058,..,1,0
2010,7,Horta-Guinardó,36,la Font d'en Fargues,145,7058,..,1,1
2010,7,Horta-Guinardó,36,la Font d'en Fargues,145,7058,..,1,3
2010,7,Horta-Guinardó,36,la Font d'en Fargues,145,7058,6,1,5
2010,7,Horta-Guinardó,36,la Font d'en Fargues,145,7058,..,1,6
2010,7,Horta-Guinardó,36,la Font d'en Fargues,145,7058,..,1,7
2010,7,Horta-Guinardó,36,la Font d'en Fargues,145,7058,..,1,8
2010,7,Horta-Guinardó,36,la Font d'en Fargues,145,7058,..,1,11
2010,7,Horta-Guinardó,36,la Font d'en Fargues,145,7058,..,2,0
2010,7,Horta-Guinardó,36,la Font d'en Fargues,145,7058,..,2,1
2010,7,Horta-Guinardó,36,la Font d'en Fargues,145,7058,..,2,3
2010,7,Horta-Guinardó,36,la Font d'en Fargues,145,7058,..,2,4
2010,7,Horta-Guinardó,36,la Font d'en Fargues,145,7058,..,2,5
2010,7,Horta-Guinardó,36,la Font d'en Fargues,145,7058,6,2,6
2010,7,Horta-Guinardó,36,la Font d'en Fargues,145,7058,..,2,7
2010,7,Horta-Guinardó,36,la Font d'en Fargues,145,7058,..,2,9
2010,7,Horta-Guinardó,36,la Font d'en Fargues,145,7058,..,2,10
2010,7,Horta-Guinardó,36,la Font d'en Fargues,145,7058,..,2,12
2010,7,Horta-Guinardó,37,el Carmel,146,7059,..,1,0
2010,7,Horta-Guinardó,37,el Carmel,146,7059,..,1,2
2010,7,Horta-Guinardó,37,el Carmel,146,7059,..,1,3
2010,7,Horta-Guinardó,37,el Carmel,146,7059,5,1,4
2010,7,Horta-Guinardó,37,el Carmel,146,7059,..,1,5
2010,7,Horta-Guinardó,37,el Carmel,146,7059,..,1,6
2010,7,Horta-Guinardó,37,el Carmel,146,7059,..,1,7
2010,7,Horta-Guinardó,37,el Carmel,146,7059,..,1,9
2010,7,Horta-Guinardó,37,el Carmel,146,7059,..,1,10
2010,7,Horta-Guinardó,37,el Carmel,146,7059,..,1,12
2010,7,Horta-Guinardó,37,el Carmel,146,7059,..,2,0
2010,7,Horta-Guinardó,37,el Carmel,146,7059,..,2,1
2010,7,Horta-Guinardó,37,el Carmel,146,7059,..,2,4
2010,7,Horta-Guinardó,37,el Carmel,146,7059,5,2,5
2010,7,Horta-Guinardó,37,el Carmel,146,7059,..,2,6
2010,7,Horta-Guinardó,37,el Carmel,146,7059,..,2,7
2010,7,Horta-Guinardó,37,el Carmel,146,7059,..,2,8
2010,7,Horta-Guinardó,37,el Carmel,146,7059,..,2,11
2010,7,Horta-Guinardó,37,el Carmel,146,7059,..,2,12
2010,7,Horta-Guinardó,37,el Carmel,146,7059,..,2,13
2010,7,Horta-Guinardó,37,el Carmel,146,7059,..,2,14
2010,7,Horta-Guinardó,37,el Carmel,146,7059,..,2,15
2010,7,Horta-Guinardó,37,el Carmel,146,7060,..,1,2
2010,7,Horta-Guinardó,37,el Carmel,146,7060,..,1,3
2010,7,Horta-Guinardó,37,el Carmel,146,7060,..,1,4
2010,7,Horta-Guinardó,37,el Carmel,146,7060,8,1,5
2010,7,Horta-Guinardó,37,el Carmel,146,7060,5,1,6
2010,7,Horta-Guinardó,37,el Carmel,146,7060,..,1,7
2010,7,Horta-Guinardó,37,el Carmel,146,7060,..,1,8
2010,7,Horta-Guinardó,37,el Carmel,146,7060,..,1,9
2010,7,Horta-Guinardó,37,el Carmel,146,7060,..,1,10
2010,7,Horta-Guinardó,37,el Carmel,146,7060,..,1,11
2010,7,Horta-Guinardó,37,el Carmel,146,7060,..,1,12
2010,7,Horta-Guinardó,37,el Carmel,146,7060,..,1,13
2010,7,Horta-Guinardó,37,el Carmel,146,7060,..,1,14
2010,7,Horta-Guinardó,37,el Carmel,146,7060,..,1,17
2010,7,Horta-Guinardó,37,el Carmel,146,7060,..,2,0
2010,7,Horta-Guinardó,37,el Carmel,146,7060,..,2,1
2010,7,Horta-Guinardó,37,el Carmel,146,7060,..,2,4
2010,7,Horta-Guinardó,37,el Carmel,146,7060,7,2,5
2010,7,Horta-Guinardó,37,el Carmel,146,7060,..,2,6
2010,7,Horta-Guinardó,37,el Carmel,146,7060,..,2,7
2010,7,Horta-Guinardó,37,el Carmel,146,7060,..,2,8
2010,7,Horta-Guinardó,37,el Carmel,146,7060,..,2,9
2010,7,Horta-Guinardó,37,el Carmel,146,7060,..,2,10
2010,7,Horta-Guinardó,37,el Carmel,146,7060,..,2,12
2010,7,Horta-Guinardó,37,el Carmel,146,7060,..,2,14
2010,7,Horta-Guinardó,37,el Carmel,147,7061,..,1,0
2010,7,Horta-Guinardó,37,el Carmel,147,7061,..,1,4
2010,7,Horta-Guinardó,37,el Carmel,147,7061,..,1,5
2010,7,Horta-Guinardó,37,el Carmel,147,7061,..,1,6
2010,7,Horta-Guinardó,37,el Carmel,147,7061,..,1,7
2010,7,Horta-Guinardó,37,el Carmel,147,7061,..,1,9
2010,7,Horta-Guinardó,37,el Carmel,147,7061,..,1,11
2010,7,Horta-Guinardó,37,el Carmel,147,7061,..,1,14
2010,7,Horta-Guinardó,37,el Carmel,147,7061,..,1,16
2010,7,Horta-Guinardó,37,el Carmel,147,7061,..,1,18
2010,7,Horta-Guinardó,37,el Carmel,147,7061,..,2,0
2010,7,Horta-Guinardó,37,el Carmel,147,7061,..,2,4
2010,7,Horta-Guinardó,37,el Carmel,147,7061,..,2,5
2010,7,Horta-Guinardó,37,el Carmel,147,7061,..,2,6
2010,7,Horta-Guinardó,37,el Carmel,147,7062,..,1,0
2010,7,Horta-Guinardó,37,el Carmel,147,7062,..,1,1
2010,7,Horta-Guinardó,37,el Carmel,147,7062,..,1,2
2010,7,Horta-Guinardó,37,el Carmel,147,7062,..,1,3
2010,7,Horta-Guinardó,37,el Carmel,147,7062,..,1,5
2010,7,Horta-Guinardó,37,el Carmel,147,7062,..,1,6
2010,7,Horta-Guinardó,37,el Carmel,147,7062,..,1,8
2010,7,Horta-Guinardó,37,el Carmel,147,7062,..,1,9
2010,7,Horta-Guinardó,37,el Carmel,147,7062,..,1,10
2010,7,Horta-Guinardó,37,el Carmel,147,7062,..,1,11
2010,7,Horta-Guinardó,37,el Carmel,147,7062,..,1,12
2010,7,Horta-Guinardó,37,el Carmel,147,7062,..,2,0
2010,7,Horta-Guinardó,37,el Carmel,147,7062,..,2,4
2010,7,Horta-Guinardó,37,el Carmel,147,7062,..,2,5
2010,7,Horta-Guinardó,37,el Carmel,147,7062,5,2,6
2010,7,Horta-Guinardó,37,el Carmel,147,7062,..,2,9
2010,7,Horta-Guinardó,37,el Carmel,147,7062,..,2,10
2010,7,Horta-Guinardó,37,el Carmel,147,7062,..,2,12
2010,7,Horta-Guinardó,37,el Carmel,147,7062,..,2,13
2010,7,Horta-Guinardó,37,el Carmel,147,7063,..,1,1
2010,7,Horta-Guinardó,37,el Carmel,147,7063,..,1,2
2010,7,Horta-Guinardó,37,el Carmel,147,7063,..,1,3
2010,7,Horta-Guinardó,37,el Carmel,147,7063,..,1,4
2010,7,Horta-Guinardó,37,el Carmel,147,7063,..,1,5
2010,7,Horta-Guinardó,37,el Carmel,147,7063,7,1,6
2010,7,Horta-Guinardó,37,el Carmel,147,7063,..,1,7
2010,7,Horta-Guinardó,37,el Carmel,147,7063,..,1,9
2010,7,Horta-Guinardó,37,el Carmel,147,7063,..,1,12
2010,7,Horta-Guinardó,37,el Carmel,147,7063,..,1,14
2010,7,Horta-Guinardó,37,el Carmel,147,7063,..,1,15
2010,7,Horta-Guinardó,37,el Carmel,147,7063,..,2,0
2010,7,Horta-Guinardó,37,el Carmel,147,7063,5,2,1
2010,7,Horta-Guinardó,37,el Carmel,147,7063,..,2,2
2010,7,Horta-Guinardó,37,el Carmel,147,7063,..,2,3
2010,7,Horta-Guinardó,37,el Carmel,147,7063,5,2,4
2010,7,Horta-Guinardó,37,el Carmel,147,7063,..,2,5
2010,7,Horta-Guinardó,37,el Carmel,147,7063,..,2,6
2010,7,Horta-Guinardó,37,el Carmel,147,7063,..,2,7
2010,7,Horta-Guinardó,37,el Carmel,147,7063,..,2,9
2010,7,Horta-Guinardó,37,el Carmel,147,7063,..,2,10
2010,7,Horta-Guinardó,37,el Carmel,147,7063,..,2,13
2010,7,Horta-Guinardó,37,el Carmel,147,7063,..,2,15
2010,7,Horta-Guinardó,37,el Carmel,147,7063,..,2,17
2010,7,Horta-Guinardó,37,el Carmel,147,7064,..,1,0
2010,7,Horta-Guinardó,37,el Carmel,147,7064,..,1,2
2010,7,Horta-Guinardó,37,el Carmel,147,7064,..,1,3
2010,7,Horta-Guinardó,37,el Carmel,147,7064,10,1,4
2010,7,Horta-Guinardó,37,el Carmel,147,7064,..,1,5
2010,7,Horta-Guinardó,37,el Carmel,147,7064,..,1,6
2010,7,Horta-Guinardó,37,el Carmel,147,7064,5,1,7
2010,7,Horta-Guinardó,37,el Carmel,147,7064,..,1,9
2010,7,Horta-Guinardó,37,el Carmel,147,7064,..,1,10
2010,7,Horta-Guinardó,37,el Carmel,147,7064,..,1,12
2010,7,Horta-Guinardó,37,el Carmel,147,7064,..,1,13
2010,7,Horta-Guinardó,37,el Carmel,147,7064,..,1,14
2010,7,Horta-Guinardó,37,el Carmel,147,7064,..,1,17
2010,7,Horta-Guinardó,37,el Carmel,147,7064,..,1,18
2010,7,Horta-Guinardó,37,el Carmel,147,7064,..,2,0
2010,7,Horta-Guinardó,37,el Carmel,147,7064,..,2,1
2010,7,Horta-Guinardó,37,el Carmel,147,7064,..,2,3
2010,7,Horta-Guinardó,37,el Carmel,147,7064,..,2,4
2010,7,Horta-Guinardó,37,el Carmel,147,7064,6,2,5
2010,7,Horta-Guinardó,37,el Carmel,147,7064,6,2,6
2010,7,Horta-Guinardó,37,el Carmel,147,7064,..,2,7
2010,7,Horta-Guinardó,37,el Carmel,147,7064,..,2,8
2010,7,Horta-Guinardó,37,el Carmel,147,7064,..,2,9
2010,7,Horta-Guinardó,37,el Carmel,147,7064,..,2,15
2010,7,Horta-Guinardó,37,el Carmel,147,7064,..,2,17
2010,7,Horta-Guinardó,37,el Carmel,147,7064,..,2,18
2010,7,Horta-Guinardó,37,el Carmel,147,7065,..,1,0
2010,7,Horta-Guinardó,37,el Carmel,147,7065,5,1,1
2010,7,Horta-Guinardó,37,el Carmel,147,7065,8,1,4
2010,7,Horta-Guinardó,37,el Carmel,147,7065,8,1,5
2010,7,Horta-Guinardó,37,el Carmel,147,7065,7,1,6
2010,7,Horta-Guinardó,37,el Carmel,147,7065,5,1,7
2010,7,Horta-Guinardó,37,el Carmel,147,7065,..,1,8
2010,7,Horta-Guinardó,37,el Carmel,147,7065,..,1,9
2010,7,Horta-Guinardó,37,el Carmel,147,7065,..,1,10
2010,7,Horta-Guinardó,37,el Carmel,147,7065,..,1,11
2010,7,Horta-Guinardó,37,el Carmel,147,7065,..,1,12
2010,7,Horta-Guinardó,37,el Carmel,147,7065,..,2,0
2010,7,Horta-Guinardó,37,el Carmel,147,7065,..,2,1
2010,7,Horta-Guinardó,37,el Carmel,147,7065,5,2,4
2010,7,Horta-Guinardó,37,el Carmel,147,7065,7,2,5
2010,7,Horta-Guinardó,37,el Carmel,147,7065,7,2,6
2010,7,Horta-Guinardó,37,el Carmel,147,7065,..,2,7
2010,7,Horta-Guinardó,37,el Carmel,147,7065,..,2,8
2010,7,Horta-Guinardó,37,el Carmel,147,7065,..,2,9
2010,7,Horta-Guinardó,37,el Carmel,147,7065,..,2,11
2010,7,Horta-Guinardó,37,el Carmel,147,7065,..,2,14
2010,7,Horta-Guinardó,37,el Carmel,147,7065,..,2,15
2010,7,Horta-Guinardó,37,el Carmel,147,7066,..,1,0
2010,7,Horta-Guinardó,37,el Carmel,147,7066,..,1,2
2010,7,Horta-Guinardó,37,el Carmel,147,7066,..,1,3
2010,7,Horta-Guinardó,37,el Carmel,147,7066,7,1,4
2010,7,Horta-Guinardó,37,el Carmel,147,7066,..,1,5
2010,7,Horta-Guinardó,37,el Carmel,147,7066,11,1,6
2010,7,Horta-Guinardó,37,el Carmel,147,7066,..,1,7
2010,7,Horta-Guinardó,37,el Carmel,147,7066,..,1,8
2010,7,Horta-Guinardó,37,el Carmel,147,7066,..,1,9
2010,7,Horta-Guinardó,37,el Carmel,147,7066,..,1,10
2010,7,Horta-Guinardó,37,el Carmel,147,7066,..,1,11
2010,7,Horta-Guinardó,37,el Carmel,147,7066,..,1,12
2010,7,Horta-Guinardó,37,el Carmel,147,7066,..,1,13
2010,7,Horta-Guinardó,37,el Carmel,147,7066,..,1,14
2010,7,Horta-Guinardó,37,el Carmel,147,7066,..,1,15
2010,7,Horta-Guinardó,37,el Carmel,147,7066,..,1,20
2010,7,Horta-Guinardó,37,el Carmel,147,7066,..,2,0
2010,7,Horta-Guinardó,37,el Carmel,147,7066,..,2,1
2010,7,Horta-Guinardó,37,el Carmel,147,7066,..,2,2
2010,7,Horta-Guinardó,37,el Carmel,147,7066,5,2,3
2010,7,Horta-Guinardó,37,el Carmel,147,7066,8,2,4
2010,7,Horta-Guinardó,37,el Carmel,147,7066,7,2,5
2010,7,Horta-Guinardó,37,el Carmel,147,7066,..,2,6
2010,7,Horta-Guinardó,37,el Carmel,147,7066,7,2,7
2010,7,Horta-Guinardó,37,el Carmel,147,7066,5,2,8
2010,7,Horta-Guinardó,37,el Carmel,147,7066,..,2,9
2010,7,Horta-Guinardó,37,el Carmel,147,7066,..,2,12
2010,7,Horta-Guinardó,37,el Carmel,147,7066,..,2,14
2010,7,Horta-Guinardó,37,el Carmel,147,7066,..,2,16
2010,7,Horta-Guinardó,37,el Carmel,147,7067,..,1,0
2010,7,Horta-Guinardó,37,el Carmel,147,7067,..,1,1
2010,7,Horta-Guinardó,37,el Carmel,147,7067,..,1,2
2010,7,Horta-Guinardó,37,el Carmel,147,7067,..,1,3
2010,7,Horta-Guinardó,37,el Carmel,147,7067,..,1,4
2010,7,Horta-Guinardó,37,el Carmel,147,7067,..,1,5
2010,7,Horta-Guinardó,37,el Carmel,147,7067,5,1,6
2010,7,Horta-Guinardó,37,el Carmel,147,7067,..,1,7
2010,7,Horta-Guinardó,37,el Carmel,147,7067,..,1,8
2010,7,Horta-Guinardó,37,el Carmel,147,7067,..,1,9
2010,7,Horta-Guinardó,37,el Carmel,147,7067,..,1,10
2010,7,Horta-Guinardó,37,el Carmel,147,7067,..,1,11
2010,7,Horta-Guinardó,37,el Carmel,147,7067,..,1,12
2010,7,Horta-Guinardó,37,el Carmel,147,7067,..,2,0
2010,7,Horta-Guinardó,37,el Carmel,147,7067,..,2,3
2010,7,Horta-Guinardó,37,el Carmel,147,7067,..,2,4
2010,7,Horta-Guinardó,37,el Carmel,147,7067,..,2,5
2010,7,Horta-Guinardó,37,el Carmel,147,7067,6,2,6
2010,7,Horta-Guinardó,37,el Carmel,147,7067,..,2,7
2010,7,Horta-Guinardó,37,el Carmel,147,7067,..,2,8
2010,7,Horta-Guinardó,37,el Carmel,147,7067,..,2,9
2010,7,Horta-Guinardó,37,el Carmel,147,7067,..,2,12
2010,7,Horta-Guinardó,37,el Carmel,147,7067,..,2,14
2010,7,Horta-Guinardó,37,el Carmel,147,7068,..,1,0
2010,7,Horta-Guinardó,37,el Carmel,147,7068,..,1,1
2010,7,Horta-Guinardó,37,el Carmel,147,7068,..,1,2
2010,7,Horta-Guinardó,37,el Carmel,147,7068,..,1,3
2010,7,Horta-Guinardó,37,el Carmel,147,7068,..,1,4
2010,7,Horta-Guinardó,37,el Carmel,147,7068,..,1,5
2010,7,Horta-Guinardó,37,el Carmel,147,7068,..,1,6
2010,7,Horta-Guinardó,37,el Carmel,147,7068,..,1,8
2010,7,Horta-Guinardó,37,el Carmel,147,7068,..,1,13
2010,7,Horta-Guinardó,37,el Carmel,147,7068,..,2,0
2010,7,Horta-Guinardó,37,el Carmel,147,7068,..,2,1
2010,7,Horta-Guinardó,37,el Carmel,147,7068,..,2,2
2010,7,Horta-Guinardó,37,el Carmel,147,7068,..,2,3
2010,7,Horta-Guinardó,37,el Carmel,147,7068,..,2,4
2010,7,Horta-Guinardó,37,el Carmel,147,7068,..,2,5
2010,7,Horta-Guinardó,37,el Carmel,147,7068,..,2,6
2010,7,Horta-Guinardó,37,el Carmel,147,7068,..,2,7
2010,7,Horta-Guinardó,37,el Carmel,147,7068,..,2,8
2010,7,Horta-Guinardó,37,el Carmel,147,7068,..,2,9
2010,7,Horta-Guinardó,37,el Carmel,147,7068,..,2,11
2010,7,Horta-Guinardó,37,el Carmel,147,7068,..,2,15
2010,7,Horta-Guinardó,37,el Carmel,147,7069,..,1,0
2010,7,Horta-Guinardó,37,el Carmel,147,7069,..,1,1
2010,7,Horta-Guinardó,37,el Carmel,147,7069,..,1,2
2010,7,Horta-Guinardó,37,el Carmel,147,7069,..,1,3
2010,7,Horta-Guinardó,37,el Carmel,147,7069,..,1,4
2010,7,Horta-Guinardó,37,el Carmel,147,7069,..,1,5
2010,7,Horta-Guinardó,37,el Carmel,147,7069,..,1,6
2010,7,Horta-Guinardó,37,el Carmel,147,7069,..,1,7
2010,7,Horta-Guinardó,37,el Carmel,147,7069,..,1,8
2010,7,Horta-Guinardó,37,el Carmel,147,7069,..,1,9
2010,7,Horta-Guinardó,37,el Carmel,147,7069,..,1,10
2010,7,Horta-Guinardó,37,el Carmel,147,7069,..,1,11
2010,7,Horta-Guinardó,37,el Carmel,147,7069,..,1,13
2010,7,Horta-Guinardó,37,el Carmel,147,7069,..,1,15
2010,7,Horta-Guinardó,37,el Carmel,147,7069,..,2,0
2010,7,Horta-Guinardó,37,el Carmel,147,7069,..,2,1
2010,7,Horta-Guinardó,37,el Carmel,147,7069,..,2,3
2010,7,Horta-Guinardó,37,el Carmel,147,7069,..,2,4
2010,7,Horta-Guinardó,37,el Carmel,147,7069,..,2,5
2010,7,Horta-Guinardó,37,el Carmel,147,7069,..,2,6
2010,7,Horta-Guinardó,37,el Carmel,147,7069,..,2,7
2010,7,Horta-Guinardó,37,el Carmel,147,7069,..,2,8
2010,7,Horta-Guinardó,37,el Carmel,147,7069,..,2,9
2010,7,Horta-Guinardó,37,el Carmel,147,7069,..,2,10
2010,7,Horta-Guinardó,37,el Carmel,147,7069,..,2,12
2010,7,Horta-Guinardó,37,el Carmel,147,7070,..,1,0
2010,7,Horta-Guinardó,37,el Carmel,147,7070,..,1,1
2010,7,Horta-Guinardó,37,el Carmel,147,7070,..,1,2
2010,7,Horta-Guinardó,37,el Carmel,147,7070,..,1,3
2010,7,Horta-Guinardó,37,el Carmel,147,7070,..,1,4
2010,7,Horta-Guinardó,37,el Carmel,147,7070,5,1,5
2010,7,Horta-Guinardó,37,el Carmel,147,7070,6,1,6
2010,7,Horta-Guinardó,37,el Carmel,147,7070,..,1,8
2010,7,Horta-Guinardó,37,el Carmel,147,7070,..,1,17
2010,7,Horta-Guinardó,37,el Carmel,147,7070,..,2,0
2010,7,Horta-Guinardó,37,el Carmel,147,7070,..,2,1
2010,7,Horta-Guinardó,37,el Carmel,147,7070,..,2,4
2010,7,Horta-Guinardó,37,el Carmel,147,7070,6,2,5
2010,7,Horta-Guinardó,37,el Carmel,147,7070,6,2,6
2010,7,Horta-Guinardó,37,el Carmel,147,7070,..,2,8
2010,7,Horta-Guinardó,37,el Carmel,148,7071,..,1,1
2010,7,Horta-Guinardó,37,el Carmel,148,7071,..,1,4
2010,7,Horta-Guinardó,37,el Carmel,148,7071,..,1,5
2010,7,Horta-Guinardó,37,el Carmel,148,7071,..,1,7
2010,7,Horta-Guinardó,37,el Carmel,148,7071,..,1,8
2010,7,Horta-Guinardó,37,el Carmel,148,7071,..,1,9
2010,7,Horta-Guinardó,37,el Carmel,148,7071,..,1,10
2010,7,Horta-Guinardó,37,el Carmel,148,7071,..,2,2
2010,7,Horta-Guinardó,37,el Carmel,148,7071,..,2,4
2010,7,Horta-Guinardó,37,el Carmel,148,7071,..,2,5
2010,7,Horta-Guinardó,37,el Carmel,148,7071,..,2,6
2010,7,Horta-Guinardó,37,el Carmel,148,7071,..,2,7
2010,7,Horta-Guinardó,37,el Carmel,148,7071,..,2,8
2010,7,Horta-Guinardó,37,el Carmel,148,7072,..,1,1
2010,7,Horta-Guinardó,37,el Carmel,148,7072,..,1,2
2010,7,Horta-Guinardó,37,el Carmel,148,7072,..,1,3
2010,7,Horta-Guinardó,37,el Carmel,148,7072,..,1,4
2010,7,Horta-Guinardó,37,el Carmel,148,7072,8,1,5
2010,7,Horta-Guinardó,37,el Carmel,148,7072,..,1,6
2010,7,Horta-Guinardó,37,el Carmel,148,7072,..,1,7
2010,7,Horta-Guinardó,37,el Carmel,148,7072,..,1,10
2010,7,Horta-Guinardó,37,el Carmel,148,7072,..,1,17
2010,7,Horta-Guinardó,37,el Carmel,148,7072,..,2,1
2010,7,Horta-Guinardó,37,el Carmel,148,7072,..,2,2
2010,7,Horta-Guinardó,37,el Carmel,148,7072,..,2,3
2010,7,Horta-Guinardó,37,el Carmel,148,7072,..,2,4
2010,7,Horta-Guinardó,37,el Carmel,148,7072,..,2,5
2010,7,Horta-Guinardó,37,el Carmel,148,7072,..,2,6
2010,7,Horta-Guinardó,37,el Carmel,148,7072,..,2,7
2010,7,Horta-Guinardó,37,el Carmel,148,7072,..,2,8
2010,7,Horta-Guinardó,37,el Carmel,148,7072,..,2,11
2010,7,Horta-Guinardó,37,el Carmel,148,7072,..,2,12
2010,7,Horta-Guinardó,37,el Carmel,148,7073,..,1,0
2010,7,Horta-Guinardó,37,el Carmel,148,7073,..,1,1
2010,7,Horta-Guinardó,37,el Carmel,148,7073,..,1,2
2010,7,Horta-Guinardó,37,el Carmel,148,7073,..,1,3
2010,7,Horta-Guinardó,37,el Carmel,148,7073,..,1,4
2010,7,Horta-Guinardó,37,el Carmel,148,7073,..,1,5
2010,7,Horta-Guinardó,37,el Carmel,148,7073,..,1,6
2010,7,Horta-Guinardó,37,el Carmel,148,7073,..,1,8
2010,7,Horta-Guinardó,37,el Carmel,148,7073,..,1,9
2010,7,Horta-Guinardó,37,el Carmel,148,7073,..,1,11
2010,7,Horta-Guinardó,37,el Carmel,148,7073,..,1,17
2010,7,Horta-Guinardó,37,el Carmel,148,7073,..,2,0
2010,7,Horta-Guinardó,37,el Carmel,148,7073,..,2,2
2010,7,Horta-Guinardó,37,el Carmel,148,7073,..,2,4
2010,7,Horta-Guinardó,37,el Carmel,148,7073,..,2,5
2010,7,Horta-Guinardó,37,el Carmel,148,7073,..,2,6
2010,7,Horta-Guinardó,37,el Carmel,148,7073,..,2,7
2010,7,Horta-Guinardó,37,el Carmel,148,7073,..,2,8
2010,7,Horta-Guinardó,37,el Carmel,148,7073,..,2,10
2010,7,Horta-Guinardó,37,el Carmel,148,7074,..,1,0
2010,7,Horta-Guinardó,37,el Carmel,148,7074,..,1,1
2010,7,Horta-Guinardó,37,el Carmel,148,7074,..,1,3
2010,7,Horta-Guinardó,37,el Carmel,148,7074,..,1,4
2010,7,Horta-Guinardó,37,el Carmel,148,7074,5,1,5
2010,7,Horta-Guinardó,37,el Carmel,148,7074,6,1,6
2010,7,Horta-Guinardó,37,el Carmel,148,7074,..,1,7
2010,7,Horta-Guinardó,37,el Carmel,148,7074,5,1,8
2010,7,Horta-Guinardó,37,el Carmel,148,7074,..,1,9
2010,7,Horta-Guinardó,37,el Carmel,148,7074,..,1,10
2010,7,Horta-Guinardó,37,el Carmel,148,7074,..,1,11
2010,7,Horta-Guinardó,37,el Carmel,148,7074,..,1,16
2010,7,Horta-Guinardó,37,el Carmel,148,7074,..,2,0
2010,7,Horta-Guinardó,37,el Carmel,148,7074,..,2,1
2010,7,Horta-Guinardó,37,el Carmel,148,7074,..,2,4
2010,7,Horta-Guinardó,37,el Carmel,148,7074,..,2,5
2010,7,Horta-Guinardó,37,el Carmel,148,7074,..,2,6
2010,7,Horta-Guinardó,37,el Carmel,148,7074,..,2,7
2010,7,Horta-Guinardó,37,el Carmel,148,7074,..,2,8
2010,7,Horta-Guinardó,37,el Carmel,148,7074,..,2,9
2010,7,Horta-Guinardó,37,el Carmel,148,7074,..,2,10
2010,7,Horta-Guinardó,37,el Carmel,148,7074,..,2,17
2010,7,Horta-Guinardó,37,el Carmel,148,7075,..,1,0
2010,7,Horta-Guinardó,37,el Carmel,148,7075,..,1,3
2010,7,Horta-Guinardó,37,el Carmel,148,7075,..,1,4
2010,7,Horta-Guinardó,37,el Carmel,148,7075,5,1,5
2010,7,Horta-Guinardó,37,el Carmel,148,7075,..,1,6
2010,7,Horta-Guinardó,37,el Carmel,148,7075,..,1,7
2010,7,Horta-Guinardó,37,el Carmel,148,7075,..,1,8
2010,7,Horta-Guinardó,37,el Carmel,148,7075,..,1,9
2010,7,Horta-Guinardó,37,el Carmel,148,7075,..,1,10
2010,7,Horta-Guinardó,37,el Carmel,148,7075,..,1,12
2010,7,Horta-Guinardó,37,el Carmel,148,7075,..,1,16
2010,7,Horta-Guinardó,37,el Carmel,148,7075,..,2,0
2010,7,Horta-Guinardó,37,el Carmel,148,7075,..,2,1
2010,7,Horta-Guinardó,37,el Carmel,148,7075,..,2,2
2010,7,Horta-Guinardó,37,el Carmel,148,7075,..,2,3
2010,7,Horta-Guinardó,37,el Carmel,148,7075,..,2,4
2010,7,Horta-Guinardó,37,el Carmel,148,7075,..,2,5
2010,7,Horta-Guinardó,37,el Carmel,148,7075,..,2,6
2010,7,Horta-Guinardó,37,el Carmel,148,7075,..,2,8
2010,7,Horta-Guinardó,37,el Carmel,148,7075,..,2,9
2010,7,Horta-Guinardó,37,el Carmel,148,7075,..,2,11
2010,7,Horta-Guinardó,37,el Carmel,148,7075,..,2,15
2010,7,Horta-Guinardó,37,el Carmel,148,7076,..,1,3
2010,7,Horta-Guinardó,37,el Carmel,148,7076,..,1,4
2010,7,Horta-Guinardó,37,el Carmel,148,7076,..,1,5
2010,7,Horta-Guinardó,37,el Carmel,148,7076,..,1,7
2010,7,Horta-Guinardó,37,el Carmel,148,7076,..,1,8
2010,7,Horta-Guinardó,37,el Carmel,148,7076,..,1,9
2010,7,Horta-Guinardó,37,el Carmel,148,7076,..,1,10
2010,7,Horta-Guinardó,37,el Carmel,148,7076,..,1,13
2010,7,Horta-Guinardó,37,el Carmel,148,7076,..,1,16
2010,7,Horta-Guinardó,37,el Carmel,148,7076,..,2,0
2010,7,Horta-Guinardó,37,el Carmel,148,7076,..,2,4
2010,7,Horta-Guinardó,37,el Carmel,148,7076,6,2,5
2010,7,Horta-Guinardó,37,el Carmel,148,7076,5,2,6
2010,7,Horta-Guinardó,37,el Carmel,148,7076,..,2,7
2010,7,Horta-Guinardó,37,el Carmel,148,7076,..,2,12
2010,7,Horta-Guinardó,37,el Carmel,148,7076,..,2,13
2010,7,Horta-Guinardó,37,el Carmel,148,7077,..,1,0
2010,7,Horta-Guinardó,37,el Carmel,148,7077,..,1,2
2010,7,Horta-Guinardó,37,el Carmel,148,7077,..,1,3
2010,7,Horta-Guinardó,37,el Carmel,148,7077,..,1,4
2010,7,Horta-Guinardó,37,el Carmel,148,7077,5,1,5
2010,7,Horta-Guinardó,37,el Carmel,148,7077,..,1,6
2010,7,Horta-Guinardó,37,el Carmel,148,7077,..,1,7
2010,7,Horta-Guinardó,37,el Carmel,148,7077,5,1,8
2010,7,Horta-Guinardó,37,el Carmel,148,7077,..,1,9
2010,7,Horta-Guinardó,37,el Carmel,148,7077,..,1,10
2010,7,Horta-Guinardó,37,el Carmel,148,7077,..,1,12
2010,7,Horta-Guinardó,37,el Carmel,148,7077,..,1,14
2010,7,Horta-Guinardó,37,el Carmel,148,7077,..,2,0
2010,7,Horta-Guinardó,37,el Carmel,148,7077,..,2,1
2010,7,Horta-Guinardó,37,el Carmel,148,7077,..,2,2
2010,7,Horta-Guinardó,37,el Carmel,148,7077,..,2,3
2010,7,Horta-Guinardó,37,el Carmel,148,7077,..,2,4
2010,7,Horta-Guinardó,37,el Carmel,148,7077,..,2,5
2010,7,Horta-Guinardó,37,el Carmel,148,7077,9,2,6
2010,7,Horta-Guinardó,37,el Carmel,148,7077,..,2,7
2010,7,Horta-Guinardó,37,el Carmel,148,7077,..,2,8
2010,7,Horta-Guinardó,37,el Carmel,148,7077,..,2,9
2010,7,Horta-Guinardó,37,el Carmel,148,7077,..,2,10
2010,7,Horta-Guinardó,37,el Carmel,148,7077,..,2,13
2010,7,Horta-Guinardó,37,el Carmel,148,7077,..,2,14
2010,7,Horta-Guinardó,37,el Carmel,148,7078,..,1,0
2010,7,Horta-Guinardó,37,el Carmel,148,7078,..,1,1
2010,7,Horta-Guinardó,37,el Carmel,148,7078,..,1,2
2010,7,Horta-Guinardó,37,el Carmel,148,7078,..,1,3
2010,7,Horta-Guinardó,37,el Carmel,148,7078,..,1,4
2010,7,Horta-Guinardó,37,el Carmel,148,7078,10,1,5
2010,7,Horta-Guinardó,37,el Carmel,148,7078,8,1,6
2010,7,Horta-Guinardó,37,el Carmel,148,7078,..,1,8
2010,7,Horta-Guinardó,37,el Carmel,148,7078,..,1,9
2010,7,Horta-Guinardó,37,el Carmel,148,7078,..,2,0
2010,7,Horta-Guinardó,37,el Carmel,148,7078,..,2,1
2010,7,Horta-Guinardó,37,el Carmel,148,7078,..,2,4
2010,7,Horta-Guinardó,37,el Carmel,148,7078,7,2,5
2010,7,Horta-Guinardó,37,el Carmel,148,7078,..,2,6
2010,7,Horta-Guinardó,37,el Carmel,148,7078,..,2,7
2010,7,Horta-Guinardó,37,el Carmel,148,7078,..,2,8
2010,7,Horta-Guinardó,37,el Carmel,148,7078,..,2,10
2010,7,Horta-Guinardó,37,el Carmel,148,7079,..,1,0
2010,7,Horta-Guinardó,37,el Carmel,148,7079,..,1,3
2010,7,Horta-Guinardó,37,el Carmel,148,7079,..,1,4
2010,7,Horta-Guinardó,37,el Carmel,148,7079,..,1,5
2010,7,Horta-Guinardó,37,el Carmel,148,7079,..,1,6
2010,7,Horta-Guinardó,37,el Carmel,148,7079,..,1,7
2010,7,Horta-Guinardó,37,el Carmel,148,7079,..,1,9
2010,7,Horta-Guinardó,37,el Carmel,148,7079,..,1,12
2010,7,Horta-Guinardó,37,el Carmel,148,7079,..,1,13
2010,7,Horta-Guinardó,37,el Carmel,148,7079,..,1,14
2010,7,Horta-Guinardó,37,el Carmel,148,7079,..,1,15
2010,7,Horta-Guinardó,37,el Carmel,148,7079,..,2,2
2010,7,Horta-Guinardó,37,el Carmel,148,7079,..,2,3
2010,7,Horta-Guinardó,37,el Carmel,148,7079,..,2,4
2010,7,Horta-Guinardó,37,el Carmel,148,7079,5,2,5
2010,7,Horta-Guinardó,37,el Carmel,148,7079,..,2,6
2010,7,Horta-Guinardó,37,el Carmel,148,7079,..,2,8
2010,7,Horta-Guinardó,37,el Carmel,148,7079,..,2,10
2010,7,Horta-Guinardó,37,el Carmel,148,7079,..,2,11
2010,7,Horta-Guinardó,37,el Carmel,148,7079,..,2,14
2010,7,Horta-Guinardó,37,el Carmel,148,7080,..,1,1
2010,7,Horta-Guinardó,37,el Carmel,148,7080,..,1,2
2010,7,Horta-Guinardó,37,el Carmel,148,7080,..,1,3
2010,7,Horta-Guinardó,37,el Carmel,148,7080,..,1,4
2010,7,Horta-Guinardó,37,el Carmel,148,7080,..,1,5
2010,7,Horta-Guinardó,37,el Carmel,148,7080,5,1,6
2010,7,Horta-Guinardó,37,el Carmel,148,7080,..,1,7
2010,7,Horta-Guinardó,37,el Carmel,148,7080,..,1,8
2010,7,Horta-Guinardó,37,el Carmel,148,7080,..,1,10
2010,7,Horta-Guinardó,37,el Carmel,148,7080,..,1,11
2010,7,Horta-Guinardó,37,el Carmel,148,7080,..,2,0
2010,7,Horta-Guinardó,37,el Carmel,148,7080,..,2,1
2010,7,Horta-Guinardó,37,el Carmel,148,7080,..,2,4
2010,7,Horta-Guinardó,37,el Carmel,148,7080,5,2,5
2010,7,Horta-Guinardó,37,el Carmel,148,7080,..,2,6
2010,7,Horta-Guinardó,37,el Carmel,148,7080,6,2,7
2010,7,Horta-Guinardó,37,el Carmel,148,7080,..,2,10
2010,7,Horta-Guinardó,37,el Carmel,148,7080,..,2,11
2010,7,Horta-Guinardó,37,el Carmel,148,7080,..,2,12
2010,7,Horta-Guinardó,37,el Carmel,148,7080,..,2,15
2010,7,Horta-Guinardó,38,la Teixonera,149,7081,..,1,1
2010,7,Horta-Guinardó,38,la Teixonera,149,7081,..,1,2
2010,7,Horta-Guinardó,38,la Teixonera,149,7081,..,1,3
2010,7,Horta-Guinardó,38,la Teixonera,149,7081,7,1,4
2010,7,Horta-Guinardó,38,la Teixonera,149,7081,5,1,5
2010,7,Horta-Guinardó,38,la Teixonera,149,7081,..,1,6
2010,7,Horta-Guinardó,38,la Teixonera,149,7081,..,1,7
2010,7,Horta-Guinardó,38,la Teixonera,149,7081,..,1,8
2010,7,Horta-Guinardó,38,la Teixonera,149,7081,..,1,9
2010,7,Horta-Guinardó,38,la Teixonera,149,7081,..,1,11
2010,7,Horta-Guinardó,38,la Teixonera,149,7081,..,1,15
2010,7,Horta-Guinardó,38,la Teixonera,149,7081,..,2,0
2010,7,Horta-Guinardó,38,la Teixonera,149,7081,..,2,1
2010,7,Horta-Guinardó,38,la Teixonera,149,7081,..,2,2
2010,7,Horta-Guinardó,38,la Teixonera,149,7081,..,2,3
2010,7,Horta-Guinardó,38,la Teixonera,149,7081,..,2,4
2010,7,Horta-Guinardó,38,la Teixonera,149,7081,6,2,5
2010,7,Horta-Guinardó,38,la Teixonera,149,7081,7,2,6
2010,7,Horta-Guinardó,38,la Teixonera,149,7081,..,2,7
2010,7,Horta-Guinardó,38,la Teixonera,149,7081,..,2,8
2010,7,Horta-Guinardó,38,la Teixonera,149,7081,..,2,9
2010,7,Horta-Guinardó,38,la Teixonera,149,7081,..,2,11
2010,7,Horta-Guinardó,38,la Teixonera,149,7081,..,2,12
2010,7,Horta-Guinardó,38,la Teixonera,149,7081,..,2,13
2010,7,Horta-Guinardó,38,la Teixonera,149,7081,..,2,14
2010,7,Horta-Guinardó,38,la Teixonera,149,7081,..,2,15
2010,7,Horta-Guinardó,38,la Teixonera,149,7081,..,2,16
2010,7,Horta-Guinardó,38,la Teixonera,149,7082,..,1,1
2010,7,Horta-Guinardó,38,la Teixonera,149,7082,5,1,2
2010,7,Horta-Guinardó,38,la Teixonera,149,7082,..,1,3
2010,7,Horta-Guinardó,38,la Teixonera,149,7082,8,1,4
2010,7,Horta-Guinardó,38,la Teixonera,149,7082,6,1,5
2010,7,Horta-Guinardó,38,la Teixonera,149,7082,6,1,6
2010,7,Horta-Guinardó,38,la Teixonera,149,7082,..,1,7
2010,7,Horta-Guinardó,38,la Teixonera,149,7082,..,1,15
2010,7,Horta-Guinardó,38,la Teixonera,149,7082,..,2,0
2010,7,Horta-Guinardó,38,la Teixonera,149,7082,..,2,1
2010,7,Horta-Guinardó,38,la Teixonera,149,7082,..,2,2
2010,7,Horta-Guinardó,38,la Teixonera,149,7082,..,2,3
2010,7,Horta-Guinardó,38,la Teixonera,149,7082,..,2,4
2010,7,Horta-Guinardó,38,la Teixonera,149,7082,5,2,5
2010,7,Horta-Guinardó,38,la Teixonera,149,7082,6,2,6
2010,7,Horta-Guinardó,38,la Teixonera,149,7082,..,2,7
2010,7,Horta-Guinardó,38,la Teixonera,149,7082,..,2,8
2010,7,Horta-Guinardó,38,la Teixonera,149,7082,..,2,9
2010,7,Horta-Guinardó,38,la Teixonera,149,7082,..,2,11
2010,7,Horta-Guinardó,38,la Teixonera,149,7083,..,1,0
2010,7,Horta-Guinardó,38,la Teixonera,149,7083,..,1,4
2010,7,Horta-Guinardó,38,la Teixonera,149,7083,7,1,5
2010,7,Horta-Guinardó,38,la Teixonera,149,7083,6,1,6
2010,7,Horta-Guinardó,38,la Teixonera,149,7083,5,1,7
2010,7,Horta-Guinardó,38,la Teixonera,149,7083,..,1,10
2010,7,Horta-Guinardó,38,la Teixonera,149,7083,..,1,11
2010,7,Horta-Guinardó,38,la Teixonera,149,7083,..,1,13
2010,7,Horta-Guinardó,38,la Teixonera,149,7083,..,1,16
2010,7,Horta-Guinardó,38,la Teixonera,149,7083,..,2,0
2010,7,Horta-Guinardó,38,la Teixonera,149,7083,..,2,1
2010,7,Horta-Guinardó,38,la Teixonera,149,7083,..,2,3
2010,7,Horta-Guinardó,38,la Teixonera,149,7083,..,2,4
2010,7,Horta-Guinardó,38,la Teixonera,149,7083,..,2,5
2010,7,Horta-Guinardó,38,la Teixonera,149,7083,..,2,6
2010,7,Horta-Guinardó,38,la Teixonera,149,7083,..,2,7
2010,7,Horta-Guinardó,38,la Teixonera,149,7083,..,2,8
2010,7,Horta-Guinardó,38,la Teixonera,149,7083,..,2,9
2010,7,Horta-Guinardó,38,la Teixonera,149,7083,..,2,10
2010,7,Horta-Guinardó,38,la Teixonera,149,7083,..,2,11
2010,7,Horta-Guinardó,38,la Teixonera,149,7083,..,2,12
2010,7,Horta-Guinardó,38,la Teixonera,149,7083,..,2,18
2010,7,Horta-Guinardó,38,la Teixonera,149,7084,..,1,0
2010,7,Horta-Guinardó,38,la Teixonera,149,7084,..,1,1
2010,7,Horta-Guinardó,38,la Teixonera,149,7084,..,1,2
2010,7,Horta-Guinardó,38,la Teixonera,149,7084,..,1,3
2010,7,Horta-Guinardó,38,la Teixonera,149,7084,..,1,4
2010,7,Horta-Guinardó,38,la Teixonera,149,7084,..,1,5
2010,7,Horta-Guinardó,38,la Teixonera,149,7084,7,1,6
2010,7,Horta-Guinardó,38,la Teixonera,149,7084,..,1,7
2010,7,Horta-Guinardó,38,la Teixonera,149,7084,..,1,10
2010,7,Horta-Guinardó,38,la Teixonera,149,7084,..,1,11
2010,7,Horta-Guinardó,38,la Teixonera,149,7084,..,2,1
2010,7,Horta-Guinardó,38,la Teixonera,149,7084,..,2,2
2010,7,Horta-Guinardó,38,la Teixonera,149,7084,..,2,4
2010,7,Horta-Guinardó,38,la Teixonera,149,7084,10,2,5
2010,7,Horta-Guinardó,38,la Teixonera,149,7084,5,2,6
2010,7,Horta-Guinardó,38,la Teixonera,149,7084,5,2,7
2010,7,Horta-Guinardó,38,la Teixonera,149,7084,5,2,8
2010,7,Horta-Guinardó,38,la Teixonera,149,7084,..,2,9
2010,7,Horta-Guinardó,38,la Teixonera,149,7084,..,2,10
2010,7,Horta-Guinardó,38,la Teixonera,149,7084,..,2,11
2010,7,Horta-Guinardó,38,la Teixonera,149,7084,..,2,13
2010,7,Horta-Guinardó,38,la Teixonera,149,7085,..,1,0
2010,7,Horta-Guinardó,38,la Teixonera,149,7085,..,1,1
2010,7,Horta-Guinardó,38,la Teixonera,149,7085,..,1,3
2010,7,Horta-Guinardó,38,la Teixonera,149,7085,6,1,4
2010,7,Horta-Guinardó,38,la Teixonera,149,7085,7,1,5
2010,7,Horta-Guinardó,38,la Teixonera,149,7085,..,1,6
2010,7,Horta-Guinardó,38,la Teixonera,149,7085,10,1,7
2010,7,Horta-Guinardó,38,la Teixonera,149,7085,..,1,8
2010,7,Horta-Guinardó,38,la Teixonera,149,7085,..,1,9
2010,7,Horta-Guinardó,38,la Teixonera,149,7085,..,1,12
2010,7,Horta-Guinardó,38,la Teixonera,149,7085,..,2,0
2010,7,Horta-Guinardó,38,la Teixonera,149,7085,..,2,1
2010,7,Horta-Guinardó,38,la Teixonera,149,7085,..,2,2
2010,7,Horta-Guinardó,38,la Teixonera,149,7085,..,2,3
2010,7,Horta-Guinardó,38,la Teixonera,149,7085,..,2,4
2010,7,Horta-Guinardó,38,la Teixonera,149,7085,..,2,5
2010,7,Horta-Guinardó,38,la Teixonera,149,7085,..,2,6
2010,7,Horta-Guinardó,38,la Teixonera,149,7085,..,2,8
2010,7,Horta-Guinardó,38,la Teixonera,149,7085,..,2,9
2010,7,Horta-Guinardó,38,la Teixonera,149,7085,..,2,14
2010,7,Horta-Guinardó,38,la Teixonera,149,7086,..,1,0
2010,7,Horta-Guinardó,38,la Teixonera,149,7086,..,1,1
2010,7,Horta-Guinardó,38,la Teixonera,149,7086,..,1,2
2010,7,Horta-Guinardó,38,la Teixonera,149,7086,..,1,3
2010,7,Horta-Guinardó,38,la Teixonera,149,7086,6,1,4
2010,7,Horta-Guinardó,38,la Teixonera,149,7086,10,1,5
2010,7,Horta-Guinardó,38,la Teixonera,149,7086,5,1,6
2010,7,Horta-Guinardó,38,la Teixonera,149,7086,..,1,7
2010,7,Horta-Guinardó,38,la Teixonera,149,7086,5,1,8
2010,7,Horta-Guinardó,38,la Teixonera,149,7086,..,1,9
2010,7,Horta-Guinardó,38,la Teixonera,149,7086,..,1,11
2010,7,Horta-Guinardó,38,la Teixonera,149,7086,..,1,15
2010,7,Horta-Guinardó,38,la Teixonera,149,7086,..,1,17
2010,7,Horta-Guinardó,38,la Teixonera,149,7086,..,2,0
2010,7,Horta-Guinardó,38,la Teixonera,149,7086,..,2,1
2010,7,Horta-Guinardó,38,la Teixonera,149,7086,..,2,2
2010,7,Horta-Guinardó,38,la Teixonera,149,7086,..,2,3
2010,7,Horta-Guinardó,38,la Teixonera,149,7086,..,2,4
2010,7,Horta-Guinardó,38,la Teixonera,149,7086,6,2,5
2010,7,Horta-Guinardó,38,la Teixonera,149,7086,6,2,6
2010,7,Horta-Guinardó,38,la Teixonera,149,7086,..,2,7
2010,7,Horta-Guinardó,38,la Teixonera,149,7086,..,2,8
2010,7,Horta-Guinardó,38,la Teixonera,149,7086,..,2,9
2010,7,Horta-Guinardó,38,la Teixonera,149,7087,..,1,1
2010,7,Horta-Guinardó,38,la Teixonera,149,7087,5,1,2
2010,7,Horta-Guinardó,38,la Teixonera,149,7087,..,1,3
2010,7,Horta-Guinardó,38,la Teixonera,149,7087,..,1,4
2010,7,Horta-Guinardó,38,la Teixonera,149,7087,6,1,5
2010,7,Horta-Guinardó,38,la Teixonera,149,7087,..,1,6
2010,7,Horta-Guinardó,38,la Teixonera,149,7087,..,1,7
2010,7,Horta-Guinardó,38,la Teixonera,149,7087,..,1,8
2010,7,Horta-Guinardó,38,la Teixonera,149,7087,..,1,9
2010,7,Horta-Guinardó,38,la Teixonera,149,7087,..,1,10
2010,7,Horta-Guinardó,38,la Teixonera,149,7087,..,1,12
2010,7,Horta-Guinardó,38,la Teixonera,149,7087,..,1,16
2010,7,Horta-Guinardó,38,la Teixonera,149,7087,..,2,2
2010,7,Horta-Guinardó,38,la Teixonera,149,7087,..,2,3
2010,7,Horta-Guinardó,38,la Teixonera,149,7087,..,2,4
2010,7,Horta-Guinardó,38,la Teixonera,149,7087,6,2,5
2010,7,Horta-Guinardó,38,la Teixonera,149,7087,8,2,6
2010,7,Horta-Guinardó,38,la Teixonera,149,7087,5,2,7
2010,7,Horta-Guinardó,38,la Teixonera,149,7087,..,2,8
2010,7,Horta-Guinardó,38,la Teixonera,149,7087,..,2,9
2010,7,Horta-Guinardó,38,la Teixonera,149,7087,..,2,10
2010,7,Horta-Guinardó,38,la Teixonera,149,7087,..,2,14
2010,7,Horta-Guinardó,38,la Teixonera,149,7087,..,2,18
2010,7,Horta-Guinardó,38,la Teixonera,149,7088,..,1,0
2010,7,Horta-Guinardó,38,la Teixonera,149,7088,..,1,1
2010,7,Horta-Guinardó,38,la Teixonera,149,7088,..,1,3
2010,7,Horta-Guinardó,38,la Teixonera,149,7088,..,1,4
2010,7,Horta-Guinardó,38,la Teixonera,149,7088,..,1,5
2010,7,Horta-Guinardó,38,la Teixonera,149,7088,8,1,6
2010,7,Horta-Guinardó,38,la Teixonera,149,7088,..,1,7
2010,7,Horta-Guinardó,38,la Teixonera,149,7088,..,1,8
2010,7,Horta-Guinardó,38,la Teixonera,149,7088,..,1,13
2010,7,Horta-Guinardó,38,la Teixonera,149,7088,..,1,19
2010,7,Horta-Guinardó,38,la Teixonera,149,7088,..,2,0
2010,7,Horta-Guinardó,38,la Teixonera,149,7088,..,2,1
2010,7,Horta-Guinardó,38,la Teixonera,149,7088,..,2,3
2010,7,Horta-Guinardó,38,la Teixonera,149,7088,..,2,4
2010,7,Horta-Guinardó,38,la Teixonera,149,7088,9,2,5
2010,7,Horta-Guinardó,38,la Teixonera,149,7088,..,2,6
2010,7,Horta-Guinardó,38,la Teixonera,149,7088,..,2,7
2010,7,Horta-Guinardó,38,la Teixonera,149,7088,..,2,8
2010,7,Horta-Guinardó,38,la Teixonera,149,7088,..,2,9
2010,7,Horta-Guinardó,38,la Teixonera,149,7088,..,2,10
2010,7,Horta-Guinardó,39,Sant Genís dels Agudells,150,7089,..,1,3
2010,7,Horta-Guinardó,39,Sant Genís dels Agudells,150,7089,..,1,4
2010,7,Horta-Guinardó,39,Sant Genís dels Agudells,150,7089,..,1,5
2010,7,Horta-Guinardó,39,Sant Genís dels Agudells,150,7089,..,1,6
2010,7,Horta-Guinardó,39,Sant Genís dels Agudells,150,7089,..,1,7
2010,7,Horta-Guinardó,39,Sant Genís dels Agudells,150,7089,..,1,8
2010,7,Horta-Guinardó,39,Sant Genís dels Agudells,150,7089,..,1,9
2010,7,Horta-Guinardó,39,Sant Genís dels Agudells,150,7089,..,1,14
2010,7,Horta-Guinardó,39,Sant Genís dels Agudells,150,7089,..,1,16
2010,7,Horta-Guinardó,39,Sant Genís dels Agudells,150,7089,..,1,17
2010,7,Horta-Guinardó,39,Sant Genís dels Agudells,150,7089,..,2,0
2010,7,Horta-Guinardó,39,Sant Genís dels Agudells,150,7089,..,2,2
2010,7,Horta-Guinardó,39,Sant Genís dels Agudells,150,7089,..,2,5
2010,7,Horta-Guinardó,39,Sant Genís dels Agudells,150,7089,7,2,6
2010,7,Horta-Guinardó,39,Sant Genís dels Agudells,150,7089,..,2,7
2010,7,Horta-Guinardó,39,Sant Genís dels Agudells,150,7089,..,2,8
2010,7,Horta-Guinardó,39,Sant Genís dels Agudells,150,7089,..,2,13
2010,7,Horta-Guinardó,39,Sant Genís dels Agudells,150,7089,..,2,17
2010,7,Horta-Guinardó,39,Sant Genís dels Agudells,150,7090,..,1,0
2010,7,Horta-Guinardó,39,Sant Genís dels Agudells,150,7090,..,1,2
2010,7,Horta-Guinardó,39,Sant Genís dels Agudells,150,7090,..,1,3
2010,7,Horta-Guinardó,39,Sant Genís dels Agudells,150,7090,..,1,4
2010,7,Horta-Guinardó,39,Sant Genís dels Agudells,150,7090,5,1,5
2010,7,Horta-Guinardó,39,Sant Genís dels Agudells,150,7090,..,1,6
2010,7,Horta-Guinardó,39,Sant Genís dels Agudells,150,7090,..,1,7
2010,7,Horta-Guinardó,39,Sant Genís dels Agudells,150,7090,..,1,8
2010,7,Horta-Guinardó,39,Sant Genís dels Agudells,150,7090,..,1,10
2010,7,Horta-Guinardó,39,Sant Genís dels Agudells,150,7090,..,1,12
2010,7,Horta-Guinardó,39,Sant Genís dels Agudells,150,7090,..,2,0
2010,7,Horta-Guinardó,39,Sant Genís dels Agudells,150,7090,..,2,1
2010,7,Horta-Guinardó,39,Sant Genís dels Agudells,150,7090,..,2,2
2010,7,Horta-Guinardó,39,Sant Genís dels Agudells,150,7090,..,2,3
2010,7,Horta-Guinardó,39,Sant Genís dels Agudells,150,7090,..,2,4
2010,7,Horta-Guinardó,39,Sant Genís dels Agudells,150,7090,7,2,5
2010,7,Horta-Guinardó,39,Sant Genís dels Agudells,150,7090,..,2,6
2010,7,Horta-Guinardó,39,Sant Genís dels Agudells,150,7090,..,2,7
2010,7,Horta-Guinardó,39,Sant Genís dels Agudells,150,7090,..,2,9
2010,7,Horta-Guinardó,39,Sant Genís dels Agudells,150,7090,..,2,12
2010,7,Horta-Guinardó,39,Sant Genís dels Agudells,150,7090,..,2,17
2010,7,Horta-Guinardó,39,Sant Genís dels Agudells,150,7091,..,1,0
2010,7,Horta-Guinardó,39,Sant Genís dels Agudells,150,7091,..,1,1
2010,7,Horta-Guinardó,39,Sant Genís dels Agudells,150,7091,..,1,3
2010,7,Horta-Guinardó,39,Sant Genís dels Agudells,150,7091,5,1,4
2010,7,Horta-Guinardó,39,Sant Genís dels Agudells,150,7091,7,1,5
2010,7,Horta-Guinardó,39,Sant Genís dels Agudells,150,7091,..,1,6
2010,7,Horta-Guinardó,39,Sant Genís dels Agudells,150,7091,..,1,7
2010,7,Horta-Guinardó,39,Sant Genís dels Agudells,150,7091,..,1,8
2010,7,Horta-Guinardó,39,Sant Genís dels Agudells,150,7091,..,1,9
2010,7,Horta-Guinardó,39,Sant Genís dels Agudells,150,7091,..,1,10
2010,7,Horta-Guinardó,39,Sant Genís dels Agudells,150,7091,..,1,12
2010,7,Horta-Guinardó,39,Sant Genís dels Agudells,150,7091,..,1,13
2010,7,Horta-Guinardó,39,Sant Genís dels Agudells,150,7091,..,1,15
2010,7,Horta-Guinardó,39,Sant Genís dels Agudells,150,7091,..,2,0
2010,7,Horta-Guinardó,39,Sant Genís dels Agudells,150,7091,..,2,1
2010,7,Horta-Guinardó,39,Sant Genís dels Agudells,150,7091,..,2,2
2010,7,Horta-Guinardó,39,Sant Genís dels Agudells,150,7091,..,2,3
2010,7,Horta-Guinardó,39,Sant Genís dels Agudells,150,7091,..,2,4
2010,7,Horta-Guinardó,39,Sant Genís dels Agudells,150,7091,..,2,5
2010,7,Horta-Guinardó,39,Sant Genís dels Agudells,150,7091,7,2,6
2010,7,Horta-Guinardó,39,Sant Genís dels Agudells,150,7091,..,2,7
2010,7,Horta-Guinardó,39,Sant Genís dels Agudells,150,7091,..,2,8
2010,7,Horta-Guinardó,39,Sant Genís dels Agudells,150,7091,..,2,9
2010,7,Horta-Guinardó,39,Sant Genís dels Agudells,150,7091,..,2,10
2010,7,Horta-Guinardó,39,Sant Genís dels Agudells,150,7091,..,2,12
2010,7,Horta-Guinardó,39,Sant Genís dels Agudells,150,7091,..,2,13
2010,7,Horta-Guinardó,39,Sant Genís dels Agudells,150,7092,..,1,0
2010,7,Horta-Guinardó,39,Sant Genís dels Agudells,150,7092,..,1,2
2010,7,Horta-Guinardó,39,Sant Genís dels Agudells,150,7092,..,1,3
2010,7,Horta-Guinardó,39,Sant Genís dels Agudells,150,7092,11,1,4
2010,7,Horta-Guinardó,39,Sant Genís dels Agudells,150,7092,6,1,5
2010,7,Horta-Guinardó,39,Sant Genís dels Agudells,150,7092,6,1,6
2010,7,Horta-Guinardó,39,Sant Genís dels Agudells,150,7092,..,1,7
2010,7,Horta-Guinardó,39,Sant Genís dels Agudells,150,7092,..,1,8
2010,7,Horta-Guinardó,39,Sant Genís dels Agudells,150,7092,..,1,9
2010,7,Horta-Guinardó,39,Sant Genís dels Agudells,150,7092,..,1,11
2010,7,Horta-Guinardó,39,Sant Genís dels Agudells,150,7092,..,1,12
2010,7,Horta-Guinardó,39,Sant Genís dels Agudells,150,7092,..,1,13
2010,7,Horta-Guinardó,39,Sant Genís dels Agudells,150,7092,..,1,14
2010,7,Horta-Guinardó,39,Sant Genís dels Agudells,150,7092,..,2,0
2010,7,Horta-Guinardó,39,Sant Genís dels Agudells,150,7092,..,2,1
2010,7,Horta-Guinardó,39,Sant Genís dels Agudells,150,7092,..,2,2
2010,7,Horta-Guinardó,39,Sant Genís dels Agudells,150,7092,..,2,3
2010,7,Horta-Guinardó,39,Sant Genís dels Agudells,150,7092,5,2,4
2010,7,Horta-Guinardó,39,Sant Genís dels Agudells,150,7092,7,2,5
2010,7,Horta-Guinardó,39,Sant Genís dels Agudells,150,7092,7,2,6
2010,7,Horta-Guinardó,39,Sant Genís dels Agudells,150,7092,..,2,7
2010,7,Horta-Guinardó,39,Sant Genís dels Agudells,150,7092,5,2,8
2010,7,Horta-Guinardó,39,Sant Genís dels Agudells,150,7092,..,2,9
2010,7,Horta-Guinardó,39,Sant Genís dels Agudells,150,7092,..,2,10
2010,7,Horta-Guinardó,39,Sant Genís dels Agudells,150,7092,..,2,11
2010,7,Horta-Guinardó,39,Sant Genís dels Agudells,150,7092,..,2,13
2010,7,Horta-Guinardó,39,Sant Genís dels Agudells,150,7092,..,2,15
2010,7,Horta-Guinardó,39,Sant Genís dels Agudells,150,7093,..,1,0
2010,7,Horta-Guinardó,39,Sant Genís dels Agudells,150,7093,..,1,3
2010,7,Horta-Guinardó,39,Sant Genís dels Agudells,150,7093,..,1,4
2010,7,Horta-Guinardó,39,Sant Genís dels Agudells,150,7093,..,1,5
2010,7,Horta-Guinardó,39,Sant Genís dels Agudells,150,7093,..,1,7
2010,7,Horta-Guinardó,39,Sant Genís dels Agudells,150,7093,5,1,8
2010,7,Horta-Guinardó,39,Sant Genís dels Agudells,150,7093,..,1,9
2010,7,Horta-Guinardó,39,Sant Genís dels Agudells,150,7093,..,1,11
2010,7,Horta-Guinardó,39,Sant Genís dels Agudells,150,7093,..,1,14
2010,7,Horta-Guinardó,39,Sant Genís dels Agudells,150,7093,..,1,15
2010,7,Horta-Guinardó,39,Sant Genís dels Agudells,150,7093,..,1,17
2010,7,Horta-Guinardó,39,Sant Genís dels Agudells,150,7093,..,2,0
2010,7,Horta-Guinardó,39,Sant Genís dels Agudells,150,7093,..,2,1
2010,7,Horta-Guinardó,39,Sant Genís dels Agudells,150,7093,..,2,2
2010,7,Horta-Guinardó,39,Sant Genís dels Agudells,150,7093,..,2,3
2010,7,Horta-Guinardó,39,Sant Genís dels Agudells,150,7093,..,2,4
2010,7,Horta-Guinardó,39,Sant Genís dels Agudells,150,7093,..,2,5
2010,7,Horta-Guinardó,39,Sant Genís dels Agudells,150,7093,8,2,6
2010,7,Horta-Guinardó,39,Sant Genís dels Agudells,150,7093,..,2,7
2010,7,Horta-Guinardó,39,Sant Genís dels Agudells,150,7093,..,2,8
2010,7,Horta-Guinardó,39,Sant Genís dels Agudells,150,7093,..,2,9
2010,7,Horta-Guinardó,39,Sant Genís dels Agudells,150,7093,..,2,12
2010,7,Horta-Guinardó,39,Sant Genís dels Agudells,150,7093,..,2,14
2010,7,Horta-Guinardó,40,Montbau,151,7094,..,1,0
2010,7,Horta-Guinardó,40,Montbau,151,7094,..,1,3
2010,7,Horta-Guinardó,40,Montbau,151,7094,9,1,4
2010,7,Horta-Guinardó,40,Montbau,151,7094,5,1,5
2010,7,Horta-Guinardó,40,Montbau,151,7094,..,1,7
2010,7,Horta-Guinardó,40,Montbau,151,7094,..,1,8
2010,7,Horta-Guinardó,40,Montbau,151,7094,..,1,13
2010,7,Horta-Guinardó,40,Montbau,151,7094,..,1,17
2010,7,Horta-Guinardó,40,Montbau,151,7094,..,2,1
2010,7,Horta-Guinardó,40,Montbau,151,7094,..,2,3
2010,7,Horta-Guinardó,40,Montbau,151,7094,..,2,4
2010,7,Horta-Guinardó,40,Montbau,151,7094,5,2,5
2010,7,Horta-Guinardó,40,Montbau,151,7094,..,2,6
2010,7,Horta-Guinardó,40,Montbau,151,7094,..,2,7
2010,7,Horta-Guinardó,40,Montbau,151,7094,..,2,8
2010,7,Horta-Guinardó,40,Montbau,151,7094,..,2,10
2010,7,Horta-Guinardó,40,Montbau,151,7095,..,1,0
2010,7,Horta-Guinardó,40,Montbau,151,7095,..,1,1
2010,7,Horta-Guinardó,40,Montbau,151,7095,..,1,2
2010,7,Horta-Guinardó,40,Montbau,151,7095,..,1,3
2010,7,Horta-Guinardó,40,Montbau,151,7095,5,1,4
2010,7,Horta-Guinardó,40,Montbau,151,7095,..,1,5
2010,7,Horta-Guinardó,40,Montbau,151,7095,7,1,6
2010,7,Horta-Guinardó,40,Montbau,151,7095,..,1,7
2010,7,Horta-Guinardó,40,Montbau,151,7095,..,1,8
2010,7,Horta-Guinardó,40,Montbau,151,7095,..,1,12
2010,7,Horta-Guinardó,40,Montbau,151,7095,..,1,13
2010,7,Horta-Guinardó,40,Montbau,151,7095,..,1,15
2010,7,Horta-Guinardó,40,Montbau,151,7095,..,1,17
2010,7,Horta-Guinardó,40,Montbau,151,7095,..,2,2
2010,7,Horta-Guinardó,40,Montbau,151,7095,..,2,4
2010,7,Horta-Guinardó,40,Montbau,151,7095,8,2,5
2010,7,Horta-Guinardó,40,Montbau,151,7095,5,2,6
2010,7,Horta-Guinardó,40,Montbau,151,7095,..,2,7
2010,7,Horta-Guinardó,40,Montbau,151,7095,..,2,9
2010,7,Horta-Guinardó,40,Montbau,151,7095,..,2,10
2010,7,Horta-Guinardó,40,Montbau,151,7095,..,2,11
2010,7,Horta-Guinardó,40,Montbau,151,7095,..,2,12
2010,7,Horta-Guinardó,40,Montbau,151,7095,..,2,13
2010,7,Horta-Guinardó,40,Montbau,151,7095,..,2,15
2010,7,Horta-Guinardó,40,Montbau,151,7095,..,2,16
2010,7,Horta-Guinardó,40,Montbau,151,7096,..,1,0
2010,7,Horta-Guinardó,40,Montbau,151,7096,..,1,1
2010,7,Horta-Guinardó,40,Montbau,151,7096,..,1,2
2010,7,Horta-Guinardó,40,Montbau,151,7096,..,1,3
2010,7,Horta-Guinardó,40,Montbau,151,7096,7,1,4
2010,7,Horta-Guinardó,40,Montbau,151,7096,7,1,5
2010,7,Horta-Guinardó,40,Montbau,151,7096,..,1,6
2010,7,Horta-Guinardó,40,Montbau,151,7096,8,1,7
2010,7,Horta-Guinardó,40,Montbau,151,7096,..,1,8
2010,7,Horta-Guinardó,40,Montbau,151,7096,..,1,9
2010,7,Horta-Guinardó,40,Montbau,151,7096,..,1,10
2010,7,Horta-Guinardó,40,Montbau,151,7096,..,1,11
2010,7,Horta-Guinardó,40,Montbau,151,7096,..,1,12
2010,7,Horta-Guinardó,40,Montbau,151,7096,..,1,13
2010,7,Horta-Guinardó,40,Montbau,151,7096,..,2,0
2010,7,Horta-Guinardó,40,Montbau,151,7096,..,2,2
2010,7,Horta-Guinardó,40,Montbau,151,7096,..,2,3
2010,7,Horta-Guinardó,40,Montbau,151,7096,..,2,4
2010,7,Horta-Guinardó,40,Montbau,151,7096,5,2,5
2010,7,Horta-Guinardó,40,Montbau,151,7096,6,2,6
2010,7,Horta-Guinardó,40,Montbau,151,7096,..,2,7
2010,7,Horta-Guinardó,40,Montbau,151,7096,..,2,8
2010,7,Horta-Guinardó,40,Montbau,151,7096,..,2,9
2010,7,Horta-Guinardó,40,Montbau,151,7097,..,1,0
2010,7,Horta-Guinardó,40,Montbau,151,7097,..,1,1
2010,7,Horta-Guinardó,40,Montbau,151,7097,..,1,2
2010,7,Horta-Guinardó,40,Montbau,151,7097,..,1,4
2010,7,Horta-Guinardó,40,Montbau,151,7097,..,1,5
2010,7,Horta-Guinardó,40,Montbau,151,7097,..,1,6
2010,7,Horta-Guinardó,40,Montbau,151,7097,..,1,7
2010,7,Horta-Guinardó,40,Montbau,151,7097,..,1,9
2010,7,Horta-Guinardó,40,Montbau,151,7097,..,1,17
2010,7,Horta-Guinardó,40,Montbau,151,7097,..,2,3
2010,7,Horta-Guinardó,40,Montbau,151,7097,6,2,5
2010,7,Horta-Guinardó,40,Montbau,151,7097,..,2,6
2010,7,Horta-Guinardó,40,Montbau,151,7097,..,2,7
2010,7,Horta-Guinardó,40,Montbau,151,7097,..,2,8
2010,7,Horta-Guinardó,40,Montbau,151,7097,..,2,9
2010,7,Horta-Guinardó,40,Montbau,151,7097,..,2,12
2010,7,Horta-Guinardó,41,la Vall d'Hebron,152,7098,..,1,4
2010,7,Horta-Guinardó,41,la Vall d'Hebron,152,7098,..,1,5
2010,7,Horta-Guinardó,41,la Vall d'Hebron,152,7098,..,1,6
2010,7,Horta-Guinardó,41,la Vall d'Hebron,152,7098,..,1,7
2010,7,Horta-Guinardó,41,la Vall d'Hebron,152,7098,..,1,8
2010,7,Horta-Guinardó,41,la Vall d'Hebron,152,7098,..,1,9
2010,7,Horta-Guinardó,41,la Vall d'Hebron,152,7098,..,1,10
2010,7,Horta-Guinardó,41,la Vall d'Hebron,152,7098,..,1,11
2010,7,Horta-Guinardó,41,la Vall d'Hebron,152,7098,..,1,15
2010,7,Horta-Guinardó,41,la Vall d'Hebron,152,7098,..,2,0
2010,7,Horta-Guinardó,41,la Vall d'Hebron,152,7098,..,2,4
2010,7,Horta-Guinardó,41,la Vall d'Hebron,152,7098,..,2,5
2010,7,Horta-Guinardó,41,la Vall d'Hebron,152,7098,..,2,6
2010,7,Horta-Guinardó,41,la Vall d'Hebron,152,7098,..,2,7
2010,7,Horta-Guinardó,41,la Vall d'Hebron,152,7098,..,2,9
2010,7,Horta-Guinardó,41,la Vall d'Hebron,152,7098,..,2,12
2010,7,Horta-Guinardó,41,la Vall d'Hebron,152,7098,..,2,13
2010,7,Horta-Guinardó,41,la Vall d'Hebron,152,7099,..,1,0
2010,7,Horta-Guinardó,41,la Vall d'Hebron,152,7099,..,1,4
2010,7,Horta-Guinardó,41,la Vall d'Hebron,152,7099,7,1,5
2010,7,Horta-Guinardó,41,la Vall d'Hebron,152,7099,..,1,6
2010,7,Horta-Guinardó,41,la Vall d'Hebron,152,7099,..,1,8
2010,7,Horta-Guinardó,41,la Vall d'Hebron,152,7099,..,1,9
2010,7,Horta-Guinardó,41,la Vall d'Hebron,152,7099,..,1,10
2010,7,Horta-Guinardó,41,la Vall d'Hebron,152,7099,..,1,11
2010,7,Horta-Guinardó,41,la Vall d'Hebron,152,7099,..,1,12
2010,7,Horta-Guinardó,41,la Vall d'Hebron,152,7099,..,2,3
2010,7,Horta-Guinardó,41,la Vall d'Hebron,152,7099,..,2,5
2010,7,Horta-Guinardó,41,la Vall d'Hebron,152,7099,..,2,6
2010,7,Horta-Guinardó,41,la Vall d'Hebron,152,7099,..,2,7
2010,7,Horta-Guinardó,41,la Vall d'Hebron,152,7099,..,2,8
2010,7,Horta-Guinardó,41,la Vall d'Hebron,152,7099,..,2,10
2010,7,Horta-Guinardó,41,la Vall d'Hebron,152,7099,..,2,11
2010,7,Horta-Guinardó,41,la Vall d'Hebron,152,7099,..,2,15
2010,7,Horta-Guinardó,41,la Vall d'Hebron,152,7100,..,1,0
2010,7,Horta-Guinardó,41,la Vall d'Hebron,152,7100,..,1,1
2010,7,Horta-Guinardó,41,la Vall d'Hebron,152,7100,..,1,2
2010,7,Horta-Guinardó,41,la Vall d'Hebron,152,7100,..,1,3
2010,7,Horta-Guinardó,41,la Vall d'Hebron,152,7100,5,1,4
2010,7,Horta-Guinardó,41,la Vall d'Hebron,152,7100,5,1,5
2010,7,Horta-Guinardó,41,la Vall d'Hebron,152,7100,7,1,6
2010,7,Horta-Guinardó,41,la Vall d'Hebron,152,7100,6,1,7
2010,7,Horta-Guinardó,41,la Vall d'Hebron,152,7100,..,1,8
2010,7,Horta-Guinardó,41,la Vall d'Hebron,152,7100,..,1,9
2010,7,Horta-Guinardó,41,la Vall d'Hebron,152,7100,..,1,10
2010,7,Horta-Guinardó,41,la Vall d'Hebron,152,7100,..,1,12
2010,7,Horta-Guinardó,41,la Vall d'Hebron,152,7100,..,1,16
2010,7,Horta-Guinardó,41,la Vall d'Hebron,152,7100,..,2,0
2010,7,Horta-Guinardó,41,la Vall d'Hebron,152,7100,..,2,2
2010,7,Horta-Guinardó,41,la Vall d'Hebron,152,7100,..,2,3
2010,7,Horta-Guinardó,41,la Vall d'Hebron,152,7100,..,2,4
2010,7,Horta-Guinardó,41,la Vall d'Hebron,152,7100,5,2,5
2010,7,Horta-Guinardó,41,la Vall d'Hebron,152,7100,5,2,6
2010,7,Horta-Guinardó,41,la Vall d'Hebron,152,7100,..,2,7
2010,7,Horta-Guinardó,41,la Vall d'Hebron,152,7100,..,2,8
2010,7,Horta-Guinardó,41,la Vall d'Hebron,152,7100,..,2,9
2010,7,Horta-Guinardó,41,la Vall d'Hebron,152,7100,..,2,10
2010,7,Horta-Guinardó,41,la Vall d'Hebron,152,7100,..,2,11
2010,7,Horta-Guinardó,41,la Vall d'Hebron,152,7100,..,2,12
2010,7,Horta-Guinardó,41,la Vall d'Hebron,152,7100,..,2,14
2010,7,Horta-Guinardó,41,la Vall d'Hebron,152,7101,..,1,1
2010,7,Horta-Guinardó,41,la Vall d'Hebron,152,7101,..,1,3
2010,7,Horta-Guinardó,41,la Vall d'Hebron,152,7101,6,1,4
2010,7,Horta-Guinardó,41,la Vall d'Hebron,152,7101,10,1,5
2010,7,Horta-Guinardó,41,la Vall d'Hebron,152,7101,5,1,6
2010,7,Horta-Guinardó,41,la Vall d'Hebron,152,7101,..,1,7
2010,7,Horta-Guinardó,41,la Vall d'Hebron,152,7101,..,1,8
2010,7,Horta-Guinardó,41,la Vall d'Hebron,152,7101,..,1,9
2010,7,Horta-Guinardó,41,la Vall d'Hebron,152,7101,..,1,13
2010,7,Horta-Guinardó,41,la Vall d'Hebron,152,7101,..,1,14
2010,7,Horta-Guinardó,41,la Vall d'Hebron,152,7101,..,1,18
2010,7,Horta-Guinardó,41,la Vall d'Hebron,152,7101,..,2,0
2010,7,Horta-Guinardó,41,la Vall d'Hebron,152,7101,..,2,1
2010,7,Horta-Guinardó,41,la Vall d'Hebron,152,7101,..,2,3
2010,7,Horta-Guinardó,41,la Vall d'Hebron,152,7101,..,2,4
2010,7,Horta-Guinardó,41,la Vall d'Hebron,152,7101,6,2,5
2010,7,Horta-Guinardó,41,la Vall d'Hebron,152,7101,9,2,6
2010,7,Horta-Guinardó,41,la Vall d'Hebron,152,7101,..,2,7
2010,7,Horta-Guinardó,41,la Vall d'Hebron,152,7101,..,2,8
2010,7,Horta-Guinardó,41,la Vall d'Hebron,152,7101,..,2,9
2010,7,Horta-Guinardó,41,la Vall d'Hebron,152,7101,..,2,10
2010,7,Horta-Guinardó,41,la Vall d'Hebron,152,7101,..,2,11
2010,7,Horta-Guinardó,41,la Vall d'Hebron,152,7101,..,2,12
2010,7,Horta-Guinardó,41,la Vall d'Hebron,152,7101,..,2,13
2010,7,Horta-Guinardó,41,la Vall d'Hebron,152,7101,..,2,18
2010,7,Horta-Guinardó,42,la Clota,153,7102,..,1,1
2010,7,Horta-Guinardó,42,la Clota,153,7102,..,1,2
2010,7,Horta-Guinardó,42,la Clota,153,7102,..,1,3
2010,7,Horta-Guinardó,42,la Clota,153,7102,..,1,4
2010,7,Horta-Guinardó,42,la Clota,153,7102,..,1,6
2010,7,Horta-Guinardó,42,la Clota,153,7102,..,1,7
2010,7,Horta-Guinardó,42,la Clota,153,7102,..,1,8
2010,7,Horta-Guinardó,42,la Clota,153,7102,..,2,2
2010,7,Horta-Guinardó,42,la Clota,153,7102,..,2,3
2010,7,Horta-Guinardó,42,la Clota,153,7102,5,2,4
2010,7,Horta-Guinardó,42,la Clota,153,7102,..,2,5
2010,7,Horta-Guinardó,42,la Clota,153,7102,..,2,6
2010,7,Horta-Guinardó,42,la Clota,153,7102,..,2,7
2010,7,Horta-Guinardó,42,la Clota,153,7102,..,2,8
2010,7,Horta-Guinardó,42,la Clota,153,7102,..,2,11
2010,7,Horta-Guinardó,43,Horta,154,7103,..,1,0
2010,7,Horta-Guinardó,43,Horta,154,7103,..,1,3
2010,7,Horta-Guinardó,43,Horta,154,7103,27,1,4
2010,7,Horta-Guinardó,43,Horta,154,7103,16,1,5
2010,7,Horta-Guinardó,43,Horta,154,7103,..,1,6
2010,7,Horta-Guinardó,43,Horta,154,7103,..,1,7
2010,7,Horta-Guinardó,43,Horta,154,7103,..,1,9
2010,7,Horta-Guinardó,43,Horta,154,7103,..,1,11
2010,7,Horta-Guinardó,43,Horta,154,7103,..,1,14
2010,7,Horta-Guinardó,43,Horta,154,7103,..,1,15
2010,7,Horta-Guinardó,43,Horta,154,7103,..,1,16
2010,7,Horta-Guinardó,43,Horta,154,7103,..,2,1
2010,7,Horta-Guinardó,43,Horta,154,7103,..,2,2
2010,7,Horta-Guinardó,43,Horta,154,7103,..,2,3
2010,7,Horta-Guinardó,43,Horta,154,7103,9,2,4
2010,7,Horta-Guinardó,43,Horta,154,7103,7,2,5
2010,7,Horta-Guinardó,43,Horta,154,7103,8,2,6
2010,7,Horta-Guinardó,43,Horta,154,7103,..,2,12
2010,7,Horta-Guinardó,43,Horta,154,7103,..,2,13
2010,7,Horta-Guinardó,43,Horta,154,7104,..,1,2
2010,7,Horta-Guinardó,43,Horta,154,7104,..,1,3
2010,7,Horta-Guinardó,43,Horta,154,7104,7,1,4
2010,7,Horta-Guinardó,43,Horta,154,7104,5,1,5
2010,7,Horta-Guinardó,43,Horta,154,7104,..,1,6
2010,7,Horta-Guinardó,43,Horta,154,7104,..,1,7
2010,7,Horta-Guinardó,43,Horta,154,7104,..,1,8
2010,7,Horta-Guinardó,43,Horta,154,7104,..,1,10
2010,7,Horta-Guinardó,43,Horta,154,7104,..,2,0
2010,7,Horta-Guinardó,43,Horta,154,7104,..,2,2
2010,7,Horta-Guinardó,43,Horta,154,7104,..,2,3
2010,7,Horta-Guinardó,43,Horta,154,7104,..,2,4
2010,7,Horta-Guinardó,43,Horta,154,7104,..,2,5
2010,7,Horta-Guinardó,43,Horta,154,7104,..,2,6
2010,7,Horta-Guinardó,43,Horta,154,7104,..,2,8
2010,7,Horta-Guinardó,43,Horta,154,7104,..,2,10
2010,7,Horta-Guinardó,43,Horta,154,7104,..,2,11
2010,7,Horta-Guinardó,43,Horta,154,7105,..,1,5
2010,7,Horta-Guinardó,43,Horta,154,7105,..,1,6
2010,7,Horta-Guinardó,43,Horta,154,7105,..,1,7
2010,7,Horta-Guinardó,43,Horta,154,7105,..,1,12
2010,7,Horta-Guinardó,43,Horta,154,7105,..,2,0
2010,7,Horta-Guinardó,43,Horta,154,7105,..,2,4
2010,7,Horta-Guinardó,43,Horta,154,7105,..,2,5
2010,7,Horta-Guinardó,43,Horta,154,7105,..,2,6
2010,7,Horta-Guinardó,43,Horta,154,7105,..,2,8
2010,7,Horta-Guinardó,43,Horta,154,7105,..,2,14
2010,7,Horta-Guinardó,43,Horta,154,7106,..,1,2
2010,7,Horta-Guinardó,43,Horta,154,7106,..,1,3
2010,7,Horta-Guinardó,43,Horta,154,7106,..,1,5
2010,7,Horta-Guinardó,43,Horta,154,7106,..,1,6
2010,7,Horta-Guinardó,43,Horta,154,7106,..,1,7
2010,7,Horta-Guinardó,43,Horta,154,7106,..,1,8
2010,7,Horta-Guinardó,43,Horta,154,7106,..,1,9
2010,7,Horta-Guinardó,43,Horta,154,7106,..,1,14
2010,7,Horta-Guinardó,43,Horta,154,7106,..,1,16
2010,7,Horta-Guinardó,43,Horta,154,7106,..,1,17
2010,7,Horta-Guinardó,43,Horta,154,7106,..,2,0
2010,7,Horta-Guinardó,43,Horta,154,7106,..,2,4
2010,7,Horta-Guinardó,43,Horta,154,7106,..,2,5
2010,7,Horta-Guinardó,43,Horta,154,7106,..,2,6
2010,7,Horta-Guinardó,43,Horta,154,7106,..,2,8
2010,7,Horta-Guinardó,43,Horta,154,7106,..,2,15
2010,7,Horta-Guinardó,43,Horta,154,7106,..,2,17
2010,7,Horta-Guinardó,43,Horta,154,7106,..,2,18
2010,7,Horta-Guinardó,43,Horta,154,7107,..,1,2
2010,7,Horta-Guinardó,43,Horta,154,7107,..,1,4
2010,7,Horta-Guinardó,43,Horta,154,7107,..,1,5
2010,7,Horta-Guinardó,43,Horta,154,7107,..,1,6
2010,7,Horta-Guinardó,43,Horta,154,7107,..,1,8
2010,7,Horta-Guinardó,43,Horta,154,7107,..,1,10
2010,7,Horta-Guinardó,43,Horta,154,7107,..,1,11
2010,7,Horta-Guinardó,43,Horta,154,7107,..,1,13
2010,7,Horta-Guinardó,43,Horta,154,7107,..,1,15
2010,7,Horta-Guinardó,43,Horta,154,7107,..,2,0
2010,7,Horta-Guinardó,43,Horta,154,7107,..,2,3
2010,7,Horta-Guinardó,43,Horta,154,7107,..,2,4
2010,7,Horta-Guinardó,43,Horta,154,7107,..,2,5
2010,7,Horta-Guinardó,43,Horta,154,7107,..,2,7
2010,7,Horta-Guinardó,43,Horta,154,7107,..,2,8
2010,7,Horta-Guinardó,43,Horta,154,7107,..,2,9
2010,7,Horta-Guinardó,43,Horta,154,7107,..,2,13
2010,7,Horta-Guinardó,43,Horta,154,7108,..,1,0
2010,7,Horta-Guinardó,43,Horta,154,7108,..,1,1
2010,7,Horta-Guinardó,43,Horta,154,7108,..,1,2
2010,7,Horta-Guinardó,43,Horta,154,7108,..,1,5
2010,7,Horta-Guinardó,43,Horta,154,7108,..,1,6
2010,7,Horta-Guinardó,43,Horta,154,7108,..,1,7
2010,7,Horta-Guinardó,43,Horta,154,7108,..,1,9
2010,7,Horta-Guinardó,43,Horta,154,7108,..,1,11
2010,7,Horta-Guinardó,43,Horta,154,7108,..,1,16
2010,7,Horta-Guinardó,43,Horta,154,7108,..,2,3
2010,7,Horta-Guinardó,43,Horta,154,7108,..,2,4
2010,7,Horta-Guinardó,43,Horta,154,7108,..,2,5
2010,7,Horta-Guinardó,43,Horta,154,7108,5,2,6
2010,7,Horta-Guinardó,43,Horta,154,7108,..,2,7
2010,7,Horta-Guinardó,43,Horta,154,7108,..,2,8
2010,7,Horta-Guinardó,43,Horta,154,7108,..,2,9
2010,7,Horta-Guinardó,43,Horta,154,7109,..,1,0
2010,7,Horta-Guinardó,43,Horta,154,7109,..,1,2
2010,7,Horta-Guinardó,43,Horta,154,7109,..,1,3
2010,7,Horta-Guinardó,43,Horta,154,7109,..,1,4
2010,7,Horta-Guinardó,43,Horta,154,7109,9,1,5
2010,7,Horta-Guinardó,43,Horta,154,7109,10,1,6
2010,7,Horta-Guinardó,43,Horta,154,7109,..,1,7
2010,7,Horta-Guinardó,43,Horta,154,7109,..,1,8
2010,7,Horta-Guinardó,43,Horta,154,7109,..,1,9
2010,7,Horta-Guinardó,43,Horta,154,7109,..,1,10
2010,7,Horta-Guinardó,43,Horta,154,7109,..,1,11
2010,7,Horta-Guinardó,43,Horta,154,7109,..,1,14
2010,7,Horta-Guinardó,43,Horta,154,7109,..,1,15
2010,7,Horta-Guinardó,43,Horta,154,7109,..,1,16
2010,7,Horta-Guinardó,43,Horta,154,7109,..,2,0
2010,7,Horta-Guinardó,43,Horta,154,7109,..,2,1
2010,7,Horta-Guinardó,43,Horta,154,7109,..,2,2
2010,7,Horta-Guinardó,43,Horta,154,7109,..,2,3
2010,7,Horta-Guinardó,43,Horta,154,7109,..,2,4
2010,7,Horta-Guinardó,43,Horta,154,7109,6,2,5
2010,7,Horta-Guinardó,43,Horta,154,7109,..,2,6
2010,7,Horta-Guinardó,43,Horta,154,7109,..,2,7
2010,7,Horta-Guinardó,43,Horta,154,7109,..,2,8
2010,7,Horta-Guinardó,43,Horta,154,7109,..,2,9
2010,7,Horta-Guinardó,43,Horta,154,7109,..,2,10
2010,7,Horta-Guinardó,43,Horta,154,7110,..,1,1
2010,7,Horta-Guinardó,43,Horta,154,7110,..,1,2
2010,7,Horta-Guinardó,43,Horta,154,7110,..,1,5
2010,7,Horta-Guinardó,43,Horta,154,7110,..,1,6
2010,7,Horta-Guinardó,43,Horta,154,7110,..,1,7
2010,7,Horta-Guinardó,43,Horta,154,7110,..,1,11
2010,7,Horta-Guinardó,43,Horta,154,7110,..,1,13
2010,7,Horta-Guinardó,43,Horta,154,7110,..,2,1
2010,7,Horta-Guinardó,43,Horta,154,7110,..,2,2
2010,7,Horta-Guinardó,43,Horta,154,7110,..,2,4
2010,7,Horta-Guinardó,43,Horta,154,7110,..,2,5
2010,7,Horta-Guinardó,43,Horta,154,7110,..,2,7
2010,7,Horta-Guinardó,43,Horta,154,7110,..,2,8
2010,7,Horta-Guinardó,43,Horta,154,7110,..,2,9
2010,7,Horta-Guinardó,43,Horta,154,7110,..,2,11
2010,7,Horta-Guinardó,43,Horta,154,7110,..,2,12
2010,7,Horta-Guinardó,43,Horta,154,7110,..,2,13
2010,7,Horta-Guinardó,43,Horta,154,7111,..,1,0
2010,7,Horta-Guinardó,43,Horta,154,7111,..,1,3
2010,7,Horta-Guinardó,43,Horta,154,7111,..,1,5
2010,7,Horta-Guinardó,43,Horta,154,7111,..,1,6
2010,7,Horta-Guinardó,43,Horta,154,7111,..,1,7
2010,7,Horta-Guinardó,43,Horta,154,7111,..,1,8
2010,7,Horta-Guinardó,43,Horta,154,7111,..,1,13
2010,7,Horta-Guinardó,43,Horta,154,7111,..,2,0
2010,7,Horta-Guinardó,43,Horta,154,7111,..,2,1
2010,7,Horta-Guinardó,43,Horta,154,7111,..,2,3
2010,7,Horta-Guinardó,43,Horta,154,7111,..,2,4
2010,7,Horta-Guinardó,43,Horta,154,7111,..,2,5
2010,7,Horta-Guinardó,43,Horta,154,7111,..,2,7
2010,7,Horta-Guinardó,43,Horta,154,7111,..,2,12
2010,7,Horta-Guinardó,43,Horta,154,7111,..,2,14
2010,7,Horta-Guinardó,43,Horta,154,7111,..,2,19
2010,7,Horta-Guinardó,43,Horta,155,7112,..,1,2
2010,7,Horta-Guinardó,43,Horta,155,7112,..,1,4
2010,7,Horta-Guinardó,43,Horta,155,7112,..,1,5
2010,7,Horta-Guinardó,43,Horta,155,7112,..,1,6
2010,7,Horta-Guinardó,43,Horta,155,7112,..,1,7
2010,7,Horta-Guinardó,43,Horta,155,7112,..,1,8
2010,7,Horta-Guinardó,43,Horta,155,7112,..,2,4
2010,7,Horta-Guinardó,43,Horta,155,7112,5,2,6
2010,7,Horta-Guinardó,43,Horta,155,7112,..,2,7
2010,7,Horta-Guinardó,43,Horta,155,7112,..,2,8
2010,7,Horta-Guinardó,43,Horta,155,7112,..,2,9
2010,7,Horta-Guinardó,43,Horta,155,7112,..,2,11
2010,7,Horta-Guinardó,43,Horta,155,7112,..,2,13
2010,7,Horta-Guinardó,43,Horta,155,7112,..,2,17
2010,7,Horta-Guinardó,43,Horta,155,7113,..,1,0
2010,7,Horta-Guinardó,43,Horta,155,7113,..,1,2
2010,7,Horta-Guinardó,43,Horta,155,7113,..,1,5
2010,7,Horta-Guinardó,43,Horta,155,7113,6,1,6
2010,7,Horta-Guinardó,43,Horta,155,7113,..,1,7
2010,7,Horta-Guinardó,43,Horta,155,7113,..,1,12
2010,7,Horta-Guinardó,43,Horta,155,7113,..,2,0
2010,7,Horta-Guinardó,43,Horta,155,7113,..,2,3
2010,7,Horta-Guinardó,43,Horta,155,7113,..,2,4
2010,7,Horta-Guinardó,43,Horta,155,7113,..,2,5
2010,7,Horta-Guinardó,43,Horta,155,7113,..,2,6
2010,7,Horta-Guinardó,43,Horta,155,7113,5,2,7
2010,7,Horta-Guinardó,43,Horta,155,7113,..,2,9
2010,7,Horta-Guinardó,43,Horta,155,7113,..,2,10
2010,7,Horta-Guinardó,43,Horta,155,7113,..,2,12
2010,7,Horta-Guinardó,43,Horta,155,7113,..,2,17
2010,7,Horta-Guinardó,43,Horta,155,7114,..,1,1
2010,7,Horta-Guinardó,43,Horta,155,7114,..,1,4
2010,7,Horta-Guinardó,43,Horta,155,7114,..,1,6
2010,7,Horta-Guinardó,43,Horta,155,7114,5,1,7
2010,7,Horta-Guinardó,43,Horta,155,7114,..,1,10
2010,7,Horta-Guinardó,43,Horta,155,7114,..,1,17
2010,7,Horta-Guinardó,43,Horta,155,7114,..,2,1
2010,7,Horta-Guinardó,43,Horta,155,7114,..,2,2
2010,7,Horta-Guinardó,43,Horta,155,7114,..,2,3
2010,7,Horta-Guinardó,43,Horta,155,7114,..,2,5
2010,7,Horta-Guinardó,43,Horta,155,7114,..,2,6
2010,7,Horta-Guinardó,43,Horta,155,7114,..,2,7
2010,7,Horta-Guinardó,43,Horta,155,7114,..,2,8
2010,7,Horta-Guinardó,43,Horta,155,7114,..,2,9
2010,7,Horta-Guinardó,43,Horta,155,7114,..,2,10
2010,7,Horta-Guinardó,43,Horta,155,7115,..,1,4
2010,7,Horta-Guinardó,43,Horta,155,7115,..,1,5
2010,7,Horta-Guinardó,43,Horta,155,7115,..,1,6
2010,7,Horta-Guinardó,43,Horta,155,7115,..,1,8
2010,7,Horta-Guinardó,43,Horta,155,7115,..,1,12
2010,7,Horta-Guinardó,43,Horta,155,7115,..,1,18
2010,7,Horta-Guinardó,43,Horta,155,7115,..,2,5
2010,7,Horta-Guinardó,43,Horta,155,7115,..,2,7
2010,7,Horta-Guinardó,43,Horta,155,7115,..,2,8
2010,7,Horta-Guinardó,43,Horta,155,7115,..,2,11
2010,7,Horta-Guinardó,43,Horta,155,7115,..,2,14
2010,7,Horta-Guinardó,43,Horta,155,7116,..,1,0
2010,7,Horta-Guinardó,43,Horta,155,7116,..,1,1
2010,7,Horta-Guinardó,43,Horta,155,7116,..,1,2
2010,7,Horta-Guinardó,43,Horta,155,7116,..,1,3
2010,7,Horta-Guinardó,43,Horta,155,7116,6,1,4
2010,7,Horta-Guinardó,43,Horta,155,7116,6,1,5
2010,7,Horta-Guinardó,43,Horta,155,7116,..,1,6
2010,7,Horta-Guinardó,43,Horta,155,7116,..,1,7
2010,7,Horta-Guinardó,43,Horta,155,7116,..,1,8
2010,7,Horta-Guinardó,43,Horta,155,7116,..,1,9
2010,7,Horta-Guinardó,43,Horta,155,7116,..,1,10
2010,7,Horta-Guinardó,43,Horta,155,7116,..,1,11
2010,7,Horta-Guinardó,43,Horta,155,7116,..,1,13
2010,7,Horta-Guinardó,43,Horta,155,7116,..,1,16
2010,7,Horta-Guinardó,43,Horta,155,7116,..,1,19
2010,7,Horta-Guinardó,43,Horta,155,7116,..,2,0
2010,7,Horta-Guinardó,43,Horta,155,7116,..,2,1
2010,7,Horta-Guinardó,43,Horta,155,7116,..,2,2
2010,7,Horta-Guinardó,43,Horta,155,7116,6,2,3
2010,7,Horta-Guinardó,43,Horta,155,7116,..,2,4
2010,7,Horta-Guinardó,43,Horta,155,7116,..,2,5
2010,7,Horta-Guinardó,43,Horta,155,7116,5,2,6
2010,7,Horta-Guinardó,43,Horta,155,7116,..,2,7
2010,7,Horta-Guinardó,43,Horta,155,7116,..,2,8
2010,7,Horta-Guinardó,43,Horta,155,7116,..,2,9
2010,7,Horta-Guinardó,43,Horta,155,7116,..,2,10
2010,7,Horta-Guinardó,43,Horta,155,7116,..,2,12
2010,7,Horta-Guinardó,43,Horta,155,7116,..,2,13
2010,7,Horta-Guinardó,43,Horta,155,7116,..,2,16
2010,7,Horta-Guinardó,43,Horta,155,7117,6,1,0
2010,7,Horta-Guinardó,43,Horta,155,7117,6,1,1
2010,7,Horta-Guinardó,43,Horta,155,7117,..,1,2
2010,7,Horta-Guinardó,43,Horta,155,7117,12,1,3
2010,7,Horta-Guinardó,43,Horta,155,7117,29,1,4
2010,7,Horta-Guinardó,43,Horta,155,7117,30,1,5
2010,7,Horta-Guinardó,43,Horta,155,7117,18,1,6
2010,7,Horta-Guinardó,43,Horta,155,7117,17,1,7
2010,7,Horta-Guinardó,43,Horta,155,7117,10,1,8
2010,7,Horta-Guinardó,43,Horta,155,7117,6,1,9
2010,7,Horta-Guinardó,43,Horta,155,7117,..,1,10
2010,7,Horta-Guinardó,43,Horta,155,7117,..,1,11
2010,7,Horta-Guinardó,43,Horta,155,7117,..,1,12
2010,7,Horta-Guinardó,43,Horta,155,7117,..,1,13
2010,7,Horta-Guinardó,43,Horta,155,7117,..,2,0
2010,7,Horta-Guinardó,43,Horta,155,7117,5,2,1
2010,7,Horta-Guinardó,43,Horta,155,7117,..,2,2
2010,7,Horta-Guinardó,43,Horta,155,7117,17,2,3
2010,7,Horta-Guinardó,43,Horta,155,7117,89,2,4
2010,7,Horta-Guinardó,43,Horta,155,7117,123,2,5
2010,7,Horta-Guinardó,43,Horta,155,7117,96,2,6
2010,7,Horta-Guinardó,43,Horta,155,7117,60,2,7
2010,7,Horta-Guinardó,43,Horta,155,7117,23,2,8
2010,7,Horta-Guinardó,43,Horta,155,7117,18,2,9
2010,7,Horta-Guinardó,43,Horta,155,7117,12,2,10
2010,7,Horta-Guinardó,43,Horta,155,7117,7,2,11
2010,7,Horta-Guinardó,43,Horta,155,7117,..,2,12
2010,7,Horta-Guinardó,43,Horta,155,7117,..,2,13
2010,7,Horta-Guinardó,43,Horta,155,7117,..,2,14
2010,7,Horta-Guinardó,43,Horta,155,7118,..,1,0
2010,7,Horta-Guinardó,43,Horta,155,7118,5,1,5
2010,7,Horta-Guinardó,43,Horta,155,7118,6,1,6
2010,7,Horta-Guinardó,43,Horta,155,7118,..,1,7
2010,7,Horta-Guinardó,43,Horta,155,7118,..,1,9
2010,7,Horta-Guinardó,43,Horta,155,7118,..,1,10
2010,7,Horta-Guinardó,43,Horta,155,7118,..,1,11
2010,7,Horta-Guinardó,43,Horta,155,7118,..,1,12
2010,7,Horta-Guinardó,43,Horta,155,7118,..,1,15
2010,7,Horta-Guinardó,43,Horta,155,7118,..,2,0
2010,7,Horta-Guinardó,43,Horta,155,7118,..,2,4
2010,7,Horta-Guinardó,43,Horta,155,7118,6,2,5
2010,7,Horta-Guinardó,43,Horta,155,7118,..,2,6
2010,7,Horta-Guinardó,43,Horta,155,7118,..,2,7
2010,7,Horta-Guinardó,43,Horta,155,7118,..,2,8
2010,7,Horta-Guinardó,43,Horta,155,7118,..,2,10
2010,7,Horta-Guinardó,43,Horta,155,7118,..,2,12
2010,7,Horta-Guinardó,43,Horta,155,7118,..,2,15
2010,7,Horta-Guinardó,43,Horta,156,7119,..,1,1
2010,7,Horta-Guinardó,43,Horta,156,7119,..,1,2
2010,7,Horta-Guinardó,43,Horta,156,7119,..,1,4
2010,7,Horta-Guinardó,43,Horta,156,7119,..,1,5
2010,7,Horta-Guinardó,43,Horta,156,7119,..,1,6
2010,7,Horta-Guinardó,43,Horta,156,7119,..,1,7
2010,7,Horta-Guinardó,43,Horta,156,7119,..,1,8
2010,7,Horta-Guinardó,43,Horta,156,7119,..,1,10
2010,7,Horta-Guinardó,43,Horta,156,7119,..,1,11
2010,7,Horta-Guinardó,43,Horta,156,7119,..,1,15
2010,7,Horta-Guinardó,43,Horta,156,7119,..,2,0
2010,7,Horta-Guinardó,43,Horta,156,7119,..,2,2
2010,7,Horta-Guinardó,43,Horta,156,7119,..,2,4
2010,7,Horta-Guinardó,43,Horta,156,7119,..,2,5
2010,7,Horta-Guinardó,43,Horta,156,7119,..,2,6
2010,7,Horta-Guinardó,43,Horta,156,7119,..,2,8
2010,7,Horta-Guinardó,43,Horta,156,7119,..,2,9
2010,7,Horta-Guinardó,43,Horta,156,7119,..,2,11
2010,7,Horta-Guinardó,43,Horta,156,7119,..,2,12
2010,7,Horta-Guinardó,43,Horta,156,7119,..,2,16
2010,7,Horta-Guinardó,43,Horta,156,7120,..,1,0
2010,7,Horta-Guinardó,43,Horta,156,7120,..,1,1
2010,7,Horta-Guinardó,43,Horta,156,7120,..,1,2
2010,7,Horta-Guinardó,43,Horta,156,7120,..,1,4
2010,7,Horta-Guinardó,43,Horta,156,7120,5,1,5
2010,7,Horta-Guinardó,43,Horta,156,7120,..,1,6
2010,7,Horta-Guinardó,43,Horta,156,7120,..,1,7
2010,7,Horta-Guinardó,43,Horta,156,7120,..,1,8
2010,7,Horta-Guinardó,43,Horta,156,7120,..,1,9
2010,7,Horta-Guinardó,43,Horta,156,7120,..,1,11
2010,7,Horta-Guinardó,43,Horta,156,7120,..,1,12
2010,7,Horta-Guinardó,43,Horta,156,7120,..,1,15
2010,7,Horta-Guinardó,43,Horta,156,7120,..,1,17
2010,7,Horta-Guinardó,43,Horta,156,7120,..,2,1
2010,7,Horta-Guinardó,43,Horta,156,7120,..,2,2
2010,7,Horta-Guinardó,43,Horta,156,7120,..,2,4
2010,7,Horta-Guinardó,43,Horta,156,7120,..,2,5
2010,7,Horta-Guinardó,43,Horta,156,7120,5,2,6
2010,7,Horta-Guinardó,43,Horta,156,7120,..,2,7
2010,7,Horta-Guinardó,43,Horta,156,7120,..,2,10
2010,7,Horta-Guinardó,43,Horta,156,7120,..,2,13
2010,7,Horta-Guinardó,43,Horta,156,7121,..,1,1
2010,7,Horta-Guinardó,43,Horta,156,7121,..,1,2
2010,7,Horta-Guinardó,43,Horta,156,7121,..,1,3
2010,7,Horta-Guinardó,43,Horta,156,7121,..,1,4
2010,7,Horta-Guinardó,43,Horta,156,7121,..,1,5
2010,7,Horta-Guinardó,43,Horta,156,7121,..,1,6
2010,7,Horta-Guinardó,43,Horta,156,7121,..,1,7
2010,7,Horta-Guinardó,43,Horta,156,7121,..,1,8
2010,7,Horta-Guinardó,43,Horta,156,7121,..,1,12
2010,7,Horta-Guinardó,43,Horta,156,7121,..,1,13
2010,7,Horta-Guinardó,43,Horta,156,7121,..,1,14
2010,7,Horta-Guinardó,43,Horta,156,7121,..,1,15
2010,7,Horta-Guinardó,43,Horta,156,7121,..,2,2
2010,7,Horta-Guinardó,43,Horta,156,7121,..,2,4
2010,7,Horta-Guinardó,43,Horta,156,7121,5,2,5
2010,7,Horta-Guinardó,43,Horta,156,7121,..,2,6
2010,7,Horta-Guinardó,43,Horta,156,7121,..,2,7
2010,7,Horta-Guinardó,43,Horta,156,7121,..,2,8
2010,7,Horta-Guinardó,43,Horta,156,7121,..,2,9
2010,7,Horta-Guinardó,43,Horta,156,7121,..,2,11
2010,7,Horta-Guinardó,43,Horta,156,7122,..,1,0
2010,7,Horta-Guinardó,43,Horta,156,7122,..,1,2
2010,7,Horta-Guinardó,43,Horta,156,7122,..,1,3
2010,7,Horta-Guinardó,43,Horta,156,7122,..,1,4
2010,7,Horta-Guinardó,43,Horta,156,7122,6,1,5
2010,7,Horta-Guinardó,43,Horta,156,7122,..,1,6
2010,7,Horta-Guinardó,43,Horta,156,7122,..,1,7
2010,7,Horta-Guinardó,43,Horta,156,7122,..,1,9
2010,7,Horta-Guinardó,43,Horta,156,7122,..,2,0
2010,7,Horta-Guinardó,43,Horta,156,7122,..,2,1
2010,7,Horta-Guinardó,43,Horta,156,7122,..,2,5
2010,7,Horta-Guinardó,43,Horta,156,7122,..,2,6
2010,7,Horta-Guinardó,43,Horta,156,7122,..,2,7
2010,7,Horta-Guinardó,43,Horta,156,7122,..,2,8
2010,7,Horta-Guinardó,43,Horta,156,7122,..,2,10
2010,7,Horta-Guinardó,43,Horta,156,7122,..,2,12
2010,7,Horta-Guinardó,43,Horta,156,7122,..,2,13
2010,7,Horta-Guinardó,43,Horta,156,7122,..,2,15
2010,7,Horta-Guinardó,43,Horta,156,7123,..,1,3
2010,7,Horta-Guinardó,43,Horta,156,7123,..,1,4
2010,7,Horta-Guinardó,43,Horta,156,7123,6,1,5
2010,7,Horta-Guinardó,43,Horta,156,7123,..,1,6
2010,7,Horta-Guinardó,43,Horta,156,7123,..,1,9
2010,7,Horta-Guinardó,43,Horta,156,7123,..,1,11
2010,7,Horta-Guinardó,43,Horta,156,7123,..,1,13
2010,7,Horta-Guinardó,43,Horta,156,7123,..,1,15
2010,7,Horta-Guinardó,43,Horta,156,7123,..,2,0
2010,7,Horta-Guinardó,43,Horta,156,7123,..,2,3
2010,7,Horta-Guinardó,43,Horta,156,7123,..,2,4
2010,7,Horta-Guinardó,43,Horta,156,7123,..,2,5
2010,7,Horta-Guinardó,43,Horta,156,7123,5,2,6
2010,7,Horta-Guinardó,43,Horta,156,7123,..,2,7
2010,7,Horta-Guinardó,43,Horta,156,7123,..,2,8
2010,7,Horta-Guinardó,43,Horta,156,7123,..,2,10
2010,7,Horta-Guinardó,43,Horta,156,7123,..,2,12
2010,8,Nou Barris,44,Vilapicina i la Torre Llobeta,157,8001,..,1,0
2010,8,Nou Barris,44,Vilapicina i la Torre Llobeta,157,8001,..,1,1
2010,8,Nou Barris,44,Vilapicina i la Torre Llobeta,157,8001,..,1,3
2010,8,Nou Barris,44,Vilapicina i la Torre Llobeta,157,8001,..,1,4
2010,8,Nou Barris,44,Vilapicina i la Torre Llobeta,157,8001,6,1,5
2010,8,Nou Barris,44,Vilapicina i la Torre Llobeta,157,8001,7,1,6
2010,8,Nou Barris,44,Vilapicina i la Torre Llobeta,157,8001,..,1,7
2010,8,Nou Barris,44,Vilapicina i la Torre Llobeta,157,8001,..,1,8
2010,8,Nou Barris,44,Vilapicina i la Torre Llobeta,157,8001,..,1,14
2010,8,Nou Barris,44,Vilapicina i la Torre Llobeta,157,8001,..,1,16
2010,8,Nou Barris,44,Vilapicina i la Torre Llobeta,157,8001,..,2,0
2010,8,Nou Barris,44,Vilapicina i la Torre Llobeta,157,8001,..,2,2
2010,8,Nou Barris,44,Vilapicina i la Torre Llobeta,157,8001,..,2,3
2010,8,Nou Barris,44,Vilapicina i la Torre Llobeta,157,8001,..,2,4
2010,8,Nou Barris,44,Vilapicina i la Torre Llobeta,157,8001,..,2,5
2010,8,Nou Barris,44,Vilapicina i la Torre Llobeta,157,8001,..,2,6
2010,8,Nou Barris,44,Vilapicina i la Torre Llobeta,157,8001,..,2,7
2010,8,Nou Barris,44,Vilapicina i la Torre Llobeta,157,8001,..,2,10
2010,8,Nou Barris,44,Vilapicina i la Torre Llobeta,157,8001,..,2,14
2010,8,Nou Barris,44,Vilapicina i la Torre Llobeta,157,8002,..,1,0
2010,8,Nou Barris,44,Vilapicina i la Torre Llobeta,157,8002,..,1,3
2010,8,Nou Barris,44,Vilapicina i la Torre Llobeta,157,8002,..,1,4
2010,8,Nou Barris,44,Vilapicina i la Torre Llobeta,157,8002,..,1,5
2010,8,Nou Barris,44,Vilapicina i la Torre Llobeta,157,8002,6,1,6
2010,8,Nou Barris,44,Vilapicina i la Torre Llobeta,157,8002,..,1,7
2010,8,Nou Barris,44,Vilapicina i la Torre Llobeta,157,8002,..,1,8
2010,8,Nou Barris,44,Vilapicina i la Torre Llobeta,157,8002,..,1,9
2010,8,Nou Barris,44,Vilapicina i la Torre Llobeta,157,8002,..,1,10
2010,8,Nou Barris,44,Vilapicina i la Torre Llobeta,157,8002,..,1,12
2010,8,Nou Barris,44,Vilapicina i la Torre Llobeta,157,8002,..,1,13
2010,8,Nou Barris,44,Vilapicina i la Torre Llobeta,157,8002,..,2,0
2010,8,Nou Barris,44,Vilapicina i la Torre Llobeta,157,8002,..,2,3
2010,8,Nou Barris,44,Vilapicina i la Torre Llobeta,157,8002,..,2,4
2010,8,Nou Barris,44,Vilapicina i la Torre Llobeta,157,8002,..,2,5
2010,8,Nou Barris,44,Vilapicina i la Torre Llobeta,157,8002,..,2,6
2010,8,Nou Barris,44,Vilapicina i la Torre Llobeta,157,8002,..,2,7
2010,8,Nou Barris,44,Vilapicina i la Torre Llobeta,157,8002,..,2,8
2010,8,Nou Barris,44,Vilapicina i la Torre Llobeta,157,8002,..,2,9
2010,8,Nou Barris,44,Vilapicina i la Torre Llobeta,157,8002,..,2,12
2010,8,Nou Barris,44,Vilapicina i la Torre Llobeta,157,8002,..,2,13
2010,8,Nou Barris,44,Vilapicina i la Torre Llobeta,157,8003,..,1,0
2010,8,Nou Barris,44,Vilapicina i la Torre Llobeta,157,8003,..,1,1
2010,8,Nou Barris,44,Vilapicina i la Torre Llobeta,157,8003,..,1,2
2010,8,Nou Barris,44,Vilapicina i la Torre Llobeta,157,8003,..,1,3
2010,8,Nou Barris,44,Vilapicina i la Torre Llobeta,157,8003,..,1,4
2010,8,Nou Barris,44,Vilapicina i la Torre Llobeta,157,8003,..,1,5
2010,8,Nou Barris,44,Vilapicina i la Torre Llobeta,157,8003,..,1,6
2010,8,Nou Barris,44,Vilapicina i la Torre Llobeta,157,8003,5,1,7
2010,8,Nou Barris,44,Vilapicina i la Torre Llobeta,157,8003,..,1,8
2010,8,Nou Barris,44,Vilapicina i la Torre Llobeta,157,8003,..,1,10
2010,8,Nou Barris,44,Vilapicina i la Torre Llobeta,157,8003,..,1,12
2010,8,Nou Barris,44,Vilapicina i la Torre Llobeta,157,8003,..,1,15
2010,8,Nou Barris,44,Vilapicina i la Torre Llobeta,157,8003,..,2,0
2010,8,Nou Barris,44,Vilapicina i la Torre Llobeta,157,8003,..,2,2
2010,8,Nou Barris,44,Vilapicina i la Torre Llobeta,157,8003,..,2,4
2010,8,Nou Barris,44,Vilapicina i la Torre Llobeta,157,8003,..,2,5
2010,8,Nou Barris,44,Vilapicina i la Torre Llobeta,157,8003,5,2,6
2010,8,Nou Barris,44,Vilapicina i la Torre Llobeta,157,8003,..,2,7
2010,8,Nou Barris,44,Vilapicina i la Torre Llobeta,157,8003,..,2,8
2010,8,Nou Barris,44,Vilapicina i la Torre Llobeta,157,8003,..,2,12
2010,8,Nou Barris,44,Vilapicina i la Torre Llobeta,157,8003,..,2,15
2010,8,Nou Barris,44,Vilapicina i la Torre Llobeta,157,8004,..,1,0
2010,8,Nou Barris,44,Vilapicina i la Torre Llobeta,157,8004,..,1,1
2010,8,Nou Barris,44,Vilapicina i la Torre Llobeta,157,8004,..,1,3
2010,8,Nou Barris,44,Vilapicina i la Torre Llobeta,157,8004,..,1,4
2010,8,Nou Barris,44,Vilapicina i la Torre Llobeta,157,8004,..,1,5
2010,8,Nou Barris,44,Vilapicina i la Torre Llobeta,157,8004,..,1,6
2010,8,Nou Barris,44,Vilapicina i la Torre Llobeta,157,8004,6,1,7
2010,8,Nou Barris,44,Vilapicina i la Torre Llobeta,157,8004,..,1,8
2010,8,Nou Barris,44,Vilapicina i la Torre Llobeta,157,8004,..,1,11
2010,8,Nou Barris,44,Vilapicina i la Torre Llobeta,157,8004,..,1,14
2010,8,Nou Barris,44,Vilapicina i la Torre Llobeta,157,8004,..,2,0
2010,8,Nou Barris,44,Vilapicina i la Torre Llobeta,157,8004,..,2,2
2010,8,Nou Barris,44,Vilapicina i la Torre Llobeta,157,8004,..,2,3
2010,8,Nou Barris,44,Vilapicina i la Torre Llobeta,157,8004,..,2,4
2010,8,Nou Barris,44,Vilapicina i la Torre Llobeta,157,8004,5,2,5
2010,8,Nou Barris,44,Vilapicina i la Torre Llobeta,157,8004,..,2,6
2010,8,Nou Barris,44,Vilapicina i la Torre Llobeta,157,8004,..,2,7
2010,8,Nou Barris,44,Vilapicina i la Torre Llobeta,157,8004,..,2,8
2010,8,Nou Barris,44,Vilapicina i la Torre Llobeta,157,8004,..,2,9
2010,8,Nou Barris,44,Vilapicina i la Torre Llobeta,157,8004,..,2,12
2010,8,Nou Barris,44,Vilapicina i la Torre Llobeta,157,8004,..,2,13
2010,8,Nou Barris,44,Vilapicina i la Torre Llobeta,157,8004,..,2,14
2010,8,Nou Barris,44,Vilapicina i la Torre Llobeta,157,8004,..,2,15
2010,8,Nou Barris,44,Vilapicina i la Torre Llobeta,157,8005,..,1,3
2010,8,Nou Barris,44,Vilapicina i la Torre Llobeta,157,8005,..,1,5
2010,8,Nou Barris,44,Vilapicina i la Torre Llobeta,157,8005,..,1,6
2010,8,Nou Barris,44,Vilapicina i la Torre Llobeta,157,8005,..,1,7
2010,8,Nou Barris,44,Vilapicina i la Torre Llobeta,157,8005,..,1,8
2010,8,Nou Barris,44,Vilapicina i la Torre Llobeta,157,8005,..,1,9
2010,8,Nou Barris,44,Vilapicina i la Torre Llobeta,157,8005,..,2,0
2010,8,Nou Barris,44,Vilapicina i la Torre Llobeta,157,8005,..,2,1
2010,8,Nou Barris,44,Vilapicina i la Torre Llobeta,157,8005,..,2,2
2010,8,Nou Barris,44,Vilapicina i la Torre Llobeta,157,8005,..,2,3
2010,8,Nou Barris,44,Vilapicina i la Torre Llobeta,157,8005,..,2,4
2010,8,Nou Barris,44,Vilapicina i la Torre Llobeta,157,8005,..,2,5
2010,8,Nou Barris,44,Vilapicina i la Torre Llobeta,157,8005,..,2,6
2010,8,Nou Barris,44,Vilapicina i la Torre Llobeta,157,8005,6,2,9
2010,8,Nou Barris,44,Vilapicina i la Torre Llobeta,157,8005,..,2,12
2010,8,Nou Barris,44,Vilapicina i la Torre Llobeta,157,8006,..,1,0
2010,8,Nou Barris,44,Vilapicina i la Torre Llobeta,157,8006,..,1,1
2010,8,Nou Barris,44,Vilapicina i la Torre Llobeta,157,8006,..,1,3
2010,8,Nou Barris,44,Vilapicina i la Torre Llobeta,157,8006,..,1,4
2010,8,Nou Barris,44,Vilapicina i la Torre Llobeta,157,8006,..,1,5
2010,8,Nou Barris,44,Vilapicina i la Torre Llobeta,157,8006,9,1,6
2010,8,Nou Barris,44,Vilapicina i la Torre Llobeta,157,8006,..,1,7
2010,8,Nou Barris,44,Vilapicina i la Torre Llobeta,157,8006,..,1,9
2010,8,Nou Barris,44,Vilapicina i la Torre Llobeta,157,8006,..,1,10
2010,8,Nou Barris,44,Vilapicina i la Torre Llobeta,157,8006,..,1,11
2010,8,Nou Barris,44,Vilapicina i la Torre Llobeta,157,8006,..,1,12
2010,8,Nou Barris,44,Vilapicina i la Torre Llobeta,157,8006,..,1,13
2010,8,Nou Barris,44,Vilapicina i la Torre Llobeta,157,8006,..,1,16
2010,8,Nou Barris,44,Vilapicina i la Torre Llobeta,157,8006,..,2,0
2010,8,Nou Barris,44,Vilapicina i la Torre Llobeta,157,8006,..,2,1
2010,8,Nou Barris,44,Vilapicina i la Torre Llobeta,157,8006,..,2,3
2010,8,Nou Barris,44,Vilapicina i la Torre Llobeta,157,8006,..,2,4
2010,8,Nou Barris,44,Vilapicina i la Torre Llobeta,157,8006,..,2,5
2010,8,Nou Barris,44,Vilapicina i la Torre Llobeta,157,8006,5,2,6
2010,8,Nou Barris,44,Vilapicina i la Torre Llobeta,157,8006,..,2,7
2010,8,Nou Barris,44,Vilapicina i la Torre Llobeta,157,8006,..,2,8
2010,8,Nou Barris,44,Vilapicina i la Torre Llobeta,157,8006,..,2,10
2010,8,Nou Barris,44,Vilapicina i la Torre Llobeta,157,8006,..,2,13
2010,8,Nou Barris,44,Vilapicina i la Torre Llobeta,157,8007,..,1,1
2010,8,Nou Barris,44,Vilapicina i la Torre Llobeta,157,8007,..,1,4
2010,8,Nou Barris,44,Vilapicina i la Torre Llobeta,157,8007,..,1,5
2010,8,Nou Barris,44,Vilapicina i la Torre Llobeta,157,8007,..,1,6
2010,8,Nou Barris,44,Vilapicina i la Torre Llobeta,157,8007,..,1,7
2010,8,Nou Barris,44,Vilapicina i la Torre Llobeta,157,8007,..,1,9
2010,8,Nou Barris,44,Vilapicina i la Torre Llobeta,157,8007,..,1,10
2010,8,Nou Barris,44,Vilapicina i la Torre Llobeta,157,8007,..,1,11
2010,8,Nou Barris,44,Vilapicina i la Torre Llobeta,157,8007,..,1,12
2010,8,Nou Barris,44,Vilapicina i la Torre Llobeta,157,8007,..,2,0
2010,8,Nou Barris,44,Vilapicina i la Torre Llobeta,157,8007,..,2,2
2010,8,Nou Barris,44,Vilapicina i la Torre Llobeta,157,8007,..,2,3
2010,8,Nou Barris,44,Vilapicina i la Torre Llobeta,157,8007,..,2,4
2010,8,Nou Barris,44,Vilapicina i la Torre Llobeta,157,8007,..,2,5
2010,8,Nou Barris,44,Vilapicina i la Torre Llobeta,157,8007,..,2,6
2010,8,Nou Barris,44,Vilapicina i la Torre Llobeta,157,8007,..,2,7
2010,8,Nou Barris,44,Vilapicina i la Torre Llobeta,157,8007,..,2,8
2010,8,Nou Barris,44,Vilapicina i la Torre Llobeta,157,8007,..,2,9
2010,8,Nou Barris,44,Vilapicina i la Torre Llobeta,157,8007,..,2,11
2010,8,Nou Barris,44,Vilapicina i la Torre Llobeta,157,8008,..,1,0
2010,8,Nou Barris,44,Vilapicina i la Torre Llobeta,157,8008,..,1,1
2010,8,Nou Barris,44,Vilapicina i la Torre Llobeta,157,8008,..,1,3
2010,8,Nou Barris,44,Vilapicina i la Torre Llobeta,157,8008,6,1,4
2010,8,Nou Barris,44,Vilapicina i la Torre Llobeta,157,8008,8,1,5
2010,8,Nou Barris,44,Vilapicina i la Torre Llobeta,157,8008,..,1,6
2010,8,Nou Barris,44,Vilapicina i la Torre Llobeta,157,8008,..,1,7
2010,8,Nou Barris,44,Vilapicina i la Torre Llobeta,157,8008,..,1,8
2010,8,Nou Barris,44,Vilapicina i la Torre Llobeta,157,8008,..,1,9
2010,8,Nou Barris,44,Vilapicina i la Torre Llobeta,157,8008,..,1,11
2010,8,Nou Barris,44,Vilapicina i la Torre Llobeta,157,8008,..,1,16
2010,8,Nou Barris,44,Vilapicina i la Torre Llobeta,157,8008,..,1,17
2010,8,Nou Barris,44,Vilapicina i la Torre Llobeta,157,8008,..,1,18
2010,8,Nou Barris,44,Vilapicina i la Torre Llobeta,157,8008,..,2,0
2010,8,Nou Barris,44,Vilapicina i la Torre Llobeta,157,8008,..,2,2
2010,8,Nou Barris,44,Vilapicina i la Torre Llobeta,157,8008,..,2,3
2010,8,Nou Barris,44,Vilapicina i la Torre Llobeta,157,8008,..,2,4
2010,8,Nou Barris,44,Vilapicina i la Torre Llobeta,157,8008,..,2,5
2010,8,Nou Barris,44,Vilapicina i la Torre Llobeta,157,8008,..,2,6
2010,8,Nou Barris,44,Vilapicina i la Torre Llobeta,157,8008,6,2,7
2010,8,Nou Barris,44,Vilapicina i la Torre Llobeta,157,8008,..,2,8
2010,8,Nou Barris,44,Vilapicina i la Torre Llobeta,157,8008,..,2,9
2010,8,Nou Barris,44,Vilapicina i la Torre Llobeta,157,8008,..,2,10
2010,8,Nou Barris,44,Vilapicina i la Torre Llobeta,157,8008,..,2,11
2010,8,Nou Barris,44,Vilapicina i la Torre Llobeta,157,8008,..,2,13
2010,8,Nou Barris,44,Vilapicina i la Torre Llobeta,158,8009,..,1,0
2010,8,Nou Barris,44,Vilapicina i la Torre Llobeta,158,8009,..,1,1
2010,8,Nou Barris,44,Vilapicina i la Torre Llobeta,158,8009,..,1,2
2010,8,Nou Barris,44,Vilapicina i la Torre Llobeta,158,8009,5,1,4
2010,8,Nou Barris,44,Vilapicina i la Torre Llobeta,158,8009,9,1,5
2010,8,Nou Barris,44,Vilapicina i la Torre Llobeta,158,8009,7,1,6
2010,8,Nou Barris,44,Vilapicina i la Torre Llobeta,158,8009,..,1,7
2010,8,Nou Barris,44,Vilapicina i la Torre Llobeta,158,8009,..,1,9
2010,8,Nou Barris,44,Vilapicina i la Torre Llobeta,158,8009,..,1,11
2010,8,Nou Barris,44,Vilapicina i la Torre Llobeta,158,8009,..,1,16
2010,8,Nou Barris,44,Vilapicina i la Torre Llobeta,158,8009,..,2,0
2010,8,Nou Barris,44,Vilapicina i la Torre Llobeta,158,8009,..,2,1
2010,8,Nou Barris,44,Vilapicina i la Torre Llobeta,158,8009,..,2,4
2010,8,Nou Barris,44,Vilapicina i la Torre Llobeta,158,8009,..,2,5
2010,8,Nou Barris,44,Vilapicina i la Torre Llobeta,158,8009,8,2,6
2010,8,Nou Barris,44,Vilapicina i la Torre Llobeta,158,8009,..,2,7
2010,8,Nou Barris,44,Vilapicina i la Torre Llobeta,158,8009,..,2,8
2010,8,Nou Barris,44,Vilapicina i la Torre Llobeta,158,8009,..,2,9
2010,8,Nou Barris,44,Vilapicina i la Torre Llobeta,158,8009,..,2,10
2010,8,Nou Barris,44,Vilapicina i la Torre Llobeta,158,8009,..,2,14
2010,8,Nou Barris,44,Vilapicina i la Torre Llobeta,158,8009,..,2,18
2010,8,Nou Barris,44,Vilapicina i la Torre Llobeta,159,8010,..,1,0
2010,8,Nou Barris,44,Vilapicina i la Torre Llobeta,159,8010,..,1,1
2010,8,Nou Barris,44,Vilapicina i la Torre Llobeta,159,8010,..,1,4
2010,8,Nou Barris,44,Vilapicina i la Torre Llobeta,159,8010,..,1,5
2010,8,Nou Barris,44,Vilapicina i la Torre Llobeta,159,8010,..,1,6
2010,8,Nou Barris,44,Vilapicina i la Torre Llobeta,159,8010,..,1,7
2010,8,Nou Barris,44,Vilapicina i la Torre Llobeta,159,8010,..,1,8
2010,8,Nou Barris,44,Vilapicina i la Torre Llobeta,159,8010,..,1,11
2010,8,Nou Barris,44,Vilapicina i la Torre Llobeta,159,8010,..,1,15
2010,8,Nou Barris,44,Vilapicina i la Torre Llobeta,159,8010,..,1,17
2010,8,Nou Barris,44,Vilapicina i la Torre Llobeta,159,8010,5,2,4
2010,8,Nou Barris,44,Vilapicina i la Torre Llobeta,159,8010,..,2,5
2010,8,Nou Barris,44,Vilapicina i la Torre Llobeta,159,8010,..,2,6
2010,8,Nou Barris,44,Vilapicina i la Torre Llobeta,159,8010,..,2,7
2010,8,Nou Barris,44,Vilapicina i la Torre Llobeta,159,8010,..,2,8
2010,8,Nou Barris,44,Vilapicina i la Torre Llobeta,159,8010,..,2,9
2010,8,Nou Barris,44,Vilapicina i la Torre Llobeta,159,8010,..,2,12
2010,8,Nou Barris,44,Vilapicina i la Torre Llobeta,159,8010,..,2,14
2010,8,Nou Barris,44,Vilapicina i la Torre Llobeta,159,8011,..,1,3
2010,8,Nou Barris,44,Vilapicina i la Torre Llobeta,159,8011,..,1,4
2010,8,Nou Barris,44,Vilapicina i la Torre Llobeta,159,8011,..,1,5
2010,8,Nou Barris,44,Vilapicina i la Torre Llobeta,159,8011,..,1,6
2010,8,Nou Barris,44,Vilapicina i la Torre Llobeta,159,8011,..,1,10
2010,8,Nou Barris,44,Vilapicina i la Torre Llobeta,159,8011,..,1,11
2010,8,Nou Barris,44,Vilapicina i la Torre Llobeta,159,8011,..,1,15
2010,8,Nou Barris,44,Vilapicina i la Torre Llobeta,159,8011,..,1,16
2010,8,Nou Barris,44,Vilapicina i la Torre Llobeta,159,8011,..,1,19
2010,8,Nou Barris,44,Vilapicina i la Torre Llobeta,159,8011,..,2,4
2010,8,Nou Barris,44,Vilapicina i la Torre Llobeta,159,8011,..,2,6
2010,8,Nou Barris,44,Vilapicina i la Torre Llobeta,159,8011,..,2,7
2010,8,Nou Barris,44,Vilapicina i la Torre Llobeta,159,8011,..,2,8
2010,8,Nou Barris,44,Vilapicina i la Torre Llobeta,159,8011,..,2,11
2010,8,Nou Barris,44,Vilapicina i la Torre Llobeta,159,8011,..,2,16
2010,8,Nou Barris,44,Vilapicina i la Torre Llobeta,159,8012,..,1,0
2010,8,Nou Barris,44,Vilapicina i la Torre Llobeta,159,8012,..,1,1
2010,8,Nou Barris,44,Vilapicina i la Torre Llobeta,159,8012,..,1,2
2010,8,Nou Barris,44,Vilapicina i la Torre Llobeta,159,8012,5,1,4
2010,8,Nou Barris,44,Vilapicina i la Torre Llobeta,159,8012,..,1,5
2010,8,Nou Barris,44,Vilapicina i la Torre Llobeta,159,8012,..,1,6
2010,8,Nou Barris,44,Vilapicina i la Torre Llobeta,159,8012,..,1,7
2010,8,Nou Barris,44,Vilapicina i la Torre Llobeta,159,8012,..,1,8
2010,8,Nou Barris,44,Vilapicina i la Torre Llobeta,159,8012,..,1,9
2010,8,Nou Barris,44,Vilapicina i la Torre Llobeta,159,8012,..,1,11
2010,8,Nou Barris,44,Vilapicina i la Torre Llobeta,159,8012,..,2,0
2010,8,Nou Barris,44,Vilapicina i la Torre Llobeta,159,8012,..,2,1
2010,8,Nou Barris,44,Vilapicina i la Torre Llobeta,159,8012,..,2,3
2010,8,Nou Barris,44,Vilapicina i la Torre Llobeta,159,8012,..,2,4
2010,8,Nou Barris,44,Vilapicina i la Torre Llobeta,159,8012,..,2,5
2010,8,Nou Barris,44,Vilapicina i la Torre Llobeta,159,8012,..,2,6
2010,8,Nou Barris,44,Vilapicina i la Torre Llobeta,159,8012,..,2,7
2010,8,Nou Barris,44,Vilapicina i la Torre Llobeta,159,8012,..,2,8
2010,8,Nou Barris,44,Vilapicina i la Torre Llobeta,159,8012,..,2,9
2010,8,Nou Barris,44,Vilapicina i la Torre Llobeta,159,8012,..,2,10
2010,8,Nou Barris,44,Vilapicina i la Torre Llobeta,159,8013,..,1,0
2010,8,Nou Barris,44,Vilapicina i la Torre Llobeta,159,8013,..,1,2
2010,8,Nou Barris,44,Vilapicina i la Torre Llobeta,159,8013,..,1,3
2010,8,Nou Barris,44,Vilapicina i la Torre Llobeta,159,8013,..,1,4
2010,8,Nou Barris,44,Vilapicina i la Torre Llobeta,159,8013,6,1,5
2010,8,Nou Barris,44,Vilapicina i la Torre Llobeta,159,8013,..,1,6
2010,8,Nou Barris,44,Vilapicina i la Torre Llobeta,159,8013,..,1,7
2010,8,Nou Barris,44,Vilapicina i la Torre Llobeta,159,8013,..,1,8
2010,8,Nou Barris,44,Vilapicina i la Torre Llobeta,159,8013,..,1,9
2010,8,Nou Barris,44,Vilapicina i la Torre Llobeta,159,8013,..,2,0
2010,8,Nou Barris,44,Vilapicina i la Torre Llobeta,159,8013,..,2,3
2010,8,Nou Barris,44,Vilapicina i la Torre Llobeta,159,8013,..,2,4
2010,8,Nou Barris,44,Vilapicina i la Torre Llobeta,159,8013,7,2,5
2010,8,Nou Barris,44,Vilapicina i la Torre Llobeta,159,8013,5,2,6
2010,8,Nou Barris,44,Vilapicina i la Torre Llobeta,159,8013,..,2,7
2010,8,Nou Barris,44,Vilapicina i la Torre Llobeta,159,8013,..,2,8
2010,8,Nou Barris,44,Vilapicina i la Torre Llobeta,159,8013,..,2,9
2010,8,Nou Barris,44,Vilapicina i la Torre Llobeta,159,8013,..,2,10
2010,8,Nou Barris,44,Vilapicina i la Torre Llobeta,159,8013,..,2,11
2010,8,Nou Barris,44,Vilapicina i la Torre Llobeta,159,8013,..,2,15
2010,8,Nou Barris,44,Vilapicina i la Torre Llobeta,159,8014,..,1,0
2010,8,Nou Barris,44,Vilapicina i la Torre Llobeta,159,8014,..,1,1
2010,8,Nou Barris,44,Vilapicina i la Torre Llobeta,159,8014,..,1,3
2010,8,Nou Barris,44,Vilapicina i la Torre Llobeta,159,8014,..,1,4
2010,8,Nou Barris,44,Vilapicina i la Torre Llobeta,159,8014,5,1,5
2010,8,Nou Barris,44,Vilapicina i la Torre Llobeta,159,8014,7,1,6
2010,8,Nou Barris,44,Vilapicina i la Torre Llobeta,159,8014,..,1,7
2010,8,Nou Barris,44,Vilapicina i la Torre Llobeta,159,8014,..,1,8
2010,8,Nou Barris,44,Vilapicina i la Torre Llobeta,159,8014,..,1,9
2010,8,Nou Barris,44,Vilapicina i la Torre Llobeta,159,8014,..,1,14
2010,8,Nou Barris,44,Vilapicina i la Torre Llobeta,159,8014,..,2,0
2010,8,Nou Barris,44,Vilapicina i la Torre Llobeta,159,8014,..,2,1
2010,8,Nou Barris,44,Vilapicina i la Torre Llobeta,159,8014,..,2,2
2010,8,Nou Barris,44,Vilapicina i la Torre Llobeta,159,8014,..,2,3
2010,8,Nou Barris,44,Vilapicina i la Torre Llobeta,159,8014,5,2,5
2010,8,Nou Barris,44,Vilapicina i la Torre Llobeta,159,8014,..,2,6
2010,8,Nou Barris,44,Vilapicina i la Torre Llobeta,159,8014,..,2,7
2010,8,Nou Barris,44,Vilapicina i la Torre Llobeta,159,8014,..,2,8
2010,8,Nou Barris,44,Vilapicina i la Torre Llobeta,159,8014,..,2,9
2010,8,Nou Barris,44,Vilapicina i la Torre Llobeta,159,8014,..,2,10
2010,8,Nou Barris,44,Vilapicina i la Torre Llobeta,159,8014,..,2,12
2010,8,Nou Barris,44,Vilapicina i la Torre Llobeta,160,8015,..,1,0
2010,8,Nou Barris,44,Vilapicina i la Torre Llobeta,160,8015,..,1,1
2010,8,Nou Barris,44,Vilapicina i la Torre Llobeta,160,8015,..,1,2
2010,8,Nou Barris,44,Vilapicina i la Torre Llobeta,160,8015,..,1,3
2010,8,Nou Barris,44,Vilapicina i la Torre Llobeta,160,8015,8,1,4
2010,8,Nou Barris,44,Vilapicina i la Torre Llobeta,160,8015,7,1,5
2010,8,Nou Barris,44,Vilapicina i la Torre Llobeta,160,8015,5,1,6
2010,8,Nou Barris,44,Vilapicina i la Torre Llobeta,160,8015,..,1,7
2010,8,Nou Barris,44,Vilapicina i la Torre Llobeta,160,8015,..,1,8
2010,8,Nou Barris,44,Vilapicina i la Torre Llobeta,160,8015,..,1,9
2010,8,Nou Barris,44,Vilapicina i la Torre Llobeta,160,8015,..,1,10
2010,8,Nou Barris,44,Vilapicina i la Torre Llobeta,160,8015,..,1,11
2010,8,Nou Barris,44,Vilapicina i la Torre Llobeta,160,8015,..,1,13
2010,8,Nou Barris,44,Vilapicina i la Torre Llobeta,160,8015,..,1,14
2010,8,Nou Barris,44,Vilapicina i la Torre Llobeta,160,8015,..,2,0
2010,8,Nou Barris,44,Vilapicina i la Torre Llobeta,160,8015,..,2,1
2010,8,Nou Barris,44,Vilapicina i la Torre Llobeta,160,8015,..,2,2
2010,8,Nou Barris,44,Vilapicina i la Torre Llobeta,160,8015,..,2,3
2010,8,Nou Barris,44,Vilapicina i la Torre Llobeta,160,8015,..,2,4
2010,8,Nou Barris,44,Vilapicina i la Torre Llobeta,160,8015,7,2,5
2010,8,Nou Barris,44,Vilapicina i la Torre Llobeta,160,8015,7,2,6
2010,8,Nou Barris,44,Vilapicina i la Torre Llobeta,160,8015,7,2,7
2010,8,Nou Barris,44,Vilapicina i la Torre Llobeta,160,8015,..,2,8
2010,8,Nou Barris,44,Vilapicina i la Torre Llobeta,160,8015,..,2,9
2010,8,Nou Barris,44,Vilapicina i la Torre Llobeta,160,8015,..,2,10
2010,8,Nou Barris,44,Vilapicina i la Torre Llobeta,160,8015,..,2,11
2010,8,Nou Barris,44,Vilapicina i la Torre Llobeta,160,8015,..,2,13
2010,8,Nou Barris,44,Vilapicina i la Torre Llobeta,160,8015,..,2,14
2010,8,Nou Barris,44,Vilapicina i la Torre Llobeta,160,8016,..,1,0
2010,8,Nou Barris,44,Vilapicina i la Torre Llobeta,160,8016,..,1,2
2010,8,Nou Barris,44,Vilapicina i la Torre Llobeta,160,8016,..,1,3
2010,8,Nou Barris,44,Vilapicina i la Torre Llobeta,160,8016,5,1,4
2010,8,Nou Barris,44,Vilapicina i la Torre Llobeta,160,8016,..,1,5
2010,8,Nou Barris,44,Vilapicina i la Torre Llobeta,160,8016,..,1,6
2010,8,Nou Barris,44,Vilapicina i la Torre Llobeta,160,8016,..,1,7
2010,8,Nou Barris,44,Vilapicina i la Torre Llobeta,160,8016,..,1,8
2010,8,Nou Barris,44,Vilapicina i la Torre Llobeta,160,8016,..,1,9
2010,8,Nou Barris,44,Vilapicina i la Torre Llobeta,160,8016,..,1,11
2010,8,Nou Barris,44,Vilapicina i la Torre Llobeta,160,8016,..,1,12
2010,8,Nou Barris,44,Vilapicina i la Torre Llobeta,160,8016,..,1,16
2010,8,Nou Barris,44,Vilapicina i la Torre Llobeta,160,8016,..,2,1
2010,8,Nou Barris,44,Vilapicina i la Torre Llobeta,160,8016,..,2,2
2010,8,Nou Barris,44,Vilapicina i la Torre Llobeta,160,8016,..,2,3
2010,8,Nou Barris,44,Vilapicina i la Torre Llobeta,160,8016,..,2,4
2010,8,Nou Barris,44,Vilapicina i la Torre Llobeta,160,8016,6,2,5
2010,8,Nou Barris,44,Vilapicina i la Torre Llobeta,160,8016,..,2,6
2010,8,Nou Barris,44,Vilapicina i la Torre Llobeta,160,8016,..,2,7
2010,8,Nou Barris,44,Vilapicina i la Torre Llobeta,160,8016,..,2,12
2010,8,Nou Barris,44,Vilapicina i la Torre Llobeta,160,8017,..,1,2
2010,8,Nou Barris,44,Vilapicina i la Torre Llobeta,160,8017,5,1,4
2010,8,Nou Barris,44,Vilapicina i la Torre Llobeta,160,8017,..,1,5
2010,8,Nou Barris,44,Vilapicina i la Torre Llobeta,160,8017,..,1,6
2010,8,Nou Barris,44,Vilapicina i la Torre Llobeta,160,8017,..,1,8
2010,8,Nou Barris,44,Vilapicina i la Torre Llobeta,160,8017,..,1,9
2010,8,Nou Barris,44,Vilapicina i la Torre Llobeta,160,8017,..,1,11
2010,8,Nou Barris,44,Vilapicina i la Torre Llobeta,160,8017,..,1,14
2010,8,Nou Barris,44,Vilapicina i la Torre Llobeta,160,8017,..,1,16
2010,8,Nou Barris,44,Vilapicina i la Torre Llobeta,160,8017,..,1,19
2010,8,Nou Barris,44,Vilapicina i la Torre Llobeta,160,8017,..,2,0
2010,8,Nou Barris,44,Vilapicina i la Torre Llobeta,160,8017,..,2,3
2010,8,Nou Barris,44,Vilapicina i la Torre Llobeta,160,8017,..,2,4
2010,8,Nou Barris,44,Vilapicina i la Torre Llobeta,160,8017,..,2,5
2010,8,Nou Barris,44,Vilapicina i la Torre Llobeta,160,8017,6,2,6
2010,8,Nou Barris,44,Vilapicina i la Torre Llobeta,160,8017,..,2,7
2010,8,Nou Barris,44,Vilapicina i la Torre Llobeta,160,8017,..,2,8
2010,8,Nou Barris,44,Vilapicina i la Torre Llobeta,160,8017,..,2,9
2010,8,Nou Barris,44,Vilapicina i la Torre Llobeta,160,8017,..,2,10
2010,8,Nou Barris,44,Vilapicina i la Torre Llobeta,160,8017,..,2,12
2010,8,Nou Barris,44,Vilapicina i la Torre Llobeta,160,8017,..,2,19
2010,8,Nou Barris,44,Vilapicina i la Torre Llobeta,160,8018,..,1,3
2010,8,Nou Barris,44,Vilapicina i la Torre Llobeta,160,8018,..,1,4
2010,8,Nou Barris,44,Vilapicina i la Torre Llobeta,160,8018,5,1,5
2010,8,Nou Barris,44,Vilapicina i la Torre Llobeta,160,8018,8,1,6
2010,8,Nou Barris,44,Vilapicina i la Torre Llobeta,160,8018,..,1,7
2010,8,Nou Barris,44,Vilapicina i la Torre Llobeta,160,8018,6,1,8
2010,8,Nou Barris,44,Vilapicina i la Torre Llobeta,160,8018,..,1,9
2010,8,Nou Barris,44,Vilapicina i la Torre Llobeta,160,8018,..,1,10
2010,8,Nou Barris,44,Vilapicina i la Torre Llobeta,160,8018,..,1,11
2010,8,Nou Barris,44,Vilapicina i la Torre Llobeta,160,8018,..,1,12
2010,8,Nou Barris,44,Vilapicina i la Torre Llobeta,160,8018,..,1,13
2010,8,Nou Barris,44,Vilapicina i la Torre Llobeta,160,8018,..,1,15
2010,8,Nou Barris,44,Vilapicina i la Torre Llobeta,160,8018,..,1,18
2010,8,Nou Barris,44,Vilapicina i la Torre Llobeta,160,8018,..,2,0
2010,8,Nou Barris,44,Vilapicina i la Torre Llobeta,160,8018,..,2,1
2010,8,Nou Barris,44,Vilapicina i la Torre Llobeta,160,8018,..,2,2
2010,8,Nou Barris,44,Vilapicina i la Torre Llobeta,160,8018,..,2,4
2010,8,Nou Barris,44,Vilapicina i la Torre Llobeta,160,8018,6,2,5
2010,8,Nou Barris,44,Vilapicina i la Torre Llobeta,160,8018,..,2,6
2010,8,Nou Barris,44,Vilapicina i la Torre Llobeta,160,8018,..,2,7
2010,8,Nou Barris,44,Vilapicina i la Torre Llobeta,160,8018,..,2,8
2010,8,Nou Barris,44,Vilapicina i la Torre Llobeta,160,8018,..,2,9
2010,8,Nou Barris,44,Vilapicina i la Torre Llobeta,160,8018,..,2,10
2010,8,Nou Barris,44,Vilapicina i la Torre Llobeta,160,8018,..,2,11
2010,8,Nou Barris,44,Vilapicina i la Torre Llobeta,160,8018,..,2,14
2010,8,Nou Barris,44,Vilapicina i la Torre Llobeta,160,8018,..,2,16
2010,8,Nou Barris,44,Vilapicina i la Torre Llobeta,160,8019,..,1,0
2010,8,Nou Barris,44,Vilapicina i la Torre Llobeta,160,8019,..,1,1
2010,8,Nou Barris,44,Vilapicina i la Torre Llobeta,160,8019,..,1,2
2010,8,Nou Barris,44,Vilapicina i la Torre Llobeta,160,8019,..,1,3
2010,8,Nou Barris,44,Vilapicina i la Torre Llobeta,160,8019,..,1,4
2010,8,Nou Barris,44,Vilapicina i la Torre Llobeta,160,8019,7,1,5
2010,8,Nou Barris,44,Vilapicina i la Torre Llobeta,160,8019,5,1,6
2010,8,Nou Barris,44,Vilapicina i la Torre Llobeta,160,8019,..,1,7
2010,8,Nou Barris,44,Vilapicina i la Torre Llobeta,160,8019,6,1,8
2010,8,Nou Barris,44,Vilapicina i la Torre Llobeta,160,8019,..,1,9
2010,8,Nou Barris,44,Vilapicina i la Torre Llobeta,160,8019,..,1,10
2010,8,Nou Barris,44,Vilapicina i la Torre Llobeta,160,8019,..,1,14
2010,8,Nou Barris,44,Vilapicina i la Torre Llobeta,160,8019,..,2,0
2010,8,Nou Barris,44,Vilapicina i la Torre Llobeta,160,8019,..,2,1
2010,8,Nou Barris,44,Vilapicina i la Torre Llobeta,160,8019,..,2,2
2010,8,Nou Barris,44,Vilapicina i la Torre Llobeta,160,8019,..,2,3
2010,8,Nou Barris,44,Vilapicina i la Torre Llobeta,160,8019,7,2,4
2010,8,Nou Barris,44,Vilapicina i la Torre Llobeta,160,8019,6,2,5
2010,8,Nou Barris,44,Vilapicina i la Torre Llobeta,160,8019,..,2,6
2010,8,Nou Barris,44,Vilapicina i la Torre Llobeta,160,8019,..,2,7
2010,8,Nou Barris,44,Vilapicina i la Torre Llobeta,160,8019,5,2,8
2010,8,Nou Barris,44,Vilapicina i la Torre Llobeta,160,8019,..,2,9
2010,8,Nou Barris,44,Vilapicina i la Torre Llobeta,160,8019,..,2,10
2010,8,Nou Barris,45,Porta,161,8020,..,1,0
2010,8,Nou Barris,45,Porta,161,8020,..,1,1
2010,8,Nou Barris,45,Porta,161,8020,..,1,4
2010,8,Nou Barris,45,Porta,161,8020,8,1,5
2010,8,Nou Barris,45,Porta,161,8020,..,1,6
2010,8,Nou Barris,45,Porta,161,8020,5,1,7
2010,8,Nou Barris,45,Porta,161,8020,..,1,8
2010,8,Nou Barris,45,Porta,161,8020,..,1,9
2010,8,Nou Barris,45,Porta,161,8020,..,1,10
2010,8,Nou Barris,45,Porta,161,8020,..,1,11
2010,8,Nou Barris,45,Porta,161,8020,..,2,0
2010,8,Nou Barris,45,Porta,161,8020,..,2,2
2010,8,Nou Barris,45,Porta,161,8020,..,2,3
2010,8,Nou Barris,45,Porta,161,8020,7,2,4
2010,8,Nou Barris,45,Porta,161,8020,5,2,5
2010,8,Nou Barris,45,Porta,161,8020,5,2,6
2010,8,Nou Barris,45,Porta,161,8020,..,2,7
2010,8,Nou Barris,45,Porta,161,8020,..,2,8
2010,8,Nou Barris,45,Porta,161,8020,..,2,9
2010,8,Nou Barris,45,Porta,161,8020,..,2,10
2010,8,Nou Barris,45,Porta,161,8020,..,2,11
2010,8,Nou Barris,45,Porta,161,8020,..,2,13
2010,8,Nou Barris,45,Porta,161,8021,..,1,0
2010,8,Nou Barris,45,Porta,161,8021,..,1,1
2010,8,Nou Barris,45,Porta,161,8021,6,1,4
2010,8,Nou Barris,45,Porta,161,8021,10,1,5
2010,8,Nou Barris,45,Porta,161,8021,5,1,6
2010,8,Nou Barris,45,Porta,161,8021,..,1,7
2010,8,Nou Barris,45,Porta,161,8021,..,1,8
2010,8,Nou Barris,45,Porta,161,8021,..,1,9
2010,8,Nou Barris,45,Porta,161,8021,..,1,11
2010,8,Nou Barris,45,Porta,161,8021,..,1,12
2010,8,Nou Barris,45,Porta,161,8021,..,1,13
2010,8,Nou Barris,45,Porta,161,8021,..,1,14
2010,8,Nou Barris,45,Porta,161,8021,..,1,16
2010,8,Nou Barris,45,Porta,161,8021,..,1,17
2010,8,Nou Barris,45,Porta,161,8021,..,2,0
2010,8,Nou Barris,45,Porta,161,8021,..,2,2
2010,8,Nou Barris,45,Porta,161,8021,7,2,4
2010,8,Nou Barris,45,Porta,161,8021,6,2,5
2010,8,Nou Barris,45,Porta,161,8021,5,2,6
2010,8,Nou Barris,45,Porta,161,8021,5,2,7
2010,8,Nou Barris,45,Porta,161,8021,..,2,8
2010,8,Nou Barris,45,Porta,161,8021,..,2,10
2010,8,Nou Barris,45,Porta,161,8021,..,2,11
2010,8,Nou Barris,45,Porta,161,8021,..,2,15
2010,8,Nou Barris,45,Porta,161,8022,..,1,1
2010,8,Nou Barris,45,Porta,161,8022,..,1,3
2010,8,Nou Barris,45,Porta,161,8022,..,1,5
2010,8,Nou Barris,45,Porta,161,8022,..,1,6
2010,8,Nou Barris,45,Porta,161,8022,..,1,8
2010,8,Nou Barris,45,Porta,161,8022,..,1,9
2010,8,Nou Barris,45,Porta,161,8022,..,1,11
2010,8,Nou Barris,45,Porta,161,8022,..,2,0
2010,8,Nou Barris,45,Porta,161,8022,..,2,4
2010,8,Nou Barris,45,Porta,161,8022,..,2,5
2010,8,Nou Barris,45,Porta,161,8022,..,2,6
2010,8,Nou Barris,45,Porta,161,8022,..,2,7
2010,8,Nou Barris,45,Porta,161,8022,..,2,8
2010,8,Nou Barris,45,Porta,161,8022,..,2,10
2010,8,Nou Barris,45,Porta,161,8022,..,2,14
2010,8,Nou Barris,45,Porta,161,8022,..,2,18
2010,8,Nou Barris,45,Porta,161,8023,..,1,0
2010,8,Nou Barris,45,Porta,161,8023,..,1,1
2010,8,Nou Barris,45,Porta,161,8023,..,1,4
2010,8,Nou Barris,45,Porta,161,8023,7,1,5
2010,8,Nou Barris,45,Porta,161,8023,8,1,6
2010,8,Nou Barris,45,Porta,161,8023,..,1,7
2010,8,Nou Barris,45,Porta,161,8023,5,1,8
2010,8,Nou Barris,45,Porta,161,8023,..,1,9
2010,8,Nou Barris,45,Porta,161,8023,..,1,10
2010,8,Nou Barris,45,Porta,161,8023,..,1,11
2010,8,Nou Barris,45,Porta,161,8023,..,1,13
2010,8,Nou Barris,45,Porta,161,8023,..,1,14
2010,8,Nou Barris,45,Porta,161,8023,..,1,16
2010,8,Nou Barris,45,Porta,161,8023,..,2,0
2010,8,Nou Barris,45,Porta,161,8023,..,2,2
2010,8,Nou Barris,45,Porta,161,8023,..,2,3
2010,8,Nou Barris,45,Porta,161,8023,..,2,4
2010,8,Nou Barris,45,Porta,161,8023,9,2,5
2010,8,Nou Barris,45,Porta,161,8023,..,2,6
2010,8,Nou Barris,45,Porta,161,8023,..,2,8
2010,8,Nou Barris,45,Porta,161,8023,..,2,9
2010,8,Nou Barris,45,Porta,161,8023,..,2,10
2010,8,Nou Barris,45,Porta,161,8023,..,2,11
2010,8,Nou Barris,45,Porta,161,8023,..,2,12
2010,8,Nou Barris,45,Porta,161,8023,..,2,13
2010,8,Nou Barris,45,Porta,161,8024,..,1,0
2010,8,Nou Barris,45,Porta,161,8024,..,1,2
2010,8,Nou Barris,45,Porta,161,8024,..,1,3
2010,8,Nou Barris,45,Porta,161,8024,..,1,4
2010,8,Nou Barris,45,Porta,161,8024,..,1,5
2010,8,Nou Barris,45,Porta,161,8024,..,1,6
2010,8,Nou Barris,45,Porta,161,8024,..,1,7
2010,8,Nou Barris,45,Porta,161,8024,..,1,9
2010,8,Nou Barris,45,Porta,161,8024,..,1,10
2010,8,Nou Barris,45,Porta,161,8024,..,1,11
2010,8,Nou Barris,45,Porta,161,8024,..,1,14
2010,8,Nou Barris,45,Porta,161,8024,..,2,0
2010,8,Nou Barris,45,Porta,161,8024,..,2,1
2010,8,Nou Barris,45,Porta,161,8024,..,2,2
2010,8,Nou Barris,45,Porta,161,8024,..,2,3
2010,8,Nou Barris,45,Porta,161,8024,..,2,4
2010,8,Nou Barris,45,Porta,161,8024,..,2,5
2010,8,Nou Barris,45,Porta,161,8024,..,2,6
2010,8,Nou Barris,45,Porta,161,8024,..,2,7
2010,8,Nou Barris,45,Porta,161,8024,..,2,8
2010,8,Nou Barris,45,Porta,161,8024,..,2,13
2010,8,Nou Barris,45,Porta,161,8025,6,1,0
2010,8,Nou Barris,45,Porta,161,8025,..,1,2
2010,8,Nou Barris,45,Porta,161,8025,..,1,3
2010,8,Nou Barris,45,Porta,161,8025,..,1,4
2010,8,Nou Barris,45,Porta,161,8025,8,1,5
2010,8,Nou Barris,45,Porta,161,8025,5,1,6
2010,8,Nou Barris,45,Porta,161,8025,..,1,7
2010,8,Nou Barris,45,Porta,161,8025,..,1,8
2010,8,Nou Barris,45,Porta,161,8025,..,1,9
2010,8,Nou Barris,45,Porta,161,8025,..,1,10
2010,8,Nou Barris,45,Porta,161,8025,..,1,12
2010,8,Nou Barris,45,Porta,161,8025,..,1,15
2010,8,Nou Barris,45,Porta,161,8025,..,1,16
2010,8,Nou Barris,45,Porta,161,8025,..,2,0
2010,8,Nou Barris,45,Porta,161,8025,..,2,1
2010,8,Nou Barris,45,Porta,161,8025,..,2,3
2010,8,Nou Barris,45,Porta,161,8025,..,2,4
2010,8,Nou Barris,45,Porta,161,8025,..,2,5
2010,8,Nou Barris,45,Porta,161,8025,6,2,6
2010,8,Nou Barris,45,Porta,161,8025,..,2,7
2010,8,Nou Barris,45,Porta,161,8025,..,2,8
2010,8,Nou Barris,45,Porta,161,8025,..,2,9
2010,8,Nou Barris,45,Porta,161,8026,..,1,0
2010,8,Nou Barris,45,Porta,161,8026,5,1,5
2010,8,Nou Barris,45,Porta,161,8026,..,1,6
2010,8,Nou Barris,45,Porta,161,8026,..,1,8
2010,8,Nou Barris,45,Porta,161,8026,..,2,0
2010,8,Nou Barris,45,Porta,161,8026,..,2,2
2010,8,Nou Barris,45,Porta,161,8026,..,2,3
2010,8,Nou Barris,45,Porta,161,8026,..,2,4
2010,8,Nou Barris,45,Porta,161,8026,5,2,5
2010,8,Nou Barris,45,Porta,161,8026,..,2,6
2010,8,Nou Barris,45,Porta,161,8026,..,2,7
2010,8,Nou Barris,45,Porta,161,8026,..,2,9
2010,8,Nou Barris,45,Porta,161,8026,..,2,12
2010,8,Nou Barris,45,Porta,162,8027,..,1,0
2010,8,Nou Barris,45,Porta,162,8027,..,1,2
2010,8,Nou Barris,45,Porta,162,8027,..,1,4
2010,8,Nou Barris,45,Porta,162,8027,5,1,5
2010,8,Nou Barris,45,Porta,162,8027,5,1,6
2010,8,Nou Barris,45,Porta,162,8027,..,1,7
2010,8,Nou Barris,45,Porta,162,8027,..,1,8
2010,8,Nou Barris,45,Porta,162,8027,..,1,9
2010,8,Nou Barris,45,Porta,162,8027,..,1,10
2010,8,Nou Barris,45,Porta,162,8027,..,1,14
2010,8,Nou Barris,45,Porta,162,8027,..,2,0
2010,8,Nou Barris,45,Porta,162,8027,..,2,1
2010,8,Nou Barris,45,Porta,162,8027,..,2,2
2010,8,Nou Barris,45,Porta,162,8027,..,2,3
2010,8,Nou Barris,45,Porta,162,8027,..,2,4
2010,8,Nou Barris,45,Porta,162,8027,7,2,5
2010,8,Nou Barris,45,Porta,162,8027,6,2,6
2010,8,Nou Barris,45,Porta,162,8027,..,2,7
2010,8,Nou Barris,45,Porta,162,8027,..,2,9
2010,8,Nou Barris,45,Porta,162,8027,..,2,10
2010,8,Nou Barris,45,Porta,162,8028,..,1,3
2010,8,Nou Barris,45,Porta,162,8028,..,1,4
2010,8,Nou Barris,45,Porta,162,8028,..,1,5
2010,8,Nou Barris,45,Porta,162,8028,5,1,6
2010,8,Nou Barris,45,Porta,162,8028,..,1,10
2010,8,Nou Barris,45,Porta,162,8028,..,1,11
2010,8,Nou Barris,45,Porta,162,8028,..,1,12
2010,8,Nou Barris,45,Porta,162,8028,..,1,13
2010,8,Nou Barris,45,Porta,162,8028,..,1,14
2010,8,Nou Barris,45,Porta,162,8028,..,1,19
2010,8,Nou Barris,45,Porta,162,8028,..,2,0
2010,8,Nou Barris,45,Porta,162,8028,..,2,2
2010,8,Nou Barris,45,Porta,162,8028,..,2,3
2010,8,Nou Barris,45,Porta,162,8028,..,2,5
2010,8,Nou Barris,45,Porta,162,8028,..,2,6
2010,8,Nou Barris,45,Porta,162,8028,..,2,7
2010,8,Nou Barris,45,Porta,162,8028,..,2,8
2010,8,Nou Barris,45,Porta,162,8028,..,2,11
2010,8,Nou Barris,45,Porta,162,8028,..,2,14
2010,8,Nou Barris,45,Porta,162,8028,..,2,15
2010,8,Nou Barris,45,Porta,162,8029,..,1,0
2010,8,Nou Barris,45,Porta,162,8029,5,1,3
2010,8,Nou Barris,45,Porta,162,8029,..,1,4
2010,8,Nou Barris,45,Porta,162,8029,..,1,5
2010,8,Nou Barris,45,Porta,162,8029,..,1,6
2010,8,Nou Barris,45,Porta,162,8029,..,1,7
2010,8,Nou Barris,45,Porta,162,8029,5,1,8
2010,8,Nou Barris,45,Porta,162,8029,..,1,9
2010,8,Nou Barris,45,Porta,162,8029,..,2,0
2010,8,Nou Barris,45,Porta,162,8029,..,2,1
2010,8,Nou Barris,45,Porta,162,8029,..,2,2
2010,8,Nou Barris,45,Porta,162,8029,..,2,3
2010,8,Nou Barris,45,Porta,162,8029,..,2,4
2010,8,Nou Barris,45,Porta,162,8029,..,2,5
2010,8,Nou Barris,45,Porta,162,8029,..,2,6
2010,8,Nou Barris,45,Porta,162,8029,..,2,7
2010,8,Nou Barris,45,Porta,162,8029,..,2,8
2010,8,Nou Barris,45,Porta,162,8029,..,2,9
2010,8,Nou Barris,45,Porta,162,8029,..,2,13
2010,8,Nou Barris,45,Porta,162,8030,..,1,1
2010,8,Nou Barris,45,Porta,162,8030,..,1,2
2010,8,Nou Barris,45,Porta,162,8030,..,1,4
2010,8,Nou Barris,45,Porta,162,8030,8,1,5
2010,8,Nou Barris,45,Porta,162,8030,9,1,6
2010,8,Nou Barris,45,Porta,162,8030,..,1,7
2010,8,Nou Barris,45,Porta,162,8030,..,1,9
2010,8,Nou Barris,45,Porta,162,8030,..,1,10
2010,8,Nou Barris,45,Porta,162,8030,..,1,12
2010,8,Nou Barris,45,Porta,162,8030,..,2,1
2010,8,Nou Barris,45,Porta,162,8030,..,2,2
2010,8,Nou Barris,45,Porta,162,8030,..,2,4
2010,8,Nou Barris,45,Porta,162,8030,6,2,5
2010,8,Nou Barris,45,Porta,162,8030,..,2,6
2010,8,Nou Barris,45,Porta,162,8030,6,2,7
2010,8,Nou Barris,45,Porta,162,8030,..,2,8
2010,8,Nou Barris,45,Porta,162,8030,..,2,9
2010,8,Nou Barris,45,Porta,162,8030,..,2,11
2010,8,Nou Barris,45,Porta,162,8030,..,2,13
2010,8,Nou Barris,45,Porta,163,8031,..,1,0
2010,8,Nou Barris,45,Porta,163,8031,..,1,1
2010,8,Nou Barris,45,Porta,163,8031,..,1,2
2010,8,Nou Barris,45,Porta,163,8031,..,1,4
2010,8,Nou Barris,45,Porta,163,8031,..,1,5
2010,8,Nou Barris,45,Porta,163,8031,..,1,6
2010,8,Nou Barris,45,Porta,163,8031,..,1,7
2010,8,Nou Barris,45,Porta,163,8031,..,1,8
2010,8,Nou Barris,45,Porta,163,8031,..,1,9
2010,8,Nou Barris,45,Porta,163,8031,..,1,10
2010,8,Nou Barris,45,Porta,163,8031,..,2,0
2010,8,Nou Barris,45,Porta,163,8031,..,2,3
2010,8,Nou Barris,45,Porta,163,8031,..,2,5
2010,8,Nou Barris,45,Porta,163,8031,..,2,6
2010,8,Nou Barris,45,Porta,163,8031,..,2,7
2010,8,Nou Barris,45,Porta,163,8031,..,2,8
2010,8,Nou Barris,45,Porta,163,8031,..,2,10
2010,8,Nou Barris,45,Porta,163,8031,..,2,11
2010,8,Nou Barris,45,Porta,163,8031,..,2,14
2010,8,Nou Barris,45,Porta,163,8032,..,1,2
2010,8,Nou Barris,45,Porta,163,8032,..,1,3
2010,8,Nou Barris,45,Porta,163,8032,..,1,4
2010,8,Nou Barris,45,Porta,163,8032,..,1,7
2010,8,Nou Barris,45,Porta,163,8032,..,1,11
2010,8,Nou Barris,45,Porta,163,8032,..,1,13
2010,8,Nou Barris,45,Porta,163,8032,..,2,1
2010,8,Nou Barris,45,Porta,163,8032,..,2,3
2010,8,Nou Barris,45,Porta,163,8032,..,2,4
2010,8,Nou Barris,45,Porta,163,8032,..,2,5
2010,8,Nou Barris,45,Porta,163,8032,..,2,6
2010,8,Nou Barris,45,Porta,163,8032,..,2,10
2010,8,Nou Barris,45,Porta,163,8033,..,1,0
2010,8,Nou Barris,45,Porta,163,8033,..,1,1
2010,8,Nou Barris,45,Porta,163,8033,..,1,2
2010,8,Nou Barris,45,Porta,163,8033,..,1,3
2010,8,Nou Barris,45,Porta,163,8033,5,1,4
2010,8,Nou Barris,45,Porta,163,8033,6,1,5
2010,8,Nou Barris,45,Porta,163,8033,..,1,6
2010,8,Nou Barris,45,Porta,163,8033,5,1,7
2010,8,Nou Barris,45,Porta,163,8033,..,1,8
2010,8,Nou Barris,45,Porta,163,8033,..,1,9
2010,8,Nou Barris,45,Porta,163,8033,..,1,10
2010,8,Nou Barris,45,Porta,163,8033,..,1,11
2010,8,Nou Barris,45,Porta,163,8033,..,1,13
2010,8,Nou Barris,45,Porta,163,8033,..,1,14
2010,8,Nou Barris,45,Porta,163,8033,..,2,0
2010,8,Nou Barris,45,Porta,163,8033,..,2,2
2010,8,Nou Barris,45,Porta,163,8033,..,2,3
2010,8,Nou Barris,45,Porta,163,8033,6,2,4
2010,8,Nou Barris,45,Porta,163,8033,5,2,5
2010,8,Nou Barris,45,Porta,163,8033,..,2,6
2010,8,Nou Barris,45,Porta,163,8033,..,2,7
2010,8,Nou Barris,45,Porta,163,8033,..,2,8
2010,8,Nou Barris,45,Porta,163,8033,..,2,9
2010,8,Nou Barris,45,Porta,163,8033,..,2,10
2010,8,Nou Barris,45,Porta,163,8033,..,2,11
2010,8,Nou Barris,45,Porta,163,8033,..,2,16
2010,8,Nou Barris,45,Porta,163,8034,..,1,2
2010,8,Nou Barris,45,Porta,163,8034,..,1,3
2010,8,Nou Barris,45,Porta,163,8034,..,1,4
2010,8,Nou Barris,45,Porta,163,8034,..,1,5
2010,8,Nou Barris,45,Porta,163,8034,..,1,6
2010,8,Nou Barris,45,Porta,163,8034,..,1,7
2010,8,Nou Barris,45,Porta,163,8034,..,1,9
2010,8,Nou Barris,45,Porta,163,8034,..,1,13
2010,8,Nou Barris,45,Porta,163,8034,..,1,18
2010,8,Nou Barris,45,Porta,163,8034,..,2,2
2010,8,Nou Barris,45,Porta,163,8034,..,2,4
2010,8,Nou Barris,45,Porta,163,8034,..,2,5
2010,8,Nou Barris,45,Porta,163,8034,..,2,6
2010,8,Nou Barris,45,Porta,163,8034,..,2,7
2010,8,Nou Barris,45,Porta,163,8034,..,2,8
2010,8,Nou Barris,45,Porta,163,8034,..,2,9
2010,8,Nou Barris,45,Porta,163,8034,..,2,10
2010,8,Nou Barris,45,Porta,163,8035,9,1,0
2010,8,Nou Barris,45,Porta,163,8035,8,1,1
2010,8,Nou Barris,45,Porta,163,8035,..,1,2
2010,8,Nou Barris,45,Porta,163,8035,9,1,3
2010,8,Nou Barris,45,Porta,163,8035,27,1,4
2010,8,Nou Barris,45,Porta,163,8035,30,1,5
2010,8,Nou Barris,45,Porta,163,8035,23,1,6
2010,8,Nou Barris,45,Porta,163,8035,16,1,7
2010,8,Nou Barris,45,Porta,163,8035,9,1,8
2010,8,Nou Barris,45,Porta,163,8035,8,1,9
2010,8,Nou Barris,45,Porta,163,8035,..,1,10
2010,8,Nou Barris,45,Porta,163,8035,..,1,11
2010,8,Nou Barris,45,Porta,163,8035,..,1,12
2010,8,Nou Barris,45,Porta,163,8035,..,1,13
2010,8,Nou Barris,45,Porta,163,8035,..,2,0
2010,8,Nou Barris,45,Porta,163,8035,6,2,1
2010,8,Nou Barris,45,Porta,163,8035,..,2,2
2010,8,Nou Barris,45,Porta,163,8035,12,2,3
2010,8,Nou Barris,45,Porta,163,8035,100,2,4
2010,8,Nou Barris,45,Porta,163,8035,110,2,5
2010,8,Nou Barris,45,Porta,163,8035,68,2,6
2010,8,Nou Barris,45,Porta,163,8035,60,2,7
2010,8,Nou Barris,45,Porta,163,8035,35,2,8
2010,8,Nou Barris,45,Porta,163,8035,11,2,9
2010,8,Nou Barris,45,Porta,163,8035,10,2,10
2010,8,Nou Barris,45,Porta,163,8035,6,2,11
2010,8,Nou Barris,45,Porta,163,8035,..,2,13
2010,8,Nou Barris,45,Porta,163,8036,..,1,0
2010,8,Nou Barris,45,Porta,163,8036,..,1,1
2010,8,Nou Barris,45,Porta,163,8036,..,1,3
2010,8,Nou Barris,45,Porta,163,8036,..,1,4
2010,8,Nou Barris,45,Porta,163,8036,9,1,5
2010,8,Nou Barris,45,Porta,163,8036,9,1,6
2010,8,Nou Barris,45,Porta,163,8036,6,1,7
2010,8,Nou Barris,45,Porta,163,8036,..,1,8
2010,8,Nou Barris,45,Porta,163,8036,..,1,9
2010,8,Nou Barris,45,Porta,163,8036,..,1,10
2010,8,Nou Barris,45,Porta,163,8036,..,1,13
2010,8,Nou Barris,45,Porta,163,8036,..,1,14
2010,8,Nou Barris,45,Porta,163,8036,..,1,17
2010,8,Nou Barris,45,Porta,163,8036,..,2,0
2010,8,Nou Barris,45,Porta,163,8036,..,2,1
2010,8,Nou Barris,45,Porta,163,8036,..,2,2
2010,8,Nou Barris,45,Porta,163,8036,6,2,3
2010,8,Nou Barris,45,Porta,163,8036,..,2,4
2010,8,Nou Barris,45,Porta,163,8036,7,2,5
2010,8,Nou Barris,45,Porta,163,8036,7,2,6
2010,8,Nou Barris,45,Porta,163,8036,..,2,7
2010,8,Nou Barris,45,Porta,163,8036,..,2,8
2010,8,Nou Barris,45,Porta,163,8036,..,2,9
2010,8,Nou Barris,45,Porta,163,8036,..,2,10
2010,8,Nou Barris,45,Porta,163,8036,..,2,12
2010,8,Nou Barris,45,Porta,163,8036,..,2,14
2010,8,Nou Barris,45,Porta,163,8037,..,1,1
2010,8,Nou Barris,45,Porta,163,8037,..,1,2
2010,8,Nou Barris,45,Porta,163,8037,..,1,4
2010,8,Nou Barris,45,Porta,163,8037,5,1,5
2010,8,Nou Barris,45,Porta,163,8037,..,1,6
2010,8,Nou Barris,45,Porta,163,8037,..,1,7
2010,8,Nou Barris,45,Porta,163,8037,6,1,8
2010,8,Nou Barris,45,Porta,163,8037,..,1,9
2010,8,Nou Barris,45,Porta,163,8037,..,1,10
2010,8,Nou Barris,45,Porta,163,8037,..,1,14
2010,8,Nou Barris,45,Porta,163,8037,..,1,15
2010,8,Nou Barris,45,Porta,163,8037,..,2,0
2010,8,Nou Barris,45,Porta,163,8037,..,2,2
2010,8,Nou Barris,45,Porta,163,8037,..,2,3
2010,8,Nou Barris,45,Porta,163,8037,..,2,4
2010,8,Nou Barris,45,Porta,163,8037,..,2,5
2010,8,Nou Barris,45,Porta,163,8037,5,2,6
2010,8,Nou Barris,45,Porta,163,8037,..,2,7
2010,8,Nou Barris,45,Porta,163,8037,..,2,8
2010,8,Nou Barris,45,Porta,163,8037,..,2,9
2010,8,Nou Barris,45,Porta,163,8037,..,2,15
2010,8,Nou Barris,45,Porta,163,8037,..,2,16
2010,8,Nou Barris,46,el Turó de la Peira,164,8038,..,1,0
2010,8,Nou Barris,46,el Turó de la Peira,164,8038,..,1,2
2010,8,Nou Barris,46,el Turó de la Peira,164,8038,..,1,3
2010,8,Nou Barris,46,el Turó de la Peira,164,8038,5,1,4
2010,8,Nou Barris,46,el Turó de la Peira,164,8038,7,1,5
2010,8,Nou Barris,46,el Turó de la Peira,164,8038,5,1,6
2010,8,Nou Barris,46,el Turó de la Peira,164,8038,5,1,7
2010,8,Nou Barris,46,el Turó de la Peira,164,8038,..,1,10
2010,8,Nou Barris,46,el Turó de la Peira,164,8038,..,1,11
2010,8,Nou Barris,46,el Turó de la Peira,164,8038,..,2,0
2010,8,Nou Barris,46,el Turó de la Peira,164,8038,..,2,2
2010,8,Nou Barris,46,el Turó de la Peira,164,8038,..,2,3
2010,8,Nou Barris,46,el Turó de la Peira,164,8038,..,2,4
2010,8,Nou Barris,46,el Turó de la Peira,164,8038,..,2,5
2010,8,Nou Barris,46,el Turó de la Peira,164,8038,6,2,6
2010,8,Nou Barris,46,el Turó de la Peira,164,8038,..,2,7
2010,8,Nou Barris,46,el Turó de la Peira,164,8038,..,2,8
2010,8,Nou Barris,46,el Turó de la Peira,164,8038,..,2,9
2010,8,Nou Barris,46,el Turó de la Peira,164,8038,..,2,10
2010,8,Nou Barris,46,el Turó de la Peira,164,8038,..,2,16
2010,8,Nou Barris,46,el Turó de la Peira,164,8039,..,1,1
2010,8,Nou Barris,46,el Turó de la Peira,164,8039,..,1,2
2010,8,Nou Barris,46,el Turó de la Peira,164,8039,..,1,3
2010,8,Nou Barris,46,el Turó de la Peira,164,8039,..,1,4
2010,8,Nou Barris,46,el Turó de la Peira,164,8039,..,1,5
2010,8,Nou Barris,46,el Turó de la Peira,164,8039,..,1,6
2010,8,Nou Barris,46,el Turó de la Peira,164,8039,..,1,7
2010,8,Nou Barris,46,el Turó de la Peira,164,8039,..,1,8
2010,8,Nou Barris,46,el Turó de la Peira,164,8039,..,1,9
2010,8,Nou Barris,46,el Turó de la Peira,164,8039,..,1,10
2010,8,Nou Barris,46,el Turó de la Peira,164,8039,..,1,11
2010,8,Nou Barris,46,el Turó de la Peira,164,8039,..,1,13
2010,8,Nou Barris,46,el Turó de la Peira,164,8039,..,1,18
2010,8,Nou Barris,46,el Turó de la Peira,164,8039,..,2,0
2010,8,Nou Barris,46,el Turó de la Peira,164,8039,..,2,1
2010,8,Nou Barris,46,el Turó de la Peira,164,8039,..,2,2
2010,8,Nou Barris,46,el Turó de la Peira,164,8039,..,2,3
2010,8,Nou Barris,46,el Turó de la Peira,164,8039,5,2,4
2010,8,Nou Barris,46,el Turó de la Peira,164,8039,7,2,5
2010,8,Nou Barris,46,el Turó de la Peira,164,8039,5,2,6
2010,8,Nou Barris,46,el Turó de la Peira,164,8039,7,2,7
2010,8,Nou Barris,46,el Turó de la Peira,164,8039,..,2,8
2010,8,Nou Barris,46,el Turó de la Peira,164,8039,..,2,11
2010,8,Nou Barris,46,el Turó de la Peira,164,8039,..,2,12
2010,8,Nou Barris,46,el Turó de la Peira,164,8040,..,1,0
2010,8,Nou Barris,46,el Turó de la Peira,164,8040,5,1,1
2010,8,Nou Barris,46,el Turó de la Peira,164,8040,..,1,2
2010,8,Nou Barris,46,el Turó de la Peira,164,8040,..,1,3
2010,8,Nou Barris,46,el Turó de la Peira,164,8040,5,1,4
2010,8,Nou Barris,46,el Turó de la Peira,164,8040,7,1,5
2010,8,Nou Barris,46,el Turó de la Peira,164,8040,6,1,6
2010,8,Nou Barris,46,el Turó de la Peira,164,8040,5,1,7
2010,8,Nou Barris,46,el Turó de la Peira,164,8040,6,1,8
2010,8,Nou Barris,46,el Turó de la Peira,164,8040,..,1,9
2010,8,Nou Barris,46,el Turó de la Peira,164,8040,..,1,10
2010,8,Nou Barris,46,el Turó de la Peira,164,8040,..,1,11
2010,8,Nou Barris,46,el Turó de la Peira,164,8040,..,2,0
2010,8,Nou Barris,46,el Turó de la Peira,164,8040,..,2,1
2010,8,Nou Barris,46,el Turó de la Peira,164,8040,6,2,2
2010,8,Nou Barris,46,el Turó de la Peira,164,8040,..,2,3
2010,8,Nou Barris,46,el Turó de la Peira,164,8040,5,2,4
2010,8,Nou Barris,46,el Turó de la Peira,164,8040,7,2,5
2010,8,Nou Barris,46,el Turó de la Peira,164,8040,8,2,6
2010,8,Nou Barris,46,el Turó de la Peira,164,8040,7,2,7
2010,8,Nou Barris,46,el Turó de la Peira,164,8040,..,2,8
2010,8,Nou Barris,46,el Turó de la Peira,164,8040,..,2,9
2010,8,Nou Barris,46,el Turó de la Peira,164,8040,..,2,10
2010,8,Nou Barris,46,el Turó de la Peira,164,8040,..,2,11
2010,8,Nou Barris,46,el Turó de la Peira,164,8040,..,2,12
2010,8,Nou Barris,46,el Turó de la Peira,164,8040,..,2,13
2010,8,Nou Barris,46,el Turó de la Peira,164,8041,7,1,0
2010,8,Nou Barris,46,el Turó de la Peira,164,8041,..,1,1
2010,8,Nou Barris,46,el Turó de la Peira,164,8041,6,1,2
2010,8,Nou Barris,46,el Turó de la Peira,164,8041,5,1,3
2010,8,Nou Barris,46,el Turó de la Peira,164,8041,14,1,4
2010,8,Nou Barris,46,el Turó de la Peira,164,8041,14,1,5
2010,8,Nou Barris,46,el Turó de la Peira,164,8041,16,1,6
2010,8,Nou Barris,46,el Turó de la Peira,164,8041,14,1,7
2010,8,Nou Barris,46,el Turó de la Peira,164,8041,6,1,8
2010,8,Nou Barris,46,el Turó de la Peira,164,8041,..,1,9
2010,8,Nou Barris,46,el Turó de la Peira,164,8041,..,1,10
2010,8,Nou Barris,46,el Turó de la Peira,164,8041,..,1,12
2010,8,Nou Barris,46,el Turó de la Peira,164,8041,..,1,13
2010,8,Nou Barris,46,el Turó de la Peira,164,8041,..,1,14
2010,8,Nou Barris,46,el Turó de la Peira,164,8041,..,1,15
2010,8,Nou Barris,46,el Turó de la Peira,164,8041,5,2,0
2010,8,Nou Barris,46,el Turó de la Peira,164,8041,6,2,1
2010,8,Nou Barris,46,el Turó de la Peira,164,8041,..,2,2
2010,8,Nou Barris,46,el Turó de la Peira,164,8041,6,2,3
2010,8,Nou Barris,46,el Turó de la Peira,164,8041,13,2,4
2010,8,Nou Barris,46,el Turó de la Peira,164,8041,15,2,5
2010,8,Nou Barris,46,el Turó de la Peira,164,8041,13,2,6
2010,8,Nou Barris,46,el Turó de la Peira,164,8041,7,2,7
2010,8,Nou Barris,46,el Turó de la Peira,164,8041,12,2,8
2010,8,Nou Barris,46,el Turó de la Peira,164,8041,9,2,9
2010,8,Nou Barris,46,el Turó de la Peira,164,8041,5,2,10
2010,8,Nou Barris,46,el Turó de la Peira,164,8041,..,2,11
2010,8,Nou Barris,46,el Turó de la Peira,164,8041,..,2,12
2010,8,Nou Barris,46,el Turó de la Peira,164,8041,..,2,15
2010,8,Nou Barris,46,el Turó de la Peira,164,8042,..,1,2
2010,8,Nou Barris,46,el Turó de la Peira,164,8042,..,1,3
2010,8,Nou Barris,46,el Turó de la Peira,164,8042,..,1,4
2010,8,Nou Barris,46,el Turó de la Peira,164,8042,..,1,5
2010,8,Nou Barris,46,el Turó de la Peira,164,8042,..,1,6
2010,8,Nou Barris,46,el Turó de la Peira,164,8042,..,1,7
2010,8,Nou Barris,46,el Turó de la Peira,164,8042,..,1,8
2010,8,Nou Barris,46,el Turó de la Peira,164,8042,..,1,9
2010,8,Nou Barris,46,el Turó de la Peira,164,8042,..,1,13
2010,8,Nou Barris,46,el Turó de la Peira,164,8042,..,1,16
2010,8,Nou Barris,46,el Turó de la Peira,164,8042,..,2,1
2010,8,Nou Barris,46,el Turó de la Peira,164,8042,..,2,2
2010,8,Nou Barris,46,el Turó de la Peira,164,8042,..,2,3
2010,8,Nou Barris,46,el Turó de la Peira,164,8042,..,2,5
2010,8,Nou Barris,46,el Turó de la Peira,164,8042,..,2,7
2010,8,Nou Barris,46,el Turó de la Peira,164,8042,..,2,8
2010,8,Nou Barris,46,el Turó de la Peira,164,8042,..,2,10
2010,8,Nou Barris,46,el Turó de la Peira,164,8042,..,2,14
2010,8,Nou Barris,46,el Turó de la Peira,164,8042,..,2,15
2010,8,Nou Barris,46,el Turó de la Peira,164,8043,..,1,0
2010,8,Nou Barris,46,el Turó de la Peira,164,8043,..,1,1
2010,8,Nou Barris,46,el Turó de la Peira,164,8043,..,1,4
2010,8,Nou Barris,46,el Turó de la Peira,164,8043,..,1,5
2010,8,Nou Barris,46,el Turó de la Peira,164,8043,..,1,6
2010,8,Nou Barris,46,el Turó de la Peira,164,8043,..,1,9
2010,8,Nou Barris,46,el Turó de la Peira,164,8043,..,1,10
2010,8,Nou Barris,46,el Turó de la Peira,164,8043,..,1,14
2010,8,Nou Barris,46,el Turó de la Peira,164,8043,..,1,15
2010,8,Nou Barris,46,el Turó de la Peira,164,8043,..,2,1
2010,8,Nou Barris,46,el Turó de la Peira,164,8043,..,2,3
2010,8,Nou Barris,46,el Turó de la Peira,164,8043,..,2,4
2010,8,Nou Barris,46,el Turó de la Peira,164,8043,..,2,5
2010,8,Nou Barris,46,el Turó de la Peira,164,8043,..,2,6
2010,8,Nou Barris,46,el Turó de la Peira,164,8043,..,2,7
2010,8,Nou Barris,46,el Turó de la Peira,164,8043,..,2,8
2010,8,Nou Barris,46,el Turó de la Peira,164,8043,..,2,9
2010,8,Nou Barris,46,el Turó de la Peira,164,8043,..,2,17
2010,8,Nou Barris,46,el Turó de la Peira,165,8044,..,1,0
2010,8,Nou Barris,46,el Turó de la Peira,165,8044,..,1,2
2010,8,Nou Barris,46,el Turó de la Peira,165,8044,..,1,3
2010,8,Nou Barris,46,el Turó de la Peira,165,8044,7,1,4
2010,8,Nou Barris,46,el Turó de la Peira,165,8044,7,1,5
2010,8,Nou Barris,46,el Turó de la Peira,165,8044,..,1,6
2010,8,Nou Barris,46,el Turó de la Peira,165,8044,..,1,7
2010,8,Nou Barris,46,el Turó de la Peira,165,8044,..,1,8
2010,8,Nou Barris,46,el Turó de la Peira,165,8044,..,1,9
2010,8,Nou Barris,46,el Turó de la Peira,165,8044,..,1,10
2010,8,Nou Barris,46,el Turó de la Peira,165,8044,..,1,11
2010,8,Nou Barris,46,el Turó de la Peira,165,8044,..,1,12
2010,8,Nou Barris,46,el Turó de la Peira,165,8044,..,2,0
2010,8,Nou Barris,46,el Turó de la Peira,165,8044,..,2,1
2010,8,Nou Barris,46,el Turó de la Peira,165,8044,..,2,2
2010,8,Nou Barris,46,el Turó de la Peira,165,8044,..,2,3
2010,8,Nou Barris,46,el Turó de la Peira,165,8044,5,2,4
2010,8,Nou Barris,46,el Turó de la Peira,165,8044,5,2,5
2010,8,Nou Barris,46,el Turó de la Peira,165,8044,9,2,6
2010,8,Nou Barris,46,el Turó de la Peira,165,8044,..,2,7
2010,8,Nou Barris,46,el Turó de la Peira,165,8044,..,2,8
2010,8,Nou Barris,46,el Turó de la Peira,165,8044,..,2,12
2010,8,Nou Barris,46,el Turó de la Peira,165,8044,..,2,15
2010,8,Nou Barris,46,el Turó de la Peira,165,8045,..,1,0
2010,8,Nou Barris,46,el Turó de la Peira,165,8045,..,1,2
2010,8,Nou Barris,46,el Turó de la Peira,165,8045,5,1,3
2010,8,Nou Barris,46,el Turó de la Peira,165,8045,12,1,4
2010,8,Nou Barris,46,el Turó de la Peira,165,8045,10,1,5
2010,8,Nou Barris,46,el Turó de la Peira,165,8045,6,1,6
2010,8,Nou Barris,46,el Turó de la Peira,165,8045,5,1,7
2010,8,Nou Barris,46,el Turó de la Peira,165,8045,..,1,8
2010,8,Nou Barris,46,el Turó de la Peira,165,8045,..,1,9
2010,8,Nou Barris,46,el Turó de la Peira,165,8045,..,1,10
2010,8,Nou Barris,46,el Turó de la Peira,165,8045,..,1,12
2010,8,Nou Barris,46,el Turó de la Peira,165,8045,..,1,13
2010,8,Nou Barris,46,el Turó de la Peira,165,8045,7,2,0
2010,8,Nou Barris,46,el Turó de la Peira,165,8045,..,2,1
2010,8,Nou Barris,46,el Turó de la Peira,165,8045,..,2,2
2010,8,Nou Barris,46,el Turó de la Peira,165,8045,..,2,3
2010,8,Nou Barris,46,el Turó de la Peira,165,8045,..,2,4
2010,8,Nou Barris,46,el Turó de la Peira,165,8045,7,2,5
2010,8,Nou Barris,46,el Turó de la Peira,165,8045,7,2,6
2010,8,Nou Barris,46,el Turó de la Peira,165,8045,6,2,7
2010,8,Nou Barris,46,el Turó de la Peira,165,8045,6,2,8
2010,8,Nou Barris,46,el Turó de la Peira,165,8045,..,2,9
2010,8,Nou Barris,46,el Turó de la Peira,165,8045,..,2,10
2010,8,Nou Barris,46,el Turó de la Peira,165,8045,..,2,11
2010,8,Nou Barris,46,el Turó de la Peira,165,8045,..,2,12
2010,8,Nou Barris,46,el Turó de la Peira,165,8046,..,1,2
2010,8,Nou Barris,46,el Turó de la Peira,165,8046,..,1,5
2010,8,Nou Barris,46,el Turó de la Peira,165,8046,8,1,6
2010,8,Nou Barris,46,el Turó de la Peira,165,8046,..,1,7
2010,8,Nou Barris,46,el Turó de la Peira,165,8046,..,1,8
2010,8,Nou Barris,46,el Turó de la Peira,165,8046,..,1,9
2010,8,Nou Barris,46,el Turó de la Peira,165,8046,..,1,10
2010,8,Nou Barris,46,el Turó de la Peira,165,8046,..,1,11
2010,8,Nou Barris,46,el Turó de la Peira,165,8046,..,1,12
2010,8,Nou Barris,46,el Turó de la Peira,165,8046,..,1,13
2010,8,Nou Barris,46,el Turó de la Peira,165,8046,..,1,15
2010,8,Nou Barris,46,el Turó de la Peira,165,8046,..,2,2
2010,8,Nou Barris,46,el Turó de la Peira,165,8046,..,2,3
2010,8,Nou Barris,46,el Turó de la Peira,165,8046,6,2,5
2010,8,Nou Barris,46,el Turó de la Peira,165,8046,6,2,6
2010,8,Nou Barris,46,el Turó de la Peira,165,8046,..,2,7
2010,8,Nou Barris,46,el Turó de la Peira,165,8046,..,2,8
2010,8,Nou Barris,46,el Turó de la Peira,165,8046,..,2,9
2010,8,Nou Barris,46,el Turó de la Peira,165,8046,..,2,10
2010,8,Nou Barris,46,el Turó de la Peira,165,8046,..,2,11
2010,8,Nou Barris,46,el Turó de la Peira,165,8046,..,2,14
2010,8,Nou Barris,46,el Turó de la Peira,165,8047,..,1,0
2010,8,Nou Barris,46,el Turó de la Peira,165,8047,..,1,3
2010,8,Nou Barris,46,el Turó de la Peira,165,8047,8,1,4
2010,8,Nou Barris,46,el Turó de la Peira,165,8047,7,1,5
2010,8,Nou Barris,46,el Turó de la Peira,165,8047,7,1,6
2010,8,Nou Barris,46,el Turó de la Peira,165,8047,..,1,7
2010,8,Nou Barris,46,el Turó de la Peira,165,8047,..,1,8
2010,8,Nou Barris,46,el Turó de la Peira,165,8047,..,1,9
2010,8,Nou Barris,46,el Turó de la Peira,165,8047,..,1,12
2010,8,Nou Barris,46,el Turó de la Peira,165,8047,..,1,13
2010,8,Nou Barris,46,el Turó de la Peira,165,8047,..,1,17
2010,8,Nou Barris,46,el Turó de la Peira,165,8047,..,2,0
2010,8,Nou Barris,46,el Turó de la Peira,165,8047,..,2,1
2010,8,Nou Barris,46,el Turó de la Peira,165,8047,..,2,2
2010,8,Nou Barris,46,el Turó de la Peira,165,8047,6,2,4
2010,8,Nou Barris,46,el Turó de la Peira,165,8047,9,2,5
2010,8,Nou Barris,46,el Turó de la Peira,165,8047,9,2,6
2010,8,Nou Barris,46,el Turó de la Peira,165,8047,5,2,7
2010,8,Nou Barris,46,el Turó de la Peira,165,8047,..,2,8
2010,8,Nou Barris,46,el Turó de la Peira,165,8047,..,2,9
2010,8,Nou Barris,46,el Turó de la Peira,165,8047,..,2,10
2010,8,Nou Barris,46,el Turó de la Peira,165,8047,..,2,13
2010,8,Nou Barris,46,el Turó de la Peira,165,8047,..,2,15
2010,8,Nou Barris,47,Can Peguera,166,8048,..,1,0
2010,8,Nou Barris,47,Can Peguera,166,8048,..,1,1
2010,8,Nou Barris,47,Can Peguera,166,8048,..,1,3
2010,8,Nou Barris,47,Can Peguera,166,8048,..,1,5
2010,8,Nou Barris,47,Can Peguera,166,8048,..,1,6
2010,8,Nou Barris,47,Can Peguera,166,8048,..,1,7
2010,8,Nou Barris,47,Can Peguera,166,8048,..,1,8
2010,8,Nou Barris,47,Can Peguera,166,8048,..,1,9
2010,8,Nou Barris,47,Can Peguera,166,8048,..,1,10
2010,8,Nou Barris,47,Can Peguera,166,8048,..,1,14
2010,8,Nou Barris,47,Can Peguera,166,8048,..,1,16
2010,8,Nou Barris,47,Can Peguera,166,8048,..,2,0
2010,8,Nou Barris,47,Can Peguera,166,8048,..,2,3
2010,8,Nou Barris,47,Can Peguera,166,8048,..,2,4
2010,8,Nou Barris,47,Can Peguera,166,8048,..,2,5
2010,8,Nou Barris,47,Can Peguera,166,8048,..,2,6
2010,8,Nou Barris,47,Can Peguera,166,8048,..,2,8
2010,8,Nou Barris,47,Can Peguera,166,8048,..,2,9
2010,8,Nou Barris,47,Can Peguera,166,8049,..,1,2
2010,8,Nou Barris,47,Can Peguera,166,8049,5,1,4
2010,8,Nou Barris,47,Can Peguera,166,8049,..,1,5
2010,8,Nou Barris,47,Can Peguera,166,8049,..,1,6
2010,8,Nou Barris,47,Can Peguera,166,8049,..,1,7
2010,8,Nou Barris,47,Can Peguera,166,8049,..,1,12
2010,8,Nou Barris,47,Can Peguera,166,8049,..,1,18
2010,8,Nou Barris,47,Can Peguera,166,8049,..,2,4
2010,8,Nou Barris,47,Can Peguera,166,8049,..,2,5
2010,8,Nou Barris,47,Can Peguera,166,8049,..,2,6
2010,8,Nou Barris,47,Can Peguera,166,8049,..,2,13
2010,8,Nou Barris,48,la Guineueta,167,8050,..,1,2
2010,8,Nou Barris,48,la Guineueta,167,8050,..,1,3
2010,8,Nou Barris,48,la Guineueta,167,8050,..,1,4
2010,8,Nou Barris,48,la Guineueta,167,8050,..,1,5
2010,8,Nou Barris,48,la Guineueta,167,8050,..,1,6
2010,8,Nou Barris,48,la Guineueta,167,8050,..,1,8
2010,8,Nou Barris,48,la Guineueta,167,8050,..,1,9
2010,8,Nou Barris,48,la Guineueta,167,8050,..,1,10
2010,8,Nou Barris,48,la Guineueta,167,8050,..,1,11
2010,8,Nou Barris,48,la Guineueta,167,8050,..,1,12
2010,8,Nou Barris,48,la Guineueta,167,8050,..,1,13
2010,8,Nou Barris,48,la Guineueta,167,8050,..,1,14
2010,8,Nou Barris,48,la Guineueta,167,8050,..,1,17
2010,8,Nou Barris,48,la Guineueta,167,8050,..,1,18
2010,8,Nou Barris,48,la Guineueta,167,8050,..,2,1
2010,8,Nou Barris,48,la Guineueta,167,8050,..,2,2
2010,8,Nou Barris,48,la Guineueta,167,8050,..,2,3
2010,8,Nou Barris,48,la Guineueta,167,8050,..,2,4
2010,8,Nou Barris,48,la Guineueta,167,8050,..,2,5
2010,8,Nou Barris,48,la Guineueta,167,8050,..,2,6
2010,8,Nou Barris,48,la Guineueta,167,8050,6,2,7
2010,8,Nou Barris,48,la Guineueta,167,8050,..,2,8
2010,8,Nou Barris,48,la Guineueta,167,8050,..,2,9
2010,8,Nou Barris,48,la Guineueta,167,8050,..,2,10
2010,8,Nou Barris,48,la Guineueta,167,8050,..,2,12
2010,8,Nou Barris,48,la Guineueta,167,8050,..,2,13
2010,8,Nou Barris,48,la Guineueta,167,8050,..,2,18
2010,8,Nou Barris,48,la Guineueta,167,8051,..,1,1
2010,8,Nou Barris,48,la Guineueta,167,8051,..,1,3
2010,8,Nou Barris,48,la Guineueta,167,8051,..,1,5
2010,8,Nou Barris,48,la Guineueta,167,8051,..,1,6
2010,8,Nou Barris,48,la Guineueta,167,8051,..,1,7
2010,8,Nou Barris,48,la Guineueta,167,8051,..,1,13
2010,8,Nou Barris,48,la Guineueta,167,8051,..,2,0
2010,8,Nou Barris,48,la Guineueta,167,8051,..,2,1
2010,8,Nou Barris,48,la Guineueta,167,8051,..,2,2
2010,8,Nou Barris,48,la Guineueta,167,8051,..,2,4
2010,8,Nou Barris,48,la Guineueta,167,8051,..,2,5
2010,8,Nou Barris,48,la Guineueta,167,8051,..,2,6
2010,8,Nou Barris,48,la Guineueta,167,8051,..,2,8
2010,8,Nou Barris,48,la Guineueta,167,8051,..,2,12
2010,8,Nou Barris,48,la Guineueta,167,8051,..,2,13
2010,8,Nou Barris,48,la Guineueta,167,8051,..,2,17
2010,8,Nou Barris,48,la Guineueta,167,8052,..,1,4
2010,8,Nou Barris,48,la Guineueta,167,8052,..,1,5
2010,8,Nou Barris,48,la Guineueta,167,8052,..,1,6
2010,8,Nou Barris,48,la Guineueta,167,8052,..,1,8
2010,8,Nou Barris,48,la Guineueta,167,8052,..,1,12
2010,8,Nou Barris,48,la Guineueta,167,8052,..,1,13
2010,8,Nou Barris,48,la Guineueta,167,8052,..,1,15
2010,8,Nou Barris,48,la Guineueta,167,8052,..,1,16
2010,8,Nou Barris,48,la Guineueta,167,8052,..,1,17
2010,8,Nou Barris,48,la Guineueta,167,8052,..,2,0
2010,8,Nou Barris,48,la Guineueta,167,8052,..,2,2
2010,8,Nou Barris,48,la Guineueta,167,8052,..,2,4
2010,8,Nou Barris,48,la Guineueta,167,8052,..,2,5
2010,8,Nou Barris,48,la Guineueta,167,8052,..,2,6
2010,8,Nou Barris,48,la Guineueta,167,8052,..,2,7
2010,8,Nou Barris,48,la Guineueta,167,8052,..,2,8
2010,8,Nou Barris,48,la Guineueta,167,8052,..,2,9
2010,8,Nou Barris,48,la Guineueta,167,8052,..,2,12
2010,8,Nou Barris,48,la Guineueta,167,8052,..,2,13
2010,8,Nou Barris,48,la Guineueta,167,8052,..,2,14
2010,8,Nou Barris,48,la Guineueta,167,8052,..,2,16
2010,8,Nou Barris,48,la Guineueta,167,8052,..,2,17
2010,8,Nou Barris,48,la Guineueta,167,8053,..,1,1
2010,8,Nou Barris,48,la Guineueta,167,8053,..,1,3
2010,8,Nou Barris,48,la Guineueta,167,8053,..,1,4
2010,8,Nou Barris,48,la Guineueta,167,8053,..,1,5
2010,8,Nou Barris,48,la Guineueta,167,8053,..,1,6
2010,8,Nou Barris,48,la Guineueta,167,8053,..,1,7
2010,8,Nou Barris,48,la Guineueta,167,8053,..,1,9
2010,8,Nou Barris,48,la Guineueta,167,8053,..,1,10
2010,8,Nou Barris,48,la Guineueta,167,8053,..,1,11
2010,8,Nou Barris,48,la Guineueta,167,8053,..,2,0
2010,8,Nou Barris,48,la Guineueta,167,8053,..,2,4
2010,8,Nou Barris,48,la Guineueta,167,8053,..,2,5
2010,8,Nou Barris,48,la Guineueta,167,8053,..,2,6
2010,8,Nou Barris,48,la Guineueta,167,8053,..,2,17
2010,8,Nou Barris,48,la Guineueta,167,8054,..,1,0
2010,8,Nou Barris,48,la Guineueta,167,8054,..,1,2
2010,8,Nou Barris,48,la Guineueta,167,8054,..,1,4
2010,8,Nou Barris,48,la Guineueta,167,8054,7,1,5
2010,8,Nou Barris,48,la Guineueta,167,8054,..,1,6
2010,8,Nou Barris,48,la Guineueta,167,8054,..,1,7
2010,8,Nou Barris,48,la Guineueta,167,8054,..,1,8
2010,8,Nou Barris,48,la Guineueta,167,8054,..,1,9
2010,8,Nou Barris,48,la Guineueta,167,8054,..,1,12
2010,8,Nou Barris,48,la Guineueta,167,8054,..,1,13
2010,8,Nou Barris,48,la Guineueta,167,8054,..,1,15
2010,8,Nou Barris,48,la Guineueta,167,8054,..,1,18
2010,8,Nou Barris,48,la Guineueta,167,8054,..,2,0
2010,8,Nou Barris,48,la Guineueta,167,8054,..,2,4
2010,8,Nou Barris,48,la Guineueta,167,8054,..,2,5
2010,8,Nou Barris,48,la Guineueta,167,8054,..,2,6
2010,8,Nou Barris,48,la Guineueta,167,8054,..,2,7
2010,8,Nou Barris,48,la Guineueta,167,8054,..,2,8
2010,8,Nou Barris,48,la Guineueta,167,8054,..,2,9
2010,8,Nou Barris,48,la Guineueta,167,8054,..,2,10
2010,8,Nou Barris,48,la Guineueta,167,8054,..,2,12
2010,8,Nou Barris,48,la Guineueta,167,8054,..,2,13
2010,8,Nou Barris,48,la Guineueta,167,8055,..,1,0
2010,8,Nou Barris,48,la Guineueta,167,8055,..,1,1
2010,8,Nou Barris,48,la Guineueta,167,8055,..,1,3
2010,8,Nou Barris,48,la Guineueta,167,8055,6,1,4
2010,8,Nou Barris,48,la Guineueta,167,8055,5,1,5
2010,8,Nou Barris,48,la Guineueta,167,8055,..,1,6
2010,8,Nou Barris,48,la Guineueta,167,8055,..,1,7
2010,8,Nou Barris,48,la Guineueta,167,8055,..,1,8
2010,8,Nou Barris,48,la Guineueta,167,8055,..,1,9
2010,8,Nou Barris,48,la Guineueta,167,8055,..,1,12
2010,8,Nou Barris,48,la Guineueta,167,8055,..,1,13
2010,8,Nou Barris,48,la Guineueta,167,8055,..,1,17
2010,8,Nou Barris,48,la Guineueta,167,8055,..,1,18
2010,8,Nou Barris,48,la Guineueta,167,8055,..,2,0
2010,8,Nou Barris,48,la Guineueta,167,8055,..,2,2
2010,8,Nou Barris,48,la Guineueta,167,8055,..,2,4
2010,8,Nou Barris,48,la Guineueta,167,8055,7,2,5
2010,8,Nou Barris,48,la Guineueta,167,8055,..,2,6
2010,8,Nou Barris,48,la Guineueta,167,8055,..,2,7
2010,8,Nou Barris,48,la Guineueta,167,8055,..,2,8
2010,8,Nou Barris,48,la Guineueta,167,8055,..,2,9
2010,8,Nou Barris,48,la Guineueta,167,8055,..,2,10
2010,8,Nou Barris,48,la Guineueta,167,8055,..,2,12
2010,8,Nou Barris,48,la Guineueta,167,8055,..,2,13
2010,8,Nou Barris,48,la Guineueta,167,8055,..,2,14
2010,8,Nou Barris,48,la Guineueta,167,8215,..,1,4
2010,8,Nou Barris,48,la Guineueta,167,8215,..,1,5
2010,8,Nou Barris,48,la Guineueta,167,8215,..,1,6
2010,8,Nou Barris,48,la Guineueta,167,8215,..,1,7
2010,8,Nou Barris,48,la Guineueta,167,8215,..,1,8
2010,8,Nou Barris,48,la Guineueta,167,8215,..,1,9
2010,8,Nou Barris,48,la Guineueta,167,8215,..,1,10
2010,8,Nou Barris,48,la Guineueta,167,8215,..,1,11
2010,8,Nou Barris,48,la Guineueta,167,8215,..,1,14
2010,8,Nou Barris,48,la Guineueta,167,8215,..,1,17
2010,8,Nou Barris,48,la Guineueta,167,8215,..,2,0
2010,8,Nou Barris,48,la Guineueta,167,8215,..,2,1
2010,8,Nou Barris,48,la Guineueta,167,8215,..,2,4
2010,8,Nou Barris,48,la Guineueta,167,8215,..,2,5
2010,8,Nou Barris,48,la Guineueta,167,8215,5,2,6
2010,8,Nou Barris,48,la Guineueta,167,8215,..,2,7
2010,8,Nou Barris,48,la Guineueta,167,8215,..,2,8
2010,8,Nou Barris,48,la Guineueta,167,8215,..,2,9
2010,8,Nou Barris,48,la Guineueta,167,8215,..,2,10
2010,8,Nou Barris,48,la Guineueta,167,8215,..,2,11
2010,8,Nou Barris,48,la Guineueta,167,8215,..,2,18
2010,8,Nou Barris,48,la Guineueta,168,8056,..,1,0
2010,8,Nou Barris,48,la Guineueta,168,8056,..,1,3
2010,8,Nou Barris,48,la Guineueta,168,8056,..,1,5
2010,8,Nou Barris,48,la Guineueta,168,8056,..,1,6
2010,8,Nou Barris,48,la Guineueta,168,8056,5,1,7
2010,8,Nou Barris,48,la Guineueta,168,8056,5,1,8
2010,8,Nou Barris,48,la Guineueta,168,8056,..,1,12
2010,8,Nou Barris,48,la Guineueta,168,8056,..,2,3
2010,8,Nou Barris,48,la Guineueta,168,8056,..,2,4
2010,8,Nou Barris,48,la Guineueta,168,8056,..,2,5
2010,8,Nou Barris,48,la Guineueta,168,8056,..,2,6
2010,8,Nou Barris,48,la Guineueta,168,8056,..,2,7
2010,8,Nou Barris,48,la Guineueta,168,8056,..,2,8
2010,8,Nou Barris,48,la Guineueta,168,8056,..,2,9
2010,8,Nou Barris,48,la Guineueta,168,8056,..,2,11
2010,8,Nou Barris,48,la Guineueta,168,8057,..,1,4
2010,8,Nou Barris,48,la Guineueta,168,8057,..,1,5
2010,8,Nou Barris,48,la Guineueta,168,8057,..,1,6
2010,8,Nou Barris,48,la Guineueta,168,8057,..,1,7
2010,8,Nou Barris,48,la Guineueta,168,8057,..,1,10
2010,8,Nou Barris,48,la Guineueta,168,8057,..,1,14
2010,8,Nou Barris,48,la Guineueta,168,8057,..,1,16
2010,8,Nou Barris,48,la Guineueta,168,8057,..,2,0
2010,8,Nou Barris,48,la Guineueta,168,8057,..,2,1
2010,8,Nou Barris,48,la Guineueta,168,8057,..,2,3
2010,8,Nou Barris,48,la Guineueta,168,8057,..,2,5
2010,8,Nou Barris,48,la Guineueta,168,8057,..,2,6
2010,8,Nou Barris,48,la Guineueta,168,8057,..,2,8
2010,8,Nou Barris,48,la Guineueta,168,8057,..,2,9
2010,8,Nou Barris,48,la Guineueta,168,8057,..,2,14
2010,8,Nou Barris,48,la Guineueta,168,8057,..,2,17
2010,8,Nou Barris,48,la Guineueta,168,8058,..,1,1
2010,8,Nou Barris,48,la Guineueta,168,8058,..,1,2
2010,8,Nou Barris,48,la Guineueta,168,8058,..,1,3
2010,8,Nou Barris,48,la Guineueta,168,8058,..,1,4
2010,8,Nou Barris,48,la Guineueta,168,8058,..,1,5
2010,8,Nou Barris,48,la Guineueta,168,8058,..,1,6
2010,8,Nou Barris,48,la Guineueta,168,8058,..,1,7
2010,8,Nou Barris,48,la Guineueta,168,8058,..,1,8
2010,8,Nou Barris,48,la Guineueta,168,8058,..,1,9
2010,8,Nou Barris,48,la Guineueta,168,8058,..,1,10
2010,8,Nou Barris,48,la Guineueta,168,8058,..,1,15
2010,8,Nou Barris,48,la Guineueta,168,8058,..,1,16
2010,8,Nou Barris,48,la Guineueta,168,8058,..,2,1
2010,8,Nou Barris,48,la Guineueta,168,8058,..,2,3
2010,8,Nou Barris,48,la Guineueta,168,8058,..,2,4
2010,8,Nou Barris,48,la Guineueta,168,8058,5,2,5
2010,8,Nou Barris,48,la Guineueta,168,8058,..,2,6
2010,8,Nou Barris,48,la Guineueta,168,8058,..,2,7
2010,8,Nou Barris,48,la Guineueta,168,8058,..,2,8
2010,8,Nou Barris,48,la Guineueta,168,8058,..,2,10
2010,8,Nou Barris,48,la Guineueta,168,8058,..,2,11
2010,8,Nou Barris,48,la Guineueta,168,8058,..,2,14
2010,8,Nou Barris,48,la Guineueta,168,8059,..,1,4
2010,8,Nou Barris,48,la Guineueta,168,8059,..,1,5
2010,8,Nou Barris,48,la Guineueta,168,8059,..,1,6
2010,8,Nou Barris,48,la Guineueta,168,8059,..,1,10
2010,8,Nou Barris,48,la Guineueta,168,8059,..,1,11
2010,8,Nou Barris,48,la Guineueta,168,8059,..,2,2
2010,8,Nou Barris,48,la Guineueta,168,8059,..,2,3
2010,8,Nou Barris,48,la Guineueta,168,8059,..,2,4
2010,8,Nou Barris,48,la Guineueta,168,8059,..,2,5
2010,8,Nou Barris,48,la Guineueta,168,8059,..,2,6
2010,8,Nou Barris,48,la Guineueta,168,8059,..,2,8
2010,8,Nou Barris,48,la Guineueta,168,8059,..,2,9
2010,8,Nou Barris,48,la Guineueta,168,8059,..,2,10
2010,8,Nou Barris,48,la Guineueta,168,8059,..,2,11
2010,8,Nou Barris,49,Canyelles,169,8060,..,1,4
2010,8,Nou Barris,49,Canyelles,169,8060,..,1,5
2010,8,Nou Barris,49,Canyelles,169,8060,..,1,6
2010,8,Nou Barris,49,Canyelles,169,8060,..,1,7
2010,8,Nou Barris,49,Canyelles,169,8060,..,1,9
2010,8,Nou Barris,49,Canyelles,169,8060,..,1,10
2010,8,Nou Barris,49,Canyelles,169,8060,..,1,12
2010,8,Nou Barris,49,Canyelles,169,8060,..,1,13
2010,8,Nou Barris,49,Canyelles,169,8060,..,1,15
2010,8,Nou Barris,49,Canyelles,169,8060,..,2,3
2010,8,Nou Barris,49,Canyelles,169,8060,..,2,4
2010,8,Nou Barris,49,Canyelles,169,8060,..,2,5
2010,8,Nou Barris,49,Canyelles,169,8060,..,2,7
2010,8,Nou Barris,49,Canyelles,169,8060,..,2,10
2010,8,Nou Barris,49,Canyelles,169,8060,..,2,12
2010,8,Nou Barris,49,Canyelles,169,8061,..,1,0
2010,8,Nou Barris,49,Canyelles,169,8061,..,1,2
2010,8,Nou Barris,49,Canyelles,169,8061,..,1,5
2010,8,Nou Barris,49,Canyelles,169,8061,..,1,6
2010,8,Nou Barris,49,Canyelles,169,8061,..,1,7
2010,8,Nou Barris,49,Canyelles,169,8061,..,1,8
2010,8,Nou Barris,49,Canyelles,169,8061,..,1,11
2010,8,Nou Barris,49,Canyelles,169,8061,..,1,12
2010,8,Nou Barris,49,Canyelles,169,8061,..,1,17
2010,8,Nou Barris,49,Canyelles,169,8061,..,2,0
2010,8,Nou Barris,49,Canyelles,169,8061,..,2,2
2010,8,Nou Barris,49,Canyelles,169,8061,..,2,4
2010,8,Nou Barris,49,Canyelles,169,8061,..,2,5
2010,8,Nou Barris,49,Canyelles,169,8061,5,2,6
2010,8,Nou Barris,49,Canyelles,169,8061,..,2,8
2010,8,Nou Barris,49,Canyelles,169,8061,..,2,10
2010,8,Nou Barris,49,Canyelles,169,8061,..,2,11
2010,8,Nou Barris,49,Canyelles,169,8061,..,2,13
2010,8,Nou Barris,49,Canyelles,169,8061,..,2,15
2010,8,Nou Barris,49,Canyelles,169,8062,..,1,0
2010,8,Nou Barris,49,Canyelles,169,8062,..,1,4
2010,8,Nou Barris,49,Canyelles,169,8062,..,1,5
2010,8,Nou Barris,49,Canyelles,169,8062,..,1,6
2010,8,Nou Barris,49,Canyelles,169,8062,..,1,8
2010,8,Nou Barris,49,Canyelles,169,8062,..,1,10
2010,8,Nou Barris,49,Canyelles,169,8062,..,1,11
2010,8,Nou Barris,49,Canyelles,169,8062,..,1,12
2010,8,Nou Barris,49,Canyelles,169,8062,..,1,15
2010,8,Nou Barris,49,Canyelles,169,8062,..,1,16
2010,8,Nou Barris,49,Canyelles,169,8062,..,2,0
2010,8,Nou Barris,49,Canyelles,169,8062,..,2,1
2010,8,Nou Barris,49,Canyelles,169,8062,..,2,4
2010,8,Nou Barris,49,Canyelles,169,8062,..,2,6
2010,8,Nou Barris,49,Canyelles,169,8062,..,2,7
2010,8,Nou Barris,49,Canyelles,169,8062,..,2,9
2010,8,Nou Barris,49,Canyelles,169,8062,..,2,12
2010,8,Nou Barris,49,Canyelles,169,8063,..,1,3
2010,8,Nou Barris,49,Canyelles,169,8063,..,1,4
2010,8,Nou Barris,49,Canyelles,169,8063,5,1,5
2010,8,Nou Barris,49,Canyelles,169,8063,..,1,6
2010,8,Nou Barris,49,Canyelles,169,8063,5,1,7
2010,8,Nou Barris,49,Canyelles,169,8063,..,1,8
2010,8,Nou Barris,49,Canyelles,169,8063,..,1,9
2010,8,Nou Barris,49,Canyelles,169,8063,..,1,11
2010,8,Nou Barris,49,Canyelles,169,8063,..,2,1
2010,8,Nou Barris,49,Canyelles,169,8063,..,2,3
2010,8,Nou Barris,49,Canyelles,169,8063,..,2,5
2010,8,Nou Barris,49,Canyelles,169,8063,..,2,6
2010,8,Nou Barris,49,Canyelles,169,8063,..,2,7
2010,8,Nou Barris,49,Canyelles,169,8063,..,2,8
2010,8,Nou Barris,49,Canyelles,169,8063,..,2,10
2010,8,Nou Barris,49,Canyelles,169,8063,..,2,12
2010,8,Nou Barris,49,Canyelles,169,8063,..,2,14
2010,8,Nou Barris,49,Canyelles,169,8064,..,1,0
2010,8,Nou Barris,49,Canyelles,169,8064,..,1,1
2010,8,Nou Barris,49,Canyelles,169,8064,..,1,2
2010,8,Nou Barris,49,Canyelles,169,8064,..,1,4
2010,8,Nou Barris,49,Canyelles,169,8064,..,1,5
2010,8,Nou Barris,49,Canyelles,169,8064,..,1,6
2010,8,Nou Barris,49,Canyelles,169,8064,..,1,7
2010,8,Nou Barris,49,Canyelles,169,8064,..,1,8
2010,8,Nou Barris,49,Canyelles,169,8064,..,1,12
2010,8,Nou Barris,49,Canyelles,169,8064,..,2,0
2010,8,Nou Barris,49,Canyelles,169,8064,..,2,1
2010,8,Nou Barris,49,Canyelles,169,8064,..,2,3
2010,8,Nou Barris,49,Canyelles,169,8064,..,2,4
2010,8,Nou Barris,49,Canyelles,169,8064,..,2,5
2010,8,Nou Barris,49,Canyelles,169,8064,..,2,6
2010,8,Nou Barris,49,Canyelles,169,8064,..,2,7
2010,8,Nou Barris,49,Canyelles,169,8064,5,2,8
2010,8,Nou Barris,49,Canyelles,169,8064,..,2,9
2010,8,Nou Barris,49,Canyelles,169,8064,..,2,11
2010,8,Nou Barris,50,les Roquetes,170,8065,..,1,0
2010,8,Nou Barris,50,les Roquetes,170,8065,..,1,1
2010,8,Nou Barris,50,les Roquetes,170,8065,..,1,3
2010,8,Nou Barris,50,les Roquetes,170,8065,11,1,4
2010,8,Nou Barris,50,les Roquetes,170,8065,7,1,5
2010,8,Nou Barris,50,les Roquetes,170,8065,..,1,6
2010,8,Nou Barris,50,les Roquetes,170,8065,5,1,7
2010,8,Nou Barris,50,les Roquetes,170,8065,5,1,8
2010,8,Nou Barris,50,les Roquetes,170,8065,..,1,10
2010,8,Nou Barris,50,les Roquetes,170,8065,..,1,11
2010,8,Nou Barris,50,les Roquetes,170,8065,..,1,12
2010,8,Nou Barris,50,les Roquetes,170,8065,..,2,0
2010,8,Nou Barris,50,les Roquetes,170,8065,..,2,1
2010,8,Nou Barris,50,les Roquetes,170,8065,..,2,2
2010,8,Nou Barris,50,les Roquetes,170,8065,..,2,3
2010,8,Nou Barris,50,les Roquetes,170,8065,..,2,4
2010,8,Nou Barris,50,les Roquetes,170,8065,10,2,5
2010,8,Nou Barris,50,les Roquetes,170,8065,11,2,6
2010,8,Nou Barris,50,les Roquetes,170,8065,6,2,7
2010,8,Nou Barris,50,les Roquetes,170,8065,6,2,8
2010,8,Nou Barris,50,les Roquetes,170,8065,..,2,9
2010,8,Nou Barris,50,les Roquetes,170,8065,..,2,10
2010,8,Nou Barris,50,les Roquetes,170,8065,..,2,13
2010,8,Nou Barris,50,les Roquetes,170,8066,..,1,0
2010,8,Nou Barris,50,les Roquetes,170,8066,5,1,1
2010,8,Nou Barris,50,les Roquetes,170,8066,..,1,2
2010,8,Nou Barris,50,les Roquetes,170,8066,..,1,3
2010,8,Nou Barris,50,les Roquetes,170,8066,10,1,4
2010,8,Nou Barris,50,les Roquetes,170,8066,7,1,5
2010,8,Nou Barris,50,les Roquetes,170,8066,9,1,6
2010,8,Nou Barris,50,les Roquetes,170,8066,..,1,7
2010,8,Nou Barris,50,les Roquetes,170,8066,..,1,8
2010,8,Nou Barris,50,les Roquetes,170,8066,..,1,9
2010,8,Nou Barris,50,les Roquetes,170,8066,..,1,10
2010,8,Nou Barris,50,les Roquetes,170,8066,..,1,15
2010,8,Nou Barris,50,les Roquetes,170,8066,6,2,0
2010,8,Nou Barris,50,les Roquetes,170,8066,6,2,1
2010,8,Nou Barris,50,les Roquetes,170,8066,..,2,2
2010,8,Nou Barris,50,les Roquetes,170,8066,..,2,3
2010,8,Nou Barris,50,les Roquetes,170,8066,14,2,4
2010,8,Nou Barris,50,les Roquetes,170,8066,12,2,5
2010,8,Nou Barris,50,les Roquetes,170,8066,5,2,6
2010,8,Nou Barris,50,les Roquetes,170,8066,6,2,7
2010,8,Nou Barris,50,les Roquetes,170,8066,..,2,8
2010,8,Nou Barris,50,les Roquetes,170,8066,..,2,9
2010,8,Nou Barris,50,les Roquetes,170,8066,6,2,10
2010,8,Nou Barris,50,les Roquetes,170,8066,..,2,11
2010,8,Nou Barris,50,les Roquetes,170,8067,..,1,0
2010,8,Nou Barris,50,les Roquetes,170,8067,..,1,1
2010,8,Nou Barris,50,les Roquetes,170,8067,..,1,3
2010,8,Nou Barris,50,les Roquetes,170,8067,6,1,4
2010,8,Nou Barris,50,les Roquetes,170,8067,..,1,5
2010,8,Nou Barris,50,les Roquetes,170,8067,9,1,6
2010,8,Nou Barris,50,les Roquetes,170,8067,..,1,7
2010,8,Nou Barris,50,les Roquetes,170,8067,..,1,8
2010,8,Nou Barris,50,les Roquetes,170,8067,..,1,10
2010,8,Nou Barris,50,les Roquetes,170,8067,..,1,12
2010,8,Nou Barris,50,les Roquetes,170,8067,..,1,14
2010,8,Nou Barris,50,les Roquetes,170,8067,..,2,0
2010,8,Nou Barris,50,les Roquetes,170,8067,..,2,1
2010,8,Nou Barris,50,les Roquetes,170,8067,..,2,2
2010,8,Nou Barris,50,les Roquetes,170,8067,..,2,3
2010,8,Nou Barris,50,les Roquetes,170,8067,6,2,4
2010,8,Nou Barris,50,les Roquetes,170,8067,..,2,5
2010,8,Nou Barris,50,les Roquetes,170,8067,9,2,6
2010,8,Nou Barris,50,les Roquetes,170,8067,13,2,7
2010,8,Nou Barris,50,les Roquetes,170,8067,..,2,8
2010,8,Nou Barris,50,les Roquetes,170,8067,5,2,9
2010,8,Nou Barris,50,les Roquetes,170,8067,..,2,10
2010,8,Nou Barris,50,les Roquetes,170,8067,..,2,11
2010,8,Nou Barris,50,les Roquetes,170,8067,..,2,13
2010,8,Nou Barris,50,les Roquetes,170,8068,..,1,0
2010,8,Nou Barris,50,les Roquetes,170,8068,..,1,1
2010,8,Nou Barris,50,les Roquetes,170,8068,..,1,2
2010,8,Nou Barris,50,les Roquetes,170,8068,..,1,3
2010,8,Nou Barris,50,les Roquetes,170,8068,6,1,4
2010,8,Nou Barris,50,les Roquetes,170,8068,7,1,5
2010,8,Nou Barris,50,les Roquetes,170,8068,5,1,6
2010,8,Nou Barris,50,les Roquetes,170,8068,5,1,7
2010,8,Nou Barris,50,les Roquetes,170,8068,..,1,8
2010,8,Nou Barris,50,les Roquetes,170,8068,..,1,9
2010,8,Nou Barris,50,les Roquetes,170,8068,..,1,10
2010,8,Nou Barris,50,les Roquetes,170,8068,..,1,14
2010,8,Nou Barris,50,les Roquetes,170,8068,..,2,0
2010,8,Nou Barris,50,les Roquetes,170,8068,..,2,1
2010,8,Nou Barris,50,les Roquetes,170,8068,..,2,2
2010,8,Nou Barris,50,les Roquetes,170,8068,..,2,3
2010,8,Nou Barris,50,les Roquetes,170,8068,5,2,4
2010,8,Nou Barris,50,les Roquetes,170,8068,..,2,5
2010,8,Nou Barris,50,les Roquetes,170,8068,..,2,6
2010,8,Nou Barris,50,les Roquetes,170,8068,10,2,7
2010,8,Nou Barris,50,les Roquetes,170,8068,..,2,8
2010,8,Nou Barris,50,les Roquetes,170,8068,..,2,12
2010,8,Nou Barris,50,les Roquetes,170,8068,..,2,13
2010,8,Nou Barris,50,les Roquetes,170,8068,..,2,16
2010,8,Nou Barris,50,les Roquetes,170,8069,..,1,3
2010,8,Nou Barris,50,les Roquetes,170,8069,7,1,4
2010,8,Nou Barris,50,les Roquetes,170,8069,9,1,5
2010,8,Nou Barris,50,les Roquetes,170,8069,8,1,6
2010,8,Nou Barris,50,les Roquetes,170,8069,..,1,7
2010,8,Nou Barris,50,les Roquetes,170,8069,..,1,8
2010,8,Nou Barris,50,les Roquetes,170,8069,..,1,10
2010,8,Nou Barris,50,les Roquetes,170,8069,..,1,12
2010,8,Nou Barris,50,les Roquetes,170,8069,..,1,13
2010,8,Nou Barris,50,les Roquetes,170,8069,..,1,15
2010,8,Nou Barris,50,les Roquetes,170,8069,..,2,1
2010,8,Nou Barris,50,les Roquetes,170,8069,5,2,3
2010,8,Nou Barris,50,les Roquetes,170,8069,..,2,4
2010,8,Nou Barris,50,les Roquetes,170,8069,..,2,5
2010,8,Nou Barris,50,les Roquetes,170,8069,6,2,6
2010,8,Nou Barris,50,les Roquetes,170,8069,7,2,7
2010,8,Nou Barris,50,les Roquetes,170,8069,..,2,8
2010,8,Nou Barris,50,les Roquetes,170,8069,..,2,9
2010,8,Nou Barris,50,les Roquetes,170,8069,..,2,12
2010,8,Nou Barris,50,les Roquetes,171,8070,..,1,0
2010,8,Nou Barris,50,les Roquetes,171,8070,..,1,1
2010,8,Nou Barris,50,les Roquetes,171,8070,..,1,2
2010,8,Nou Barris,50,les Roquetes,171,8070,5,1,3
2010,8,Nou Barris,50,les Roquetes,171,8070,..,1,4
2010,8,Nou Barris,50,les Roquetes,171,8070,8,1,5
2010,8,Nou Barris,50,les Roquetes,171,8070,6,1,6
2010,8,Nou Barris,50,les Roquetes,171,8070,..,1,7
2010,8,Nou Barris,50,les Roquetes,171,8070,..,1,8
2010,8,Nou Barris,50,les Roquetes,171,8070,..,1,9
2010,8,Nou Barris,50,les Roquetes,171,8070,..,1,10
2010,8,Nou Barris,50,les Roquetes,171,8070,..,1,12
2010,8,Nou Barris,50,les Roquetes,171,8070,..,1,14
2010,8,Nou Barris,50,les Roquetes,171,8070,..,1,16
2010,8,Nou Barris,50,les Roquetes,171,8070,..,2,0
2010,8,Nou Barris,50,les Roquetes,171,8070,..,2,1
2010,8,Nou Barris,50,les Roquetes,171,8070,..,2,2
2010,8,Nou Barris,50,les Roquetes,171,8070,7,2,3
2010,8,Nou Barris,50,les Roquetes,171,8070,18,2,4
2010,8,Nou Barris,50,les Roquetes,171,8070,19,2,5
2010,8,Nou Barris,50,les Roquetes,171,8070,14,2,6
2010,8,Nou Barris,50,les Roquetes,171,8070,8,2,7
2010,8,Nou Barris,50,les Roquetes,171,8070,..,2,8
2010,8,Nou Barris,50,les Roquetes,171,8070,..,2,9
2010,8,Nou Barris,50,les Roquetes,171,8070,..,2,10
2010,8,Nou Barris,50,les Roquetes,171,8070,..,2,12
2010,8,Nou Barris,50,les Roquetes,171,8070,..,2,15
2010,8,Nou Barris,50,les Roquetes,171,8071,..,1,0
2010,8,Nou Barris,50,les Roquetes,171,8071,..,1,1
2010,8,Nou Barris,50,les Roquetes,171,8071,..,1,2
2010,8,Nou Barris,50,les Roquetes,171,8071,5,1,3
2010,8,Nou Barris,50,les Roquetes,171,8071,5,1,4
2010,8,Nou Barris,50,les Roquetes,171,8071,7,1,5
2010,8,Nou Barris,50,les Roquetes,171,8071,6,1,6
2010,8,Nou Barris,50,les Roquetes,171,8071,..,1,7
2010,8,Nou Barris,50,les Roquetes,171,8071,6,1,8
2010,8,Nou Barris,50,les Roquetes,171,8071,..,1,9
2010,8,Nou Barris,50,les Roquetes,171,8071,..,1,10
2010,8,Nou Barris,50,les Roquetes,171,8071,..,1,13
2010,8,Nou Barris,50,les Roquetes,171,8071,..,1,14
2010,8,Nou Barris,50,les Roquetes,171,8071,..,1,15
2010,8,Nou Barris,50,les Roquetes,171,8071,..,1,17
2010,8,Nou Barris,50,les Roquetes,171,8071,..,2,0
2010,8,Nou Barris,50,les Roquetes,171,8071,..,2,1
2010,8,Nou Barris,50,les Roquetes,171,8071,..,2,2
2010,8,Nou Barris,50,les Roquetes,171,8071,..,2,3
2010,8,Nou Barris,50,les Roquetes,171,8071,..,2,4
2010,8,Nou Barris,50,les Roquetes,171,8071,8,2,5
2010,8,Nou Barris,50,les Roquetes,171,8071,7,2,6
2010,8,Nou Barris,50,les Roquetes,171,8071,8,2,7
2010,8,Nou Barris,50,les Roquetes,171,8071,..,2,8
2010,8,Nou Barris,50,les Roquetes,171,8071,..,2,9
2010,8,Nou Barris,50,les Roquetes,171,8071,..,2,10
2010,8,Nou Barris,50,les Roquetes,171,8071,..,2,14
2010,8,Nou Barris,50,les Roquetes,171,8072,..,1,0
2010,8,Nou Barris,50,les Roquetes,171,8072,..,1,4
2010,8,Nou Barris,50,les Roquetes,171,8072,8,1,5
2010,8,Nou Barris,50,les Roquetes,171,8072,..,1,6
2010,8,Nou Barris,50,les Roquetes,171,8072,..,1,7
2010,8,Nou Barris,50,les Roquetes,171,8072,..,1,8
2010,8,Nou Barris,50,les Roquetes,171,8072,..,1,9
2010,8,Nou Barris,50,les Roquetes,171,8072,..,1,12
2010,8,Nou Barris,50,les Roquetes,171,8072,..,2,0
2010,8,Nou Barris,50,les Roquetes,171,8072,..,2,2
2010,8,Nou Barris,50,les Roquetes,171,8072,..,2,3
2010,8,Nou Barris,50,les Roquetes,171,8072,..,2,4
2010,8,Nou Barris,50,les Roquetes,171,8072,5,2,6
2010,8,Nou Barris,50,les Roquetes,171,8072,..,2,7
2010,8,Nou Barris,50,les Roquetes,171,8072,..,2,8
2010,8,Nou Barris,50,les Roquetes,171,8072,..,2,9
2010,8,Nou Barris,50,les Roquetes,171,8072,..,2,10
2010,8,Nou Barris,50,les Roquetes,171,8072,..,2,11
2010,8,Nou Barris,50,les Roquetes,171,8073,..,1,0
2010,8,Nou Barris,50,les Roquetes,171,8073,..,1,2
2010,8,Nou Barris,50,les Roquetes,171,8073,5,1,3
2010,8,Nou Barris,50,les Roquetes,171,8073,9,1,4
2010,8,Nou Barris,50,les Roquetes,171,8073,9,1,5
2010,8,Nou Barris,50,les Roquetes,171,8073,..,1,6
2010,8,Nou Barris,50,les Roquetes,171,8073,..,1,7
2010,8,Nou Barris,50,les Roquetes,171,8073,5,1,8
2010,8,Nou Barris,50,les Roquetes,171,8073,5,1,9
2010,8,Nou Barris,50,les Roquetes,171,8073,..,1,10
2010,8,Nou Barris,50,les Roquetes,171,8073,..,1,11
2010,8,Nou Barris,50,les Roquetes,171,8073,..,1,15
2010,8,Nou Barris,50,les Roquetes,171,8073,..,2,0
2010,8,Nou Barris,50,les Roquetes,171,8073,6,2,1
2010,8,Nou Barris,50,les Roquetes,171,8073,..,2,2
2010,8,Nou Barris,50,les Roquetes,171,8073,..,2,3
2010,8,Nou Barris,50,les Roquetes,171,8073,5,2,4
2010,8,Nou Barris,50,les Roquetes,171,8073,10,2,5
2010,8,Nou Barris,50,les Roquetes,171,8073,..,2,6
2010,8,Nou Barris,50,les Roquetes,171,8073,8,2,7
2010,8,Nou Barris,50,les Roquetes,171,8073,5,2,8
2010,8,Nou Barris,50,les Roquetes,171,8073,..,2,9
2010,8,Nou Barris,50,les Roquetes,171,8073,5,2,10
2010,8,Nou Barris,50,les Roquetes,171,8073,..,2,12
2010,8,Nou Barris,50,les Roquetes,171,8074,..,1,0
2010,8,Nou Barris,50,les Roquetes,171,8074,..,1,1
2010,8,Nou Barris,50,les Roquetes,171,8074,..,1,2
2010,8,Nou Barris,50,les Roquetes,171,8074,6,1,3
2010,8,Nou Barris,50,les Roquetes,171,8074,7,1,4
2010,8,Nou Barris,50,les Roquetes,171,8074,8,1,5
2010,8,Nou Barris,50,les Roquetes,171,8074,..,1,6
2010,8,Nou Barris,50,les Roquetes,171,8074,..,1,7
2010,8,Nou Barris,50,les Roquetes,171,8074,..,1,8
2010,8,Nou Barris,50,les Roquetes,171,8074,..,1,9
2010,8,Nou Barris,50,les Roquetes,171,8074,..,1,10
2010,8,Nou Barris,50,les Roquetes,171,8074,..,1,11
2010,8,Nou Barris,50,les Roquetes,171,8074,..,1,12
2010,8,Nou Barris,50,les Roquetes,171,8074,..,1,13
2010,8,Nou Barris,50,les Roquetes,171,8074,..,2,0
2010,8,Nou Barris,50,les Roquetes,171,8074,..,2,1
2010,8,Nou Barris,50,les Roquetes,171,8074,..,2,2
2010,8,Nou Barris,50,les Roquetes,171,8074,..,2,3
2010,8,Nou Barris,50,les Roquetes,171,8074,..,2,4
2010,8,Nou Barris,50,les Roquetes,171,8074,5,2,5
2010,8,Nou Barris,50,les Roquetes,171,8074,..,2,6
2010,8,Nou Barris,50,les Roquetes,171,8074,5,2,7
2010,8,Nou Barris,50,les Roquetes,171,8074,..,2,8
2010,8,Nou Barris,50,les Roquetes,171,8074,..,2,9
2010,8,Nou Barris,50,les Roquetes,171,8074,..,2,10
2010,8,Nou Barris,50,les Roquetes,171,8074,..,2,11
2010,8,Nou Barris,50,les Roquetes,171,8074,..,2,12
2010,8,Nou Barris,50,les Roquetes,171,8074,..,2,13
2010,8,Nou Barris,51,Verdun,172,8075,..,1,0
2010,8,Nou Barris,51,Verdun,172,8075,..,1,1
2010,8,Nou Barris,51,Verdun,172,8075,6,1,2
2010,8,Nou Barris,51,Verdun,172,8075,..,1,3
2010,8,Nou Barris,51,Verdun,172,8075,..,1,4
2010,8,Nou Barris,51,Verdun,172,8075,8,1,5
2010,8,Nou Barris,51,Verdun,172,8075,9,1,6
2010,8,Nou Barris,51,Verdun,172,8075,6,1,7
2010,8,Nou Barris,51,Verdun,172,8075,..,1,8
2010,8,Nou Barris,51,Verdun,172,8075,..,1,9
2010,8,Nou Barris,51,Verdun,172,8075,..,1,10
2010,8,Nou Barris,51,Verdun,172,8075,..,1,13
2010,8,Nou Barris,51,Verdun,172,8075,..,2,0
2010,8,Nou Barris,51,Verdun,172,8075,..,2,1
2010,8,Nou Barris,51,Verdun,172,8075,..,2,2
2010,8,Nou Barris,51,Verdun,172,8075,..,2,3
2010,8,Nou Barris,51,Verdun,172,8075,10,2,4
2010,8,Nou Barris,51,Verdun,172,8075,..,2,5
2010,8,Nou Barris,51,Verdun,172,8075,9,2,6
2010,8,Nou Barris,51,Verdun,172,8075,7,2,7
2010,8,Nou Barris,51,Verdun,172,8075,6,2,8
2010,8,Nou Barris,51,Verdun,172,8075,..,2,10
2010,8,Nou Barris,51,Verdun,172,8075,..,2,13
2010,8,Nou Barris,51,Verdun,172,8075,..,2,14
2010,8,Nou Barris,51,Verdun,172,8076,..,1,0
2010,8,Nou Barris,51,Verdun,172,8076,..,1,1
2010,8,Nou Barris,51,Verdun,172,8076,..,1,2
2010,8,Nou Barris,51,Verdun,172,8076,..,1,3
2010,8,Nou Barris,51,Verdun,172,8076,7,1,4
2010,8,Nou Barris,51,Verdun,172,8076,6,1,5
2010,8,Nou Barris,51,Verdun,172,8076,8,1,6
2010,8,Nou Barris,51,Verdun,172,8076,..,1,7
2010,8,Nou Barris,51,Verdun,172,8076,..,1,8
2010,8,Nou Barris,51,Verdun,172,8076,..,1,9
2010,8,Nou Barris,51,Verdun,172,8076,..,1,11
2010,8,Nou Barris,51,Verdun,172,8076,..,1,15
2010,8,Nou Barris,51,Verdun,172,8076,..,2,0
2010,8,Nou Barris,51,Verdun,172,8076,..,2,2
2010,8,Nou Barris,51,Verdun,172,8076,..,2,3
2010,8,Nou Barris,51,Verdun,172,8076,..,2,4
2010,8,Nou Barris,51,Verdun,172,8076,..,2,5
2010,8,Nou Barris,51,Verdun,172,8076,7,2,6
2010,8,Nou Barris,51,Verdun,172,8076,..,2,7
2010,8,Nou Barris,51,Verdun,172,8076,..,2,8
2010,8,Nou Barris,51,Verdun,172,8076,..,2,9
2010,8,Nou Barris,51,Verdun,172,8076,..,2,10
2010,8,Nou Barris,51,Verdun,172,8076,..,2,11
2010,8,Nou Barris,51,Verdun,172,8076,..,2,12
2010,8,Nou Barris,51,Verdun,172,8076,..,2,13
2010,8,Nou Barris,51,Verdun,172,8076,..,2,16
2010,8,Nou Barris,51,Verdun,172,8077,..,1,0
2010,8,Nou Barris,51,Verdun,172,8077,5,1,2
2010,8,Nou Barris,51,Verdun,172,8077,..,1,3
2010,8,Nou Barris,51,Verdun,172,8077,..,1,6
2010,8,Nou Barris,51,Verdun,172,8077,..,1,7
2010,8,Nou Barris,51,Verdun,172,8077,..,1,8
2010,8,Nou Barris,51,Verdun,172,8077,..,1,9
2010,8,Nou Barris,51,Verdun,172,8077,..,1,10
2010,8,Nou Barris,51,Verdun,172,8077,..,1,11
2010,8,Nou Barris,51,Verdun,172,8077,..,2,0
2010,8,Nou Barris,51,Verdun,172,8077,..,2,1
2010,8,Nou Barris,51,Verdun,172,8077,..,2,2
2010,8,Nou Barris,51,Verdun,172,8077,..,2,3
2010,8,Nou Barris,51,Verdun,172,8077,..,2,4
2010,8,Nou Barris,51,Verdun,172,8077,..,2,5
2010,8,Nou Barris,51,Verdun,172,8077,..,2,6
2010,8,Nou Barris,51,Verdun,172,8077,..,2,7
2010,8,Nou Barris,51,Verdun,172,8077,..,2,8
2010,8,Nou Barris,51,Verdun,172,8077,..,2,9
2010,8,Nou Barris,51,Verdun,172,8077,..,2,15
2010,8,Nou Barris,51,Verdun,173,8078,..,1,0
2010,8,Nou Barris,51,Verdun,173,8078,..,1,1
2010,8,Nou Barris,51,Verdun,173,8078,..,1,2
2010,8,Nou Barris,51,Verdun,173,8078,..,1,3
2010,8,Nou Barris,51,Verdun,173,8078,..,1,4
2010,8,Nou Barris,51,Verdun,173,8078,..,1,5
2010,8,Nou Barris,51,Verdun,173,8078,5,1,6
2010,8,Nou Barris,51,Verdun,173,8078,..,1,7
2010,8,Nou Barris,51,Verdun,173,8078,..,1,8
2010,8,Nou Barris,51,Verdun,173,8078,..,1,9
2010,8,Nou Barris,51,Verdun,173,8078,..,1,10
2010,8,Nou Barris,51,Verdun,173,8078,..,1,11
2010,8,Nou Barris,51,Verdun,173,8078,..,1,16
2010,8,Nou Barris,51,Verdun,173,8078,..,1,17
2010,8,Nou Barris,51,Verdun,173,8078,..,2,0
2010,8,Nou Barris,51,Verdun,173,8078,..,2,1
2010,8,Nou Barris,51,Verdun,173,8078,..,2,2
2010,8,Nou Barris,51,Verdun,173,8078,..,2,3
2010,8,Nou Barris,51,Verdun,173,8078,..,2,4
2010,8,Nou Barris,51,Verdun,173,8078,7,2,5
2010,8,Nou Barris,51,Verdun,173,8078,9,2,6
2010,8,Nou Barris,51,Verdun,173,8078,6,2,7
2010,8,Nou Barris,51,Verdun,173,8078,..,2,9
2010,8,Nou Barris,51,Verdun,173,8078,..,2,10
2010,8,Nou Barris,51,Verdun,173,8078,..,2,12
2010,8,Nou Barris,51,Verdun,173,8079,..,1,0
2010,8,Nou Barris,51,Verdun,173,8079,..,1,2
2010,8,Nou Barris,51,Verdun,173,8079,..,1,3
2010,8,Nou Barris,51,Verdun,173,8079,..,1,4
2010,8,Nou Barris,51,Verdun,173,8079,11,1,5
2010,8,Nou Barris,51,Verdun,173,8079,7,1,6
2010,8,Nou Barris,51,Verdun,173,8079,5,1,7
2010,8,Nou Barris,51,Verdun,173,8079,..,1,8
2010,8,Nou Barris,51,Verdun,173,8079,..,1,9
2010,8,Nou Barris,51,Verdun,173,8079,..,1,12
2010,8,Nou Barris,51,Verdun,173,8079,..,2,0
2010,8,Nou Barris,51,Verdun,173,8079,..,2,1
2010,8,Nou Barris,51,Verdun,173,8079,..,2,2
2010,8,Nou Barris,51,Verdun,173,8079,..,2,3
2010,8,Nou Barris,51,Verdun,173,8079,5,2,4
2010,8,Nou Barris,51,Verdun,173,8079,9,2,5
2010,8,Nou Barris,51,Verdun,173,8079,5,2,6
2010,8,Nou Barris,51,Verdun,173,8079,..,2,7
2010,8,Nou Barris,51,Verdun,173,8079,5,2,8
2010,8,Nou Barris,51,Verdun,173,8079,..,2,9
2010,8,Nou Barris,51,Verdun,173,8079,..,2,11
2010,8,Nou Barris,51,Verdun,173,8080,..,1,0
2010,8,Nou Barris,51,Verdun,173,8080,..,1,1
2010,8,Nou Barris,51,Verdun,173,8080,..,1,2
2010,8,Nou Barris,51,Verdun,173,8080,..,1,3
2010,8,Nou Barris,51,Verdun,173,8080,5,1,4
2010,8,Nou Barris,51,Verdun,173,8080,6,1,5
2010,8,Nou Barris,51,Verdun,173,8080,7,1,6
2010,8,Nou Barris,51,Verdun,173,8080,..,1,7
2010,8,Nou Barris,51,Verdun,173,8080,..,1,8
2010,8,Nou Barris,51,Verdun,173,8080,..,1,9
2010,8,Nou Barris,51,Verdun,173,8080,..,1,12
2010,8,Nou Barris,51,Verdun,173,8080,..,1,13
2010,8,Nou Barris,51,Verdun,173,8080,..,1,17
2010,8,Nou Barris,51,Verdun,173,8080,..,2,0
2010,8,Nou Barris,51,Verdun,173,8080,..,2,1
2010,8,Nou Barris,51,Verdun,173,8080,7,2,4
2010,8,Nou Barris,51,Verdun,173,8080,7,2,5
2010,8,Nou Barris,51,Verdun,173,8080,9,2,6
2010,8,Nou Barris,51,Verdun,173,8080,..,2,7
2010,8,Nou Barris,51,Verdun,173,8080,..,2,8
2010,8,Nou Barris,51,Verdun,173,8080,..,2,9
2010,8,Nou Barris,51,Verdun,173,8080,..,2,10
2010,8,Nou Barris,51,Verdun,173,8081,..,1,0
2010,8,Nou Barris,51,Verdun,173,8081,..,1,2
2010,8,Nou Barris,51,Verdun,173,8081,..,1,3
2010,8,Nou Barris,51,Verdun,173,8081,8,1,4
2010,8,Nou Barris,51,Verdun,173,8081,12,1,5
2010,8,Nou Barris,51,Verdun,173,8081,..,1,6
2010,8,Nou Barris,51,Verdun,173,8081,..,1,7
2010,8,Nou Barris,51,Verdun,173,8081,..,1,8
2010,8,Nou Barris,51,Verdun,173,8081,..,1,9
2010,8,Nou Barris,51,Verdun,173,8081,..,1,11
2010,8,Nou Barris,51,Verdun,173,8081,..,1,12
2010,8,Nou Barris,51,Verdun,173,8081,..,1,13
2010,8,Nou Barris,51,Verdun,173,8081,..,2,0
2010,8,Nou Barris,51,Verdun,173,8081,..,2,1
2010,8,Nou Barris,51,Verdun,173,8081,..,2,3
2010,8,Nou Barris,51,Verdun,173,8081,5,2,4
2010,8,Nou Barris,51,Verdun,173,8081,..,2,5
2010,8,Nou Barris,51,Verdun,173,8081,6,2,6
2010,8,Nou Barris,51,Verdun,173,8081,5,2,7
2010,8,Nou Barris,51,Verdun,173,8081,..,2,8
2010,8,Nou Barris,51,Verdun,173,8081,..,2,9
2010,8,Nou Barris,51,Verdun,173,8081,..,2,10
2010,8,Nou Barris,51,Verdun,173,8081,..,2,11
2010,8,Nou Barris,51,Verdun,173,8081,..,2,12
2010,8,Nou Barris,51,Verdun,173,8081,..,2,13
2010,8,Nou Barris,51,Verdun,173,8081,..,2,16
2010,8,Nou Barris,51,Verdun,173,8082,5,1,0
2010,8,Nou Barris,51,Verdun,173,8082,..,1,1
2010,8,Nou Barris,51,Verdun,173,8082,..,1,3
2010,8,Nou Barris,51,Verdun,173,8082,6,1,4
2010,8,Nou Barris,51,Verdun,173,8082,14,1,5
2010,8,Nou Barris,51,Verdun,173,8082,7,1,6
2010,8,Nou Barris,51,Verdun,173,8082,5,1,7
2010,8,Nou Barris,51,Verdun,173,8082,..,1,8
2010,8,Nou Barris,51,Verdun,173,8082,..,1,9
2010,8,Nou Barris,51,Verdun,173,8082,..,1,10
2010,8,Nou Barris,51,Verdun,173,8082,..,1,14
2010,8,Nou Barris,51,Verdun,173,8082,..,2,0
2010,8,Nou Barris,51,Verdun,173,8082,..,2,1
2010,8,Nou Barris,51,Verdun,173,8082,6,2,2
2010,8,Nou Barris,51,Verdun,173,8082,..,2,3
2010,8,Nou Barris,51,Verdun,173,8082,9,2,4
2010,8,Nou Barris,51,Verdun,173,8082,6,2,5
2010,8,Nou Barris,51,Verdun,173,8082,..,2,6
2010,8,Nou Barris,51,Verdun,173,8082,..,2,7
2010,8,Nou Barris,51,Verdun,173,8082,..,2,8
2010,8,Nou Barris,51,Verdun,173,8082,..,2,10
2010,8,Nou Barris,51,Verdun,173,8082,..,2,11
2010,8,Nou Barris,51,Verdun,173,8082,..,2,16
2010,8,Nou Barris,52,la Prosperitat,174,8083,..,1,0
2010,8,Nou Barris,52,la Prosperitat,174,8083,..,1,1
2010,8,Nou Barris,52,la Prosperitat,174,8083,..,1,2
2010,8,Nou Barris,52,la Prosperitat,174,8083,..,1,3
2010,8,Nou Barris,52,la Prosperitat,174,8083,..,1,4
2010,8,Nou Barris,52,la Prosperitat,174,8083,..,1,5
2010,8,Nou Barris,52,la Prosperitat,174,8083,..,1,6
2010,8,Nou Barris,52,la Prosperitat,174,8083,9,1,7
2010,8,Nou Barris,52,la Prosperitat,174,8083,..,1,8
2010,8,Nou Barris,52,la Prosperitat,174,8083,..,1,9
2010,8,Nou Barris,52,la Prosperitat,174,8083,..,1,10
2010,8,Nou Barris,52,la Prosperitat,174,8083,..,1,16
2010,8,Nou Barris,52,la Prosperitat,174,8083,..,2,0
2010,8,Nou Barris,52,la Prosperitat,174,8083,..,2,2
2010,8,Nou Barris,52,la Prosperitat,174,8083,6,2,3
2010,8,Nou Barris,52,la Prosperitat,174,8083,5,2,4
2010,8,Nou Barris,52,la Prosperitat,174,8083,8,2,5
2010,8,Nou Barris,52,la Prosperitat,174,8083,6,2,6
2010,8,Nou Barris,52,la Prosperitat,174,8083,6,2,7
2010,8,Nou Barris,52,la Prosperitat,174,8083,..,2,8
2010,8,Nou Barris,52,la Prosperitat,174,8083,..,2,10
2010,8,Nou Barris,52,la Prosperitat,174,8083,..,2,12
2010,8,Nou Barris,52,la Prosperitat,174,8083,..,2,14
2010,8,Nou Barris,52,la Prosperitat,174,8083,..,2,15
2010,8,Nou Barris,52,la Prosperitat,174,8083,..,2,16
2010,8,Nou Barris,52,la Prosperitat,174,8083,..,2,17
2010,8,Nou Barris,52,la Prosperitat,174,8084,5,1,4
2010,8,Nou Barris,52,la Prosperitat,174,8084,..,1,5
2010,8,Nou Barris,52,la Prosperitat,174,8084,..,1,8
2010,8,Nou Barris,52,la Prosperitat,174,8084,..,1,9
2010,8,Nou Barris,52,la Prosperitat,174,8084,..,1,10
2010,8,Nou Barris,52,la Prosperitat,174,8084,..,1,11
2010,8,Nou Barris,52,la Prosperitat,174,8084,..,1,13
2010,8,Nou Barris,52,la Prosperitat,174,8084,..,1,14
2010,8,Nou Barris,52,la Prosperitat,174,8084,..,2,0
2010,8,Nou Barris,52,la Prosperitat,174,8084,..,2,1
2010,8,Nou Barris,52,la Prosperitat,174,8084,..,2,2
2010,8,Nou Barris,52,la Prosperitat,174,8084,..,2,4
2010,8,Nou Barris,52,la Prosperitat,174,8084,..,2,5
2010,8,Nou Barris,52,la Prosperitat,174,8084,6,2,6
2010,8,Nou Barris,52,la Prosperitat,174,8084,..,2,7
2010,8,Nou Barris,52,la Prosperitat,174,8084,..,2,9
2010,8,Nou Barris,52,la Prosperitat,174,8084,..,2,10
2010,8,Nou Barris,52,la Prosperitat,174,8084,..,2,11
2010,8,Nou Barris,52,la Prosperitat,174,8084,..,2,13
2010,8,Nou Barris,52,la Prosperitat,174,8085,..,1,0
2010,8,Nou Barris,52,la Prosperitat,174,8085,..,1,1
2010,8,Nou Barris,52,la Prosperitat,174,8085,..,1,2
2010,8,Nou Barris,52,la Prosperitat,174,8085,..,1,3
2010,8,Nou Barris,52,la Prosperitat,174,8085,5,1,4
2010,8,Nou Barris,52,la Prosperitat,174,8085,6,1,5
2010,8,Nou Barris,52,la Prosperitat,174,8085,..,1,6
2010,8,Nou Barris,52,la Prosperitat,174,8085,..,1,7
2010,8,Nou Barris,52,la Prosperitat,174,8085,..,1,8
2010,8,Nou Barris,52,la Prosperitat,174,8085,..,1,9
2010,8,Nou Barris,52,la Prosperitat,174,8085,..,1,11
2010,8,Nou Barris,52,la Prosperitat,174,8085,..,1,12
2010,8,Nou Barris,52,la Prosperitat,174,8085,..,2,0
2010,8,Nou Barris,52,la Prosperitat,174,8085,..,2,1
2010,8,Nou Barris,52,la Prosperitat,174,8085,..,2,2
2010,8,Nou Barris,52,la Prosperitat,174,8085,5,2,3
2010,8,Nou Barris,52,la Prosperitat,174,8085,..,2,4
2010,8,Nou Barris,52,la Prosperitat,174,8085,5,2,5
2010,8,Nou Barris,52,la Prosperitat,174,8085,8,2,6
2010,8,Nou Barris,52,la Prosperitat,174,8085,..,2,7
2010,8,Nou Barris,52,la Prosperitat,174,8085,..,2,8
2010,8,Nou Barris,52,la Prosperitat,174,8085,..,2,9
2010,8,Nou Barris,52,la Prosperitat,174,8085,..,2,10
2010,8,Nou Barris,52,la Prosperitat,174,8085,..,2,11
2010,8,Nou Barris,52,la Prosperitat,174,8085,..,2,13
2010,8,Nou Barris,52,la Prosperitat,174,8085,..,2,18
2010,8,Nou Barris,52,la Prosperitat,174,8086,..,1,0
2010,8,Nou Barris,52,la Prosperitat,174,8086,..,1,1
2010,8,Nou Barris,52,la Prosperitat,174,8086,..,1,2
2010,8,Nou Barris,52,la Prosperitat,174,8086,..,1,3
2010,8,Nou Barris,52,la Prosperitat,174,8086,..,1,4
2010,8,Nou Barris,52,la Prosperitat,174,8086,9,1,5
2010,8,Nou Barris,52,la Prosperitat,174,8086,..,1,6
2010,8,Nou Barris,52,la Prosperitat,174,8086,..,1,7
2010,8,Nou Barris,52,la Prosperitat,174,8086,..,1,8
2010,8,Nou Barris,52,la Prosperitat,174,8086,..,1,9
2010,8,Nou Barris,52,la Prosperitat,174,8086,..,1,10
2010,8,Nou Barris,52,la Prosperitat,174,8086,..,1,11
2010,8,Nou Barris,52,la Prosperitat,174,8086,..,2,0
2010,8,Nou Barris,52,la Prosperitat,174,8086,..,2,1
2010,8,Nou Barris,52,la Prosperitat,174,8086,7,2,4
2010,8,Nou Barris,52,la Prosperitat,174,8086,6,2,5
2010,8,Nou Barris,52,la Prosperitat,174,8086,11,2,6
2010,8,Nou Barris,52,la Prosperitat,174,8086,5,2,7
2010,8,Nou Barris,52,la Prosperitat,174,8086,..,2,8
2010,8,Nou Barris,52,la Prosperitat,174,8086,..,2,9
2010,8,Nou Barris,52,la Prosperitat,174,8086,..,2,10
2010,8,Nou Barris,52,la Prosperitat,174,8086,..,2,11
2010,8,Nou Barris,52,la Prosperitat,174,8086,..,2,13
2010,8,Nou Barris,52,la Prosperitat,175,8087,..,1,0
2010,8,Nou Barris,52,la Prosperitat,175,8087,..,1,2
2010,8,Nou Barris,52,la Prosperitat,175,8087,..,1,5
2010,8,Nou Barris,52,la Prosperitat,175,8087,..,1,6
2010,8,Nou Barris,52,la Prosperitat,175,8087,..,1,7
2010,8,Nou Barris,52,la Prosperitat,175,8087,..,1,11
2010,8,Nou Barris,52,la Prosperitat,175,8087,..,1,12
2010,8,Nou Barris,52,la Prosperitat,175,8087,..,1,14
2010,8,Nou Barris,52,la Prosperitat,175,8087,..,1,15
2010,8,Nou Barris,52,la Prosperitat,175,8087,..,1,16
2010,8,Nou Barris,52,la Prosperitat,175,8087,..,1,17
2010,8,Nou Barris,52,la Prosperitat,175,8087,..,2,3
2010,8,Nou Barris,52,la Prosperitat,175,8087,..,2,4
2010,8,Nou Barris,52,la Prosperitat,175,8087,..,2,5
2010,8,Nou Barris,52,la Prosperitat,175,8087,6,2,6
2010,8,Nou Barris,52,la Prosperitat,175,8087,..,2,7
2010,8,Nou Barris,52,la Prosperitat,175,8087,..,2,8
2010,8,Nou Barris,52,la Prosperitat,175,8087,..,2,9
2010,8,Nou Barris,52,la Prosperitat,175,8087,..,2,10
2010,8,Nou Barris,52,la Prosperitat,175,8087,..,2,12
2010,8,Nou Barris,52,la Prosperitat,175,8087,..,2,15
2010,8,Nou Barris,52,la Prosperitat,175,8087,..,2,16
2010,8,Nou Barris,52,la Prosperitat,175,8088,..,1,0
2010,8,Nou Barris,52,la Prosperitat,175,8088,..,1,1
2010,8,Nou Barris,52,la Prosperitat,175,8088,..,1,3
2010,8,Nou Barris,52,la Prosperitat,175,8088,..,1,4
2010,8,Nou Barris,52,la Prosperitat,175,8088,..,1,5
2010,8,Nou Barris,52,la Prosperitat,175,8088,..,1,6
2010,8,Nou Barris,52,la Prosperitat,175,8088,..,1,7
2010,8,Nou Barris,52,la Prosperitat,175,8088,..,1,9
2010,8,Nou Barris,52,la Prosperitat,175,8088,..,1,12
2010,8,Nou Barris,52,la Prosperitat,175,8088,..,1,16
2010,8,Nou Barris,52,la Prosperitat,175,8088,..,2,0
2010,8,Nou Barris,52,la Prosperitat,175,8088,..,2,3
2010,8,Nou Barris,52,la Prosperitat,175,8088,..,2,4
2010,8,Nou Barris,52,la Prosperitat,175,8088,7,2,5
2010,8,Nou Barris,52,la Prosperitat,175,8088,7,2,6
2010,8,Nou Barris,52,la Prosperitat,175,8088,..,2,7
2010,8,Nou Barris,52,la Prosperitat,175,8088,..,2,11
2010,8,Nou Barris,52,la Prosperitat,175,8088,..,2,13
2010,8,Nou Barris,52,la Prosperitat,175,8089,..,1,0
2010,8,Nou Barris,52,la Prosperitat,175,8089,..,1,2
2010,8,Nou Barris,52,la Prosperitat,175,8089,..,1,3
2010,8,Nou Barris,52,la Prosperitat,175,8089,..,1,4
2010,8,Nou Barris,52,la Prosperitat,175,8089,..,1,5
2010,8,Nou Barris,52,la Prosperitat,175,8089,..,1,6
2010,8,Nou Barris,52,la Prosperitat,175,8089,..,1,7
2010,8,Nou Barris,52,la Prosperitat,175,8089,..,1,8
2010,8,Nou Barris,52,la Prosperitat,175,8089,..,1,9
2010,8,Nou Barris,52,la Prosperitat,175,8089,..,1,10
2010,8,Nou Barris,52,la Prosperitat,175,8089,..,1,11
2010,8,Nou Barris,52,la Prosperitat,175,8089,..,2,0
2010,8,Nou Barris,52,la Prosperitat,175,8089,..,2,1
2010,8,Nou Barris,52,la Prosperitat,175,8089,..,2,2
2010,8,Nou Barris,52,la Prosperitat,175,8089,..,2,4
2010,8,Nou Barris,52,la Prosperitat,175,8089,8,2,5
2010,8,Nou Barris,52,la Prosperitat,175,8089,6,2,6
2010,8,Nou Barris,52,la Prosperitat,175,8089,..,2,7
2010,8,Nou Barris,52,la Prosperitat,175,8089,..,2,9
2010,8,Nou Barris,52,la Prosperitat,175,8089,..,2,11
2010,8,Nou Barris,52,la Prosperitat,175,8089,..,2,13
2010,8,Nou Barris,52,la Prosperitat,175,8090,..,1,0
2010,8,Nou Barris,52,la Prosperitat,175,8090,6,1,4
2010,8,Nou Barris,52,la Prosperitat,175,8090,6,1,5
2010,8,Nou Barris,52,la Prosperitat,175,8090,..,1,6
2010,8,Nou Barris,52,la Prosperitat,175,8090,..,1,7
2010,8,Nou Barris,52,la Prosperitat,175,8090,..,1,10
2010,8,Nou Barris,52,la Prosperitat,175,8090,..,1,12
2010,8,Nou Barris,52,la Prosperitat,175,8090,..,1,14
2010,8,Nou Barris,52,la Prosperitat,175,8090,..,2,3
2010,8,Nou Barris,52,la Prosperitat,175,8090,..,2,4
2010,8,Nou Barris,52,la Prosperitat,175,8090,8,2,5
2010,8,Nou Barris,52,la Prosperitat,175,8090,..,2,6
2010,8,Nou Barris,52,la Prosperitat,175,8090,..,2,7
2010,8,Nou Barris,52,la Prosperitat,175,8090,..,2,8
2010,8,Nou Barris,52,la Prosperitat,175,8090,..,2,9
2010,8,Nou Barris,52,la Prosperitat,175,8090,..,2,11
2010,8,Nou Barris,52,la Prosperitat,175,8090,..,2,13
2010,8,Nou Barris,52,la Prosperitat,175,8091,..,1,0
2010,8,Nou Barris,52,la Prosperitat,175,8091,..,1,2
2010,8,Nou Barris,52,la Prosperitat,175,8091,..,1,3
2010,8,Nou Barris,52,la Prosperitat,175,8091,..,1,4
2010,8,Nou Barris,52,la Prosperitat,175,8091,..,1,5
2010,8,Nou Barris,52,la Prosperitat,175,8091,..,1,8
2010,8,Nou Barris,52,la Prosperitat,175,8091,..,1,17
2010,8,Nou Barris,52,la Prosperitat,175,8091,..,2,0
2010,8,Nou Barris,52,la Prosperitat,175,8091,..,2,4
2010,8,Nou Barris,52,la Prosperitat,175,8091,5,2,5
2010,8,Nou Barris,52,la Prosperitat,175,8091,..,2,6
2010,8,Nou Barris,52,la Prosperitat,175,8091,..,2,7
2010,8,Nou Barris,52,la Prosperitat,175,8091,..,2,8
2010,8,Nou Barris,52,la Prosperitat,175,8091,..,2,9
2010,8,Nou Barris,52,la Prosperitat,175,8091,..,2,10
2010,8,Nou Barris,52,la Prosperitat,175,8091,..,2,17
2010,8,Nou Barris,52,la Prosperitat,176,8092,..,1,0
2010,8,Nou Barris,52,la Prosperitat,176,8092,..,1,3
2010,8,Nou Barris,52,la Prosperitat,176,8092,..,1,4
2010,8,Nou Barris,52,la Prosperitat,176,8092,..,1,5
2010,8,Nou Barris,52,la Prosperitat,176,8092,6,1,6
2010,8,Nou Barris,52,la Prosperitat,176,8092,..,1,7
2010,8,Nou Barris,52,la Prosperitat,176,8092,..,1,10
2010,8,Nou Barris,52,la Prosperitat,176,8092,..,1,11
2010,8,Nou Barris,52,la Prosperitat,176,8092,..,1,13
2010,8,Nou Barris,52,la Prosperitat,176,8092,..,1,15
2010,8,Nou Barris,52,la Prosperitat,176,8092,..,2,0
2010,8,Nou Barris,52,la Prosperitat,176,8092,..,2,1
2010,8,Nou Barris,52,la Prosperitat,176,8092,..,2,2
2010,8,Nou Barris,52,la Prosperitat,176,8092,..,2,3
2010,8,Nou Barris,52,la Prosperitat,176,8092,..,2,4
2010,8,Nou Barris,52,la Prosperitat,176,8092,..,2,5
2010,8,Nou Barris,52,la Prosperitat,176,8092,..,2,6
2010,8,Nou Barris,52,la Prosperitat,176,8092,..,2,7
2010,8,Nou Barris,52,la Prosperitat,176,8092,..,2,8
2010,8,Nou Barris,52,la Prosperitat,176,8093,..,1,1
2010,8,Nou Barris,52,la Prosperitat,176,8093,8,1,4
2010,8,Nou Barris,52,la Prosperitat,176,8093,..,1,5
2010,8,Nou Barris,52,la Prosperitat,176,8093,..,1,6
2010,8,Nou Barris,52,la Prosperitat,176,8093,..,1,7
2010,8,Nou Barris,52,la Prosperitat,176,8093,..,1,8
2010,8,Nou Barris,52,la Prosperitat,176,8093,..,1,9
2010,8,Nou Barris,52,la Prosperitat,176,8093,..,1,10
2010,8,Nou Barris,52,la Prosperitat,176,8093,..,1,14
2010,8,Nou Barris,52,la Prosperitat,176,8093,..,2,0
2010,8,Nou Barris,52,la Prosperitat,176,8093,..,2,1
2010,8,Nou Barris,52,la Prosperitat,176,8093,..,2,2
2010,8,Nou Barris,52,la Prosperitat,176,8093,..,2,3
2010,8,Nou Barris,52,la Prosperitat,176,8093,..,2,5
2010,8,Nou Barris,52,la Prosperitat,176,8093,7,2,6
2010,8,Nou Barris,52,la Prosperitat,176,8093,..,2,7
2010,8,Nou Barris,52,la Prosperitat,176,8093,..,2,8
2010,8,Nou Barris,52,la Prosperitat,176,8093,..,2,9
2010,8,Nou Barris,52,la Prosperitat,176,8093,..,2,12
2010,8,Nou Barris,52,la Prosperitat,176,8093,..,2,14
2010,8,Nou Barris,52,la Prosperitat,176,8094,..,1,0
2010,8,Nou Barris,52,la Prosperitat,176,8094,..,1,2
2010,8,Nou Barris,52,la Prosperitat,176,8094,..,1,3
2010,8,Nou Barris,52,la Prosperitat,176,8094,..,1,4
2010,8,Nou Barris,52,la Prosperitat,176,8094,..,1,5
2010,8,Nou Barris,52,la Prosperitat,176,8094,..,1,6
2010,8,Nou Barris,52,la Prosperitat,176,8094,5,1,8
2010,8,Nou Barris,52,la Prosperitat,176,8094,..,1,9
2010,8,Nou Barris,52,la Prosperitat,176,8094,..,1,10
2010,8,Nou Barris,52,la Prosperitat,176,8094,..,1,12
2010,8,Nou Barris,52,la Prosperitat,176,8094,..,1,15
2010,8,Nou Barris,52,la Prosperitat,176,8094,..,1,17
2010,8,Nou Barris,52,la Prosperitat,176,8094,..,2,3
2010,8,Nou Barris,52,la Prosperitat,176,8094,7,2,4
2010,8,Nou Barris,52,la Prosperitat,176,8094,6,2,5
2010,8,Nou Barris,52,la Prosperitat,176,8094,..,2,6
2010,8,Nou Barris,52,la Prosperitat,176,8094,..,2,7
2010,8,Nou Barris,52,la Prosperitat,176,8094,..,2,8
2010,8,Nou Barris,52,la Prosperitat,176,8094,..,2,9
2010,8,Nou Barris,52,la Prosperitat,176,8094,..,2,10
2010,8,Nou Barris,52,la Prosperitat,176,8094,..,2,12
2010,8,Nou Barris,52,la Prosperitat,176,8094,..,2,13
2010,8,Nou Barris,52,la Prosperitat,176,8094,..,2,16
2010,8,Nou Barris,52,la Prosperitat,176,8095,..,1,4
2010,8,Nou Barris,52,la Prosperitat,176,8095,..,1,9
2010,8,Nou Barris,52,la Prosperitat,176,8095,..,1,13
2010,8,Nou Barris,52,la Prosperitat,176,8095,..,1,17
2010,8,Nou Barris,52,la Prosperitat,176,8095,..,2,5
2010,8,Nou Barris,52,la Prosperitat,176,8095,..,2,7
2010,8,Nou Barris,52,la Prosperitat,176,8095,..,2,11
2010,8,Nou Barris,52,la Prosperitat,177,8096,..,1,0
2010,8,Nou Barris,52,la Prosperitat,177,8096,..,1,1
2010,8,Nou Barris,52,la Prosperitat,177,8096,..,1,2
2010,8,Nou Barris,52,la Prosperitat,177,8096,..,1,4
2010,8,Nou Barris,52,la Prosperitat,177,8096,..,1,5
2010,8,Nou Barris,52,la Prosperitat,177,8096,6,1,7
2010,8,Nou Barris,52,la Prosperitat,177,8096,..,1,8
2010,8,Nou Barris,52,la Prosperitat,177,8096,..,1,9
2010,8,Nou Barris,52,la Prosperitat,177,8096,..,1,12
2010,8,Nou Barris,52,la Prosperitat,177,8096,..,2,0
2010,8,Nou Barris,52,la Prosperitat,177,8096,..,2,1
2010,8,Nou Barris,52,la Prosperitat,177,8096,..,2,2
2010,8,Nou Barris,52,la Prosperitat,177,8096,..,2,4
2010,8,Nou Barris,52,la Prosperitat,177,8096,..,2,5
2010,8,Nou Barris,52,la Prosperitat,177,8096,..,2,6
2010,8,Nou Barris,52,la Prosperitat,177,8096,..,2,7
2010,8,Nou Barris,52,la Prosperitat,177,8096,..,2,8
2010,8,Nou Barris,52,la Prosperitat,177,8096,..,2,9
2010,8,Nou Barris,52,la Prosperitat,177,8096,..,2,10
2010,8,Nou Barris,52,la Prosperitat,177,8096,..,2,11
2010,8,Nou Barris,52,la Prosperitat,177,8096,..,2,12
2010,8,Nou Barris,52,la Prosperitat,177,8096,..,2,15
2010,8,Nou Barris,52,la Prosperitat,177,8097,..,1,0
2010,8,Nou Barris,52,la Prosperitat,177,8097,..,1,1
2010,8,Nou Barris,52,la Prosperitat,177,8097,..,1,2
2010,8,Nou Barris,52,la Prosperitat,177,8097,..,1,3
2010,8,Nou Barris,52,la Prosperitat,177,8097,..,1,4
2010,8,Nou Barris,52,la Prosperitat,177,8097,..,1,5
2010,8,Nou Barris,52,la Prosperitat,177,8097,7,1,6
2010,8,Nou Barris,52,la Prosperitat,177,8097,..,1,7
2010,8,Nou Barris,52,la Prosperitat,177,8097,..,1,8
2010,8,Nou Barris,52,la Prosperitat,177,8097,..,1,9
2010,8,Nou Barris,52,la Prosperitat,177,8097,..,1,10
2010,8,Nou Barris,52,la Prosperitat,177,8097,..,2,0
2010,8,Nou Barris,52,la Prosperitat,177,8097,..,2,1
2010,8,Nou Barris,52,la Prosperitat,177,8097,..,2,2
2010,8,Nou Barris,52,la Prosperitat,177,8097,..,2,3
2010,8,Nou Barris,52,la Prosperitat,177,8097,..,2,4
2010,8,Nou Barris,52,la Prosperitat,177,8097,..,2,5
2010,8,Nou Barris,52,la Prosperitat,177,8097,5,2,6
2010,8,Nou Barris,52,la Prosperitat,177,8097,..,2,7
2010,8,Nou Barris,52,la Prosperitat,177,8097,..,2,8
2010,8,Nou Barris,52,la Prosperitat,177,8097,..,2,9
2010,8,Nou Barris,52,la Prosperitat,177,8097,..,2,10
2010,8,Nou Barris,52,la Prosperitat,177,8098,..,1,1
2010,8,Nou Barris,52,la Prosperitat,177,8098,..,1,2
2010,8,Nou Barris,52,la Prosperitat,177,8098,..,1,4
2010,8,Nou Barris,52,la Prosperitat,177,8098,..,1,5
2010,8,Nou Barris,52,la Prosperitat,177,8098,..,1,6
2010,8,Nou Barris,52,la Prosperitat,177,8098,..,1,7
2010,8,Nou Barris,52,la Prosperitat,177,8098,..,1,8
2010,8,Nou Barris,52,la Prosperitat,177,8098,..,1,9
2010,8,Nou Barris,52,la Prosperitat,177,8098,..,1,10
2010,8,Nou Barris,52,la Prosperitat,177,8098,..,1,11
2010,8,Nou Barris,52,la Prosperitat,177,8098,..,1,12
2010,8,Nou Barris,52,la Prosperitat,177,8098,..,1,16
2010,8,Nou Barris,52,la Prosperitat,177,8098,..,2,1
2010,8,Nou Barris,52,la Prosperitat,177,8098,..,2,3
2010,8,Nou Barris,52,la Prosperitat,177,8098,..,2,5
2010,8,Nou Barris,52,la Prosperitat,177,8098,..,2,6
2010,8,Nou Barris,52,la Prosperitat,177,8098,..,2,7
2010,8,Nou Barris,52,la Prosperitat,177,8098,..,2,8
2010,8,Nou Barris,52,la Prosperitat,177,8098,..,2,9
2010,8,Nou Barris,52,la Prosperitat,177,8098,..,2,10
2010,8,Nou Barris,52,la Prosperitat,177,8098,..,2,11
2010,8,Nou Barris,52,la Prosperitat,177,8099,..,1,3
2010,8,Nou Barris,52,la Prosperitat,177,8099,..,1,4
2010,8,Nou Barris,52,la Prosperitat,177,8099,7,1,5
2010,8,Nou Barris,52,la Prosperitat,177,8099,..,1,6
2010,8,Nou Barris,52,la Prosperitat,177,8099,..,1,7
2010,8,Nou Barris,52,la Prosperitat,177,8099,..,1,8
2010,8,Nou Barris,52,la Prosperitat,177,8099,..,1,15
2010,8,Nou Barris,52,la Prosperitat,177,8099,..,2,0
2010,8,Nou Barris,52,la Prosperitat,177,8099,..,2,4
2010,8,Nou Barris,52,la Prosperitat,177,8099,6,2,5
2010,8,Nou Barris,52,la Prosperitat,177,8099,..,2,6
2010,8,Nou Barris,52,la Prosperitat,177,8099,..,2,7
2010,8,Nou Barris,52,la Prosperitat,177,8099,..,2,8
2010,8,Nou Barris,52,la Prosperitat,177,8099,..,2,9
2010,8,Nou Barris,52,la Prosperitat,177,8099,..,2,14
2010,8,Nou Barris,52,la Prosperitat,177,8099,..,2,16
2010,8,Nou Barris,52,la Prosperitat,177,8100,..,1,0
2010,8,Nou Barris,52,la Prosperitat,177,8100,..,1,1
2010,8,Nou Barris,52,la Prosperitat,177,8100,..,1,2
2010,8,Nou Barris,52,la Prosperitat,177,8100,5,1,4
2010,8,Nou Barris,52,la Prosperitat,177,8100,..,1,5
2010,8,Nou Barris,52,la Prosperitat,177,8100,6,1,6
2010,8,Nou Barris,52,la Prosperitat,177,8100,..,1,7
2010,8,Nou Barris,52,la Prosperitat,177,8100,..,1,8
2010,8,Nou Barris,52,la Prosperitat,177,8100,..,1,9
2010,8,Nou Barris,52,la Prosperitat,177,8100,..,1,12
2010,8,Nou Barris,52,la Prosperitat,177,8100,..,1,16
2010,8,Nou Barris,52,la Prosperitat,177,8100,..,2,0
2010,8,Nou Barris,52,la Prosperitat,177,8100,..,2,1
2010,8,Nou Barris,52,la Prosperitat,177,8100,..,2,2
2010,8,Nou Barris,52,la Prosperitat,177,8100,..,2,3
2010,8,Nou Barris,52,la Prosperitat,177,8100,..,2,4
2010,8,Nou Barris,52,la Prosperitat,177,8100,..,2,5
2010,8,Nou Barris,52,la Prosperitat,177,8100,10,2,6
2010,8,Nou Barris,52,la Prosperitat,177,8100,5,2,7
2010,8,Nou Barris,52,la Prosperitat,177,8100,..,2,8
2010,8,Nou Barris,52,la Prosperitat,177,8100,..,2,9
2010,8,Nou Barris,52,la Prosperitat,177,8100,..,2,13
2010,8,Nou Barris,52,la Prosperitat,177,8100,..,2,16
2010,8,Nou Barris,52,la Prosperitat,177,8101,..,1,0
2010,8,Nou Barris,52,la Prosperitat,177,8101,8,1,5
2010,8,Nou Barris,52,la Prosperitat,177,8101,8,1,6
2010,8,Nou Barris,52,la Prosperitat,177,8101,..,1,7
2010,8,Nou Barris,52,la Prosperitat,177,8101,..,1,8
2010,8,Nou Barris,52,la Prosperitat,177,8101,..,1,14
2010,8,Nou Barris,52,la Prosperitat,177,8101,..,1,15
2010,8,Nou Barris,52,la Prosperitat,177,8101,..,1,16
2010,8,Nou Barris,52,la Prosperitat,177,8101,..,1,17
2010,8,Nou Barris,52,la Prosperitat,177,8101,..,2,0
2010,8,Nou Barris,52,la Prosperitat,177,8101,..,2,2
2010,8,Nou Barris,52,la Prosperitat,177,8101,..,2,3
2010,8,Nou Barris,52,la Prosperitat,177,8101,..,2,4
2010,8,Nou Barris,52,la Prosperitat,177,8101,..,2,5
2010,8,Nou Barris,52,la Prosperitat,177,8101,5,2,6
2010,8,Nou Barris,52,la Prosperitat,177,8101,..,2,8
2010,8,Nou Barris,52,la Prosperitat,177,8101,..,2,9
2010,8,Nou Barris,52,la Prosperitat,177,8101,..,2,10
2010,8,Nou Barris,52,la Prosperitat,177,8101,..,2,11
2010,8,Nou Barris,52,la Prosperitat,177,8102,..,1,1
2010,8,Nou Barris,52,la Prosperitat,177,8102,..,1,2
2010,8,Nou Barris,52,la Prosperitat,177,8102,..,1,3
2010,8,Nou Barris,52,la Prosperitat,177,8102,6,1,4
2010,8,Nou Barris,52,la Prosperitat,177,8102,..,1,5
2010,8,Nou Barris,52,la Prosperitat,177,8102,..,1,6
2010,8,Nou Barris,52,la Prosperitat,177,8102,..,1,7
2010,8,Nou Barris,52,la Prosperitat,177,8102,..,1,8
2010,8,Nou Barris,52,la Prosperitat,177,8102,..,1,9
2010,8,Nou Barris,52,la Prosperitat,177,8102,..,1,10
2010,8,Nou Barris,52,la Prosperitat,177,8102,..,1,13
2010,8,Nou Barris,52,la Prosperitat,177,8102,..,1,14
2010,8,Nou Barris,52,la Prosperitat,177,8102,..,1,15
2010,8,Nou Barris,52,la Prosperitat,177,8102,..,2,0
2010,8,Nou Barris,52,la Prosperitat,177,8102,..,2,2
2010,8,Nou Barris,52,la Prosperitat,177,8102,..,2,4
2010,8,Nou Barris,52,la Prosperitat,177,8102,5,2,5
2010,8,Nou Barris,52,la Prosperitat,177,8102,7,2,6
2010,8,Nou Barris,52,la Prosperitat,177,8102,..,2,7
2010,8,Nou Barris,52,la Prosperitat,177,8102,..,2,8
2010,8,Nou Barris,52,la Prosperitat,177,8102,..,2,9
2010,8,Nou Barris,53,la Trinitat Nova,178,8103,6,1,0
2010,8,Nou Barris,53,la Trinitat Nova,178,8103,5,1,1
2010,8,Nou Barris,53,la Trinitat Nova,178,8103,..,1,2
2010,8,Nou Barris,53,la Trinitat Nova,178,8103,6,1,3
2010,8,Nou Barris,53,la Trinitat Nova,178,8103,9,1,4
2010,8,Nou Barris,53,la Trinitat Nova,178,8103,10,1,5
2010,8,Nou Barris,53,la Trinitat Nova,178,8103,7,1,6
2010,8,Nou Barris,53,la Trinitat Nova,178,8103,8,1,7
2010,8,Nou Barris,53,la Trinitat Nova,178,8103,5,1,8
2010,8,Nou Barris,53,la Trinitat Nova,178,8103,..,1,9
2010,8,Nou Barris,53,la Trinitat Nova,178,8103,..,1,10
2010,8,Nou Barris,53,la Trinitat Nova,178,8103,..,1,11
2010,8,Nou Barris,53,la Trinitat Nova,178,8103,..,2,0
2010,8,Nou Barris,53,la Trinitat Nova,178,8103,5,2,1
2010,8,Nou Barris,53,la Trinitat Nova,178,8103,6,2,2
2010,8,Nou Barris,53,la Trinitat Nova,178,8103,8,2,3
2010,8,Nou Barris,53,la Trinitat Nova,178,8103,10,2,4
2010,8,Nou Barris,53,la Trinitat Nova,178,8103,7,2,5
2010,8,Nou Barris,53,la Trinitat Nova,178,8103,7,2,6
2010,8,Nou Barris,53,la Trinitat Nova,178,8103,6,2,7
2010,8,Nou Barris,53,la Trinitat Nova,178,8103,7,2,8
2010,8,Nou Barris,53,la Trinitat Nova,178,8103,..,2,9
2010,8,Nou Barris,53,la Trinitat Nova,178,8103,..,2,10
2010,8,Nou Barris,53,la Trinitat Nova,178,8103,..,2,11
2010,8,Nou Barris,53,la Trinitat Nova,178,8103,..,2,15
2010,8,Nou Barris,53,la Trinitat Nova,178,8104,..,1,0
2010,8,Nou Barris,53,la Trinitat Nova,178,8104,..,1,1
2010,8,Nou Barris,53,la Trinitat Nova,178,8104,..,1,2
2010,8,Nou Barris,53,la Trinitat Nova,178,8104,..,1,3
2010,8,Nou Barris,53,la Trinitat Nova,178,8104,5,1,4
2010,8,Nou Barris,53,la Trinitat Nova,178,8104,..,1,5
2010,8,Nou Barris,53,la Trinitat Nova,178,8104,5,1,6
2010,8,Nou Barris,53,la Trinitat Nova,178,8104,..,1,7
2010,8,Nou Barris,53,la Trinitat Nova,178,8104,..,1,8
2010,8,Nou Barris,53,la Trinitat Nova,178,8104,..,1,9
2010,8,Nou Barris,53,la Trinitat Nova,178,8104,..,1,10
2010,8,Nou Barris,53,la Trinitat Nova,178,8104,..,1,11
2010,8,Nou Barris,53,la Trinitat Nova,178,8104,..,1,12
2010,8,Nou Barris,53,la Trinitat Nova,178,8104,..,1,14
2010,8,Nou Barris,53,la Trinitat Nova,178,8104,..,2,0
2010,8,Nou Barris,53,la Trinitat Nova,178,8104,..,2,1
2010,8,Nou Barris,53,la Trinitat Nova,178,8104,..,2,2
2010,8,Nou Barris,53,la Trinitat Nova,178,8104,..,2,3
2010,8,Nou Barris,53,la Trinitat Nova,178,8104,6,2,4
2010,8,Nou Barris,53,la Trinitat Nova,178,8104,..,2,5
2010,8,Nou Barris,53,la Trinitat Nova,178,8104,7,2,6
2010,8,Nou Barris,53,la Trinitat Nova,178,8104,..,2,7
2010,8,Nou Barris,53,la Trinitat Nova,178,8104,..,2,8
2010,8,Nou Barris,53,la Trinitat Nova,178,8104,5,2,9
2010,8,Nou Barris,53,la Trinitat Nova,178,8104,..,2,14
2010,8,Nou Barris,53,la Trinitat Nova,178,8104,..,2,19
2010,8,Nou Barris,53,la Trinitat Nova,178,8105,..,1,0
2010,8,Nou Barris,53,la Trinitat Nova,178,8105,..,1,1
2010,8,Nou Barris,53,la Trinitat Nova,178,8105,..,1,2
2010,8,Nou Barris,53,la Trinitat Nova,178,8105,..,1,3
2010,8,Nou Barris,53,la Trinitat Nova,178,8105,5,1,4
2010,8,Nou Barris,53,la Trinitat Nova,178,8105,5,1,5
2010,8,Nou Barris,53,la Trinitat Nova,178,8105,..,1,6
2010,8,Nou Barris,53,la Trinitat Nova,178,8105,..,1,7
2010,8,Nou Barris,53,la Trinitat Nova,178,8105,..,1,8
2010,8,Nou Barris,53,la Trinitat Nova,178,8105,..,1,9
2010,8,Nou Barris,53,la Trinitat Nova,178,8105,..,1,10
2010,8,Nou Barris,53,la Trinitat Nova,178,8105,..,1,14
2010,8,Nou Barris,53,la Trinitat Nova,178,8105,..,2,0
2010,8,Nou Barris,53,la Trinitat Nova,178,8105,..,2,1
2010,8,Nou Barris,53,la Trinitat Nova,178,8105,..,2,2
2010,8,Nou Barris,53,la Trinitat Nova,178,8105,..,2,3
2010,8,Nou Barris,53,la Trinitat Nova,178,8105,..,2,4
2010,8,Nou Barris,53,la Trinitat Nova,178,8105,6,2,5
2010,8,Nou Barris,53,la Trinitat Nova,178,8105,6,2,6
2010,8,Nou Barris,53,la Trinitat Nova,178,8105,7,2,7
2010,8,Nou Barris,53,la Trinitat Nova,178,8105,5,2,8
2010,8,Nou Barris,53,la Trinitat Nova,178,8106,..,1,0
2010,8,Nou Barris,53,la Trinitat Nova,178,8106,..,1,1
2010,8,Nou Barris,53,la Trinitat Nova,178,8106,..,1,2
2010,8,Nou Barris,53,la Trinitat Nova,178,8106,..,1,3
2010,8,Nou Barris,53,la Trinitat Nova,178,8106,..,1,4
2010,8,Nou Barris,53,la Trinitat Nova,178,8106,7,1,5
2010,8,Nou Barris,53,la Trinitat Nova,178,8106,..,1,6
2010,8,Nou Barris,53,la Trinitat Nova,178,8106,..,1,7
2010,8,Nou Barris,53,la Trinitat Nova,178,8106,..,1,8
2010,8,Nou Barris,53,la Trinitat Nova,178,8106,..,1,9
2010,8,Nou Barris,53,la Trinitat Nova,178,8106,..,1,10
2010,8,Nou Barris,53,la Trinitat Nova,178,8106,7,2,0
2010,8,Nou Barris,53,la Trinitat Nova,178,8106,..,2,1
2010,8,Nou Barris,53,la Trinitat Nova,178,8106,..,2,2
2010,8,Nou Barris,53,la Trinitat Nova,178,8106,..,2,4
2010,8,Nou Barris,53,la Trinitat Nova,178,8106,7,2,5
2010,8,Nou Barris,53,la Trinitat Nova,178,8106,6,2,6
2010,8,Nou Barris,53,la Trinitat Nova,178,8106,..,2,7
2010,8,Nou Barris,53,la Trinitat Nova,178,8106,6,2,8
2010,8,Nou Barris,53,la Trinitat Nova,178,8106,..,2,9
2010,8,Nou Barris,53,la Trinitat Nova,178,8106,..,2,10
2010,8,Nou Barris,53,la Trinitat Nova,178,8106,..,2,11
2010,8,Nou Barris,53,la Trinitat Nova,178,8107,6,1,0
2010,8,Nou Barris,53,la Trinitat Nova,178,8107,..,1,1
2010,8,Nou Barris,53,la Trinitat Nova,178,8107,6,1,4
2010,8,Nou Barris,53,la Trinitat Nova,178,8107,7,1,5
2010,8,Nou Barris,53,la Trinitat Nova,178,8107,..,1,6
2010,8,Nou Barris,53,la Trinitat Nova,178,8107,..,1,7
2010,8,Nou Barris,53,la Trinitat Nova,178,8107,..,1,8
2010,8,Nou Barris,53,la Trinitat Nova,178,8107,..,1,9
2010,8,Nou Barris,53,la Trinitat Nova,178,8107,..,1,10
2010,8,Nou Barris,53,la Trinitat Nova,178,8107,..,1,17
2010,8,Nou Barris,53,la Trinitat Nova,178,8107,6,2,0
2010,8,Nou Barris,53,la Trinitat Nova,178,8107,..,2,1
2010,8,Nou Barris,53,la Trinitat Nova,178,8107,..,2,2
2010,8,Nou Barris,53,la Trinitat Nova,178,8107,..,2,4
2010,8,Nou Barris,53,la Trinitat Nova,178,8107,..,2,5
2010,8,Nou Barris,53,la Trinitat Nova,178,8107,10,2,6
2010,8,Nou Barris,53,la Trinitat Nova,178,8107,..,2,7
2010,8,Nou Barris,53,la Trinitat Nova,178,8107,..,2,8
2010,8,Nou Barris,53,la Trinitat Nova,178,8107,..,2,9
2010,8,Nou Barris,53,la Trinitat Nova,178,8107,5,2,10
2010,8,Nou Barris,53,la Trinitat Nova,178,8107,..,2,11
2010,8,Nou Barris,53,la Trinitat Nova,178,8107,..,2,12
2010,8,Nou Barris,54,Torre Baró,179,8108,..,1,0
2010,8,Nou Barris,54,Torre Baró,179,8108,..,1,2
2010,8,Nou Barris,54,Torre Baró,179,8108,..,1,3
2010,8,Nou Barris,54,Torre Baró,179,8108,..,1,4
2010,8,Nou Barris,54,Torre Baró,179,8108,5,1,5
2010,8,Nou Barris,54,Torre Baró,179,8108,..,1,6
2010,8,Nou Barris,54,Torre Baró,179,8108,..,1,7
2010,8,Nou Barris,54,Torre Baró,179,8108,..,1,8
2010,8,Nou Barris,54,Torre Baró,179,8108,..,1,9
2010,8,Nou Barris,54,Torre Baró,179,8108,..,1,12
2010,8,Nou Barris,54,Torre Baró,179,8108,..,1,13
2010,8,Nou Barris,54,Torre Baró,179,8108,..,1,15
2010,8,Nou Barris,54,Torre Baró,179,8108,..,1,18
2010,8,Nou Barris,54,Torre Baró,179,8108,..,2,0
2010,8,Nou Barris,54,Torre Baró,179,8108,..,2,1
2010,8,Nou Barris,54,Torre Baró,179,8108,..,2,2
2010,8,Nou Barris,54,Torre Baró,179,8108,..,2,3
2010,8,Nou Barris,54,Torre Baró,179,8108,..,2,4
2010,8,Nou Barris,54,Torre Baró,179,8108,8,2,5
2010,8,Nou Barris,54,Torre Baró,179,8108,..,2,6
2010,8,Nou Barris,54,Torre Baró,179,8108,..,2,7
2010,8,Nou Barris,54,Torre Baró,179,8108,..,2,9
2010,8,Nou Barris,54,Torre Baró,179,8108,..,2,10
2010,8,Nou Barris,54,Torre Baró,179,8108,..,2,14
2010,8,Nou Barris,54,Torre Baró,179,8109,..,1,0
2010,8,Nou Barris,54,Torre Baró,179,8109,..,1,3
2010,8,Nou Barris,54,Torre Baró,179,8109,..,1,4
2010,8,Nou Barris,54,Torre Baró,179,8109,..,1,5
2010,8,Nou Barris,54,Torre Baró,179,8109,..,1,6
2010,8,Nou Barris,54,Torre Baró,179,8109,..,1,7
2010,8,Nou Barris,54,Torre Baró,179,8109,..,1,9
2010,8,Nou Barris,54,Torre Baró,179,8109,..,1,10
2010,8,Nou Barris,54,Torre Baró,179,8109,..,1,12
2010,8,Nou Barris,54,Torre Baró,179,8109,..,1,14
2010,8,Nou Barris,54,Torre Baró,179,8109,..,2,0
2010,8,Nou Barris,54,Torre Baró,179,8109,..,2,1
2010,8,Nou Barris,54,Torre Baró,179,8109,..,2,2
2010,8,Nou Barris,54,Torre Baró,179,8109,..,2,3
2010,8,Nou Barris,54,Torre Baró,179,8109,5,2,4
2010,8,Nou Barris,54,Torre Baró,179,8109,..,2,5
2010,8,Nou Barris,54,Torre Baró,179,8109,7,2,6
2010,8,Nou Barris,54,Torre Baró,179,8109,..,2,7
2010,8,Nou Barris,54,Torre Baró,179,8109,..,2,8
2010,8,Nou Barris,54,Torre Baró,179,8109,..,2,9
2010,8,Nou Barris,54,Torre Baró,179,8109,..,2,11
2010,8,Nou Barris,54,Torre Baró,179,8109,..,2,14
2010,8,Nou Barris,55,Ciutat Meridiana,180,8110,11,1,0
2010,8,Nou Barris,55,Ciutat Meridiana,180,8110,..,1,1
2010,8,Nou Barris,55,Ciutat Meridiana,180,8110,..,1,2
2010,8,Nou Barris,55,Ciutat Meridiana,180,8110,9,1,3
2010,8,Nou Barris,55,Ciutat Meridiana,180,8110,22,1,4
2010,8,Nou Barris,55,Ciutat Meridiana,180,8110,19,1,5
2010,8,Nou Barris,55,Ciutat Meridiana,180,8110,17,1,6
2010,8,Nou Barris,55,Ciutat Meridiana,180,8110,7,1,7
2010,8,Nou Barris,55,Ciutat Meridiana,180,8110,7,1,8
2010,8,Nou Barris,55,Ciutat Meridiana,180,8110,5,1,9
2010,8,Nou Barris,55,Ciutat Meridiana,180,8110,..,1,10
2010,8,Nou Barris,55,Ciutat Meridiana,180,8110,..,1,11
2010,8,Nou Barris,55,Ciutat Meridiana,180,8110,..,1,12
2010,8,Nou Barris,55,Ciutat Meridiana,180,8110,..,1,15
2010,8,Nou Barris,55,Ciutat Meridiana,180,8110,..,1,16
2010,8,Nou Barris,55,Ciutat Meridiana,180,8110,8,2,0
2010,8,Nou Barris,55,Ciutat Meridiana,180,8110,5,2,1
2010,8,Nou Barris,55,Ciutat Meridiana,180,8110,10,2,2
2010,8,Nou Barris,55,Ciutat Meridiana,180,8110,16,2,3
2010,8,Nou Barris,55,Ciutat Meridiana,180,8110,30,2,4
2010,8,Nou Barris,55,Ciutat Meridiana,180,8110,29,2,5
2010,8,Nou Barris,55,Ciutat Meridiana,180,8110,17,2,6
2010,8,Nou Barris,55,Ciutat Meridiana,180,8110,16,2,7
2010,8,Nou Barris,55,Ciutat Meridiana,180,8110,14,2,8
2010,8,Nou Barris,55,Ciutat Meridiana,180,8110,10,2,9
2010,8,Nou Barris,55,Ciutat Meridiana,180,8110,..,2,10
2010,8,Nou Barris,55,Ciutat Meridiana,180,8110,..,2,11
2010,8,Nou Barris,55,Ciutat Meridiana,180,8110,..,2,13
2010,8,Nou Barris,55,Ciutat Meridiana,180,8111,..,1,0
2010,8,Nou Barris,55,Ciutat Meridiana,180,8111,..,1,1
2010,8,Nou Barris,55,Ciutat Meridiana,180,8111,6,1,2
2010,8,Nou Barris,55,Ciutat Meridiana,180,8111,..,1,3
2010,8,Nou Barris,55,Ciutat Meridiana,180,8111,9,1,4
2010,8,Nou Barris,55,Ciutat Meridiana,180,8111,12,1,5
2010,8,Nou Barris,55,Ciutat Meridiana,180,8111,8,1,6
2010,8,Nou Barris,55,Ciutat Meridiana,180,8111,6,1,7
2010,8,Nou Barris,55,Ciutat Meridiana,180,8111,6,1,8
2010,8,Nou Barris,55,Ciutat Meridiana,180,8111,8,1,9
2010,8,Nou Barris,55,Ciutat Meridiana,180,8111,6,1,10
2010,8,Nou Barris,55,Ciutat Meridiana,180,8111,..,1,11
2010,8,Nou Barris,55,Ciutat Meridiana,180,8111,..,1,12
2010,8,Nou Barris,55,Ciutat Meridiana,180,8111,..,1,13
2010,8,Nou Barris,55,Ciutat Meridiana,180,8111,..,1,15
2010,8,Nou Barris,55,Ciutat Meridiana,180,8111,..,2,0
2010,8,Nou Barris,55,Ciutat Meridiana,180,8111,..,2,1
2010,8,Nou Barris,55,Ciutat Meridiana,180,8111,..,2,2
2010,8,Nou Barris,55,Ciutat Meridiana,180,8111,11,2,3
2010,8,Nou Barris,55,Ciutat Meridiana,180,8111,11,2,4
2010,8,Nou Barris,55,Ciutat Meridiana,180,8111,27,2,5
2010,8,Nou Barris,55,Ciutat Meridiana,180,8111,21,2,6
2010,8,Nou Barris,55,Ciutat Meridiana,180,8111,14,2,7
2010,8,Nou Barris,55,Ciutat Meridiana,180,8111,8,2,8
2010,8,Nou Barris,55,Ciutat Meridiana,180,8111,..,2,9
2010,8,Nou Barris,55,Ciutat Meridiana,180,8111,..,2,10
2010,8,Nou Barris,55,Ciutat Meridiana,180,8111,..,2,11
2010,8,Nou Barris,55,Ciutat Meridiana,180,8111,..,2,12
2010,8,Nou Barris,55,Ciutat Meridiana,180,8111,..,2,13
2010,8,Nou Barris,55,Ciutat Meridiana,180,8111,..,2,15
2010,8,Nou Barris,55,Ciutat Meridiana,180,8112,6,1,0
2010,8,Nou Barris,55,Ciutat Meridiana,180,8112,..,1,1
2010,8,Nou Barris,55,Ciutat Meridiana,180,8112,..,1,2
2010,8,Nou Barris,55,Ciutat Meridiana,180,8112,7,1,3
2010,8,Nou Barris,55,Ciutat Meridiana,180,8112,16,1,4
2010,8,Nou Barris,55,Ciutat Meridiana,180,8112,10,1,5
2010,8,Nou Barris,55,Ciutat Meridiana,180,8112,6,1,6
2010,8,Nou Barris,55,Ciutat Meridiana,180,8112,..,1,7
2010,8,Nou Barris,55,Ciutat Meridiana,180,8112,7,1,8
2010,8,Nou Barris,55,Ciutat Meridiana,180,8112,6,1,9
2010,8,Nou Barris,55,Ciutat Meridiana,180,8112,..,1,10
2010,8,Nou Barris,55,Ciutat Meridiana,180,8112,..,1,12
2010,8,Nou Barris,55,Ciutat Meridiana,180,8112,..,1,14
2010,8,Nou Barris,55,Ciutat Meridiana,180,8112,..,2,0
2010,8,Nou Barris,55,Ciutat Meridiana,180,8112,5,2,1
2010,8,Nou Barris,55,Ciutat Meridiana,180,8112,6,2,2
2010,8,Nou Barris,55,Ciutat Meridiana,180,8112,11,2,3
2010,8,Nou Barris,55,Ciutat Meridiana,180,8112,16,2,4
2010,8,Nou Barris,55,Ciutat Meridiana,180,8112,10,2,5
2010,8,Nou Barris,55,Ciutat Meridiana,180,8112,14,2,6
2010,8,Nou Barris,55,Ciutat Meridiana,180,8112,11,2,7
2010,8,Nou Barris,55,Ciutat Meridiana,180,8112,8,2,8
2010,8,Nou Barris,55,Ciutat Meridiana,180,8112,..,2,9
2010,8,Nou Barris,55,Ciutat Meridiana,180,8112,6,2,10
2010,8,Nou Barris,55,Ciutat Meridiana,180,8112,..,2,11
2010,8,Nou Barris,55,Ciutat Meridiana,180,8112,..,2,12
2010,8,Nou Barris,55,Ciutat Meridiana,180,8112,..,2,13
2010,8,Nou Barris,55,Ciutat Meridiana,180,8113,..,1,0
2010,8,Nou Barris,55,Ciutat Meridiana,180,8113,..,1,1
2010,8,Nou Barris,55,Ciutat Meridiana,180,8113,..,1,2
2010,8,Nou Barris,55,Ciutat Meridiana,180,8113,5,1,3
2010,8,Nou Barris,55,Ciutat Meridiana,180,8113,16,1,4
2010,8,Nou Barris,55,Ciutat Meridiana,180,8113,14,1,5
2010,8,Nou Barris,55,Ciutat Meridiana,180,8113,13,1,6
2010,8,Nou Barris,55,Ciutat Meridiana,180,8113,11,1,7
2010,8,Nou Barris,55,Ciutat Meridiana,180,8113,5,1,8
2010,8,Nou Barris,55,Ciutat Meridiana,180,8113,..,1,9
2010,8,Nou Barris,55,Ciutat Meridiana,180,8113,..,1,10
2010,8,Nou Barris,55,Ciutat Meridiana,180,8113,..,1,11
2010,8,Nou Barris,55,Ciutat Meridiana,180,8113,..,1,12
2010,8,Nou Barris,55,Ciutat Meridiana,180,8113,..,1,13
2010,8,Nou Barris,55,Ciutat Meridiana,180,8113,..,2,0
2010,8,Nou Barris,55,Ciutat Meridiana,180,8113,..,2,1
2010,8,Nou Barris,55,Ciutat Meridiana,180,8113,..,2,2
2010,8,Nou Barris,55,Ciutat Meridiana,180,8113,6,2,3
2010,8,Nou Barris,55,Ciutat Meridiana,180,8113,10,2,4
2010,8,Nou Barris,55,Ciutat Meridiana,180,8113,20,2,5
2010,8,Nou Barris,55,Ciutat Meridiana,180,8113,20,2,6
2010,8,Nou Barris,55,Ciutat Meridiana,180,8113,15,2,7
2010,8,Nou Barris,55,Ciutat Meridiana,180,8113,13,2,8
2010,8,Nou Barris,55,Ciutat Meridiana,180,8113,..,2,9
2010,8,Nou Barris,55,Ciutat Meridiana,180,8113,..,2,10
2010,8,Nou Barris,55,Ciutat Meridiana,180,8113,..,2,11
2010,8,Nou Barris,55,Ciutat Meridiana,180,8113,..,2,12
2010,8,Nou Barris,55,Ciutat Meridiana,180,8113,..,2,13
2010,8,Nou Barris,55,Ciutat Meridiana,180,8113,..,2,14
2010,8,Nou Barris,55,Ciutat Meridiana,180,8114,..,1,0
2010,8,Nou Barris,55,Ciutat Meridiana,180,8114,..,1,1
2010,8,Nou Barris,55,Ciutat Meridiana,180,8114,..,1,2
2010,8,Nou Barris,55,Ciutat Meridiana,180,8114,6,1,3
2010,8,Nou Barris,55,Ciutat Meridiana,180,8114,5,1,4
2010,8,Nou Barris,55,Ciutat Meridiana,180,8114,7,1,5
2010,8,Nou Barris,55,Ciutat Meridiana,180,8114,5,1,6
2010,8,Nou Barris,55,Ciutat Meridiana,180,8114,..,1,7
2010,8,Nou Barris,55,Ciutat Meridiana,180,8114,..,1,8
2010,8,Nou Barris,55,Ciutat Meridiana,180,8114,..,1,9
2010,8,Nou Barris,55,Ciutat Meridiana,180,8114,6,1,10
2010,8,Nou Barris,55,Ciutat Meridiana,180,8114,..,1,11
2010,8,Nou Barris,55,Ciutat Meridiana,180,8114,..,1,12
2010,8,Nou Barris,55,Ciutat Meridiana,180,8114,..,1,14
2010,8,Nou Barris,55,Ciutat Meridiana,180,8114,..,2,0
2010,8,Nou Barris,55,Ciutat Meridiana,180,8114,..,2,1
2010,8,Nou Barris,55,Ciutat Meridiana,180,8114,..,2,2
2010,8,Nou Barris,55,Ciutat Meridiana,180,8114,7,2,3
2010,8,Nou Barris,55,Ciutat Meridiana,180,8114,13,2,4
2010,8,Nou Barris,55,Ciutat Meridiana,180,8114,19,2,5
2010,8,Nou Barris,55,Ciutat Meridiana,180,8114,15,2,6
2010,8,Nou Barris,55,Ciutat Meridiana,180,8114,17,2,7
2010,8,Nou Barris,55,Ciutat Meridiana,180,8114,8,2,8
2010,8,Nou Barris,55,Ciutat Meridiana,180,8114,..,2,9
2010,8,Nou Barris,55,Ciutat Meridiana,180,8114,..,2,10
2010,8,Nou Barris,55,Ciutat Meridiana,180,8114,..,2,11
2010,8,Nou Barris,55,Ciutat Meridiana,180,8114,..,2,12
2010,8,Nou Barris,55,Ciutat Meridiana,180,8114,..,2,13
2010,8,Nou Barris,55,Ciutat Meridiana,180,8114,..,2,14
2010,8,Nou Barris,55,Ciutat Meridiana,180,8115,7,1,0
2010,8,Nou Barris,55,Ciutat Meridiana,180,8115,..,1,1
2010,8,Nou Barris,55,Ciutat Meridiana,180,8115,..,1,2
2010,8,Nou Barris,55,Ciutat Meridiana,180,8115,..,1,3
2010,8,Nou Barris,55,Ciutat Meridiana,180,8115,14,1,4
2010,8,Nou Barris,55,Ciutat Meridiana,180,8115,15,1,5
2010,8,Nou Barris,55,Ciutat Meridiana,180,8115,8,1,6
2010,8,Nou Barris,55,Ciutat Meridiana,180,8115,..,1,7
2010,8,Nou Barris,55,Ciutat Meridiana,180,8115,..,1,8
2010,8,Nou Barris,55,Ciutat Meridiana,180,8115,6,1,9
2010,8,Nou Barris,55,Ciutat Meridiana,180,8115,..,1,10
2010,8,Nou Barris,55,Ciutat Meridiana,180,8115,..,1,11
2010,8,Nou Barris,55,Ciutat Meridiana,180,8115,..,1,13
2010,8,Nou Barris,55,Ciutat Meridiana,180,8115,..,1,15
2010,8,Nou Barris,55,Ciutat Meridiana,180,8115,..,2,0
2010,8,Nou Barris,55,Ciutat Meridiana,180,8115,..,2,1
2010,8,Nou Barris,55,Ciutat Meridiana,180,8115,5,2,2
2010,8,Nou Barris,55,Ciutat Meridiana,180,8115,7,2,3
2010,8,Nou Barris,55,Ciutat Meridiana,180,8115,10,2,4
2010,8,Nou Barris,55,Ciutat Meridiana,180,8115,9,2,5
2010,8,Nou Barris,55,Ciutat Meridiana,180,8115,13,2,6
2010,8,Nou Barris,55,Ciutat Meridiana,180,8115,16,2,7
2010,8,Nou Barris,55,Ciutat Meridiana,180,8115,8,2,8
2010,8,Nou Barris,55,Ciutat Meridiana,180,8115,..,2,9
2010,8,Nou Barris,55,Ciutat Meridiana,180,8115,5,2,10
2010,8,Nou Barris,55,Ciutat Meridiana,180,8115,..,2,11
2010,8,Nou Barris,55,Ciutat Meridiana,180,8115,..,2,12
2010,8,Nou Barris,56,Vallbona,181,8116,..,1,0
2010,8,Nou Barris,56,Vallbona,181,8116,..,1,1
2010,8,Nou Barris,56,Vallbona,181,8116,..,1,2
2010,8,Nou Barris,56,Vallbona,181,8116,..,1,3
2010,8,Nou Barris,56,Vallbona,181,8116,7,1,4
2010,8,Nou Barris,56,Vallbona,181,8116,..,1,5
2010,8,Nou Barris,56,Vallbona,181,8116,..,1,6
2010,8,Nou Barris,56,Vallbona,181,8116,..,1,7
2010,8,Nou Barris,56,Vallbona,181,8116,..,1,8
2010,8,Nou Barris,56,Vallbona,181,8116,..,1,9
2010,8,Nou Barris,56,Vallbona,181,8116,..,1,11
2010,8,Nou Barris,56,Vallbona,181,8116,..,1,15
2010,8,Nou Barris,56,Vallbona,181,8116,..,1,16
2010,8,Nou Barris,56,Vallbona,181,8116,..,1,17
2010,8,Nou Barris,56,Vallbona,181,8116,6,2,0
2010,8,Nou Barris,56,Vallbona,181,8116,6,2,3
2010,8,Nou Barris,56,Vallbona,181,8116,..,2,5
2010,8,Nou Barris,56,Vallbona,181,8116,..,2,6
2010,8,Nou Barris,56,Vallbona,181,8116,..,2,7
2010,8,Nou Barris,56,Vallbona,181,8116,..,2,9
2010,8,Nou Barris,56,Vallbona,181,8116,..,2,19
2010,9,Sant Andreu,57,la Trinitat Vella,182,9001,11,1,0
2010,9,Sant Andreu,57,la Trinitat Vella,182,9001,6,1,1
2010,9,Sant Andreu,57,la Trinitat Vella,182,9001,10,1,2
2010,9,Sant Andreu,57,la Trinitat Vella,182,9001,15,1,3
2010,9,Sant Andreu,57,la Trinitat Vella,182,9001,19,1,4
2010,9,Sant Andreu,57,la Trinitat Vella,182,9001,19,1,5
2010,9,Sant Andreu,57,la Trinitat Vella,182,9001,21,1,6
2010,9,Sant Andreu,57,la Trinitat Vella,182,9001,11,1,7
2010,9,Sant Andreu,57,la Trinitat Vella,182,9001,13,1,8
2010,9,Sant Andreu,57,la Trinitat Vella,182,9001,10,1,9
2010,9,Sant Andreu,57,la Trinitat Vella,182,9001,..,1,10
2010,9,Sant Andreu,57,la Trinitat Vella,182,9001,..,1,11
2010,9,Sant Andreu,57,la Trinitat Vella,182,9001,..,1,13
2010,9,Sant Andreu,57,la Trinitat Vella,182,9001,..,1,14
2010,9,Sant Andreu,57,la Trinitat Vella,182,9001,..,1,15
2010,9,Sant Andreu,57,la Trinitat Vella,182,9001,13,2,0
2010,9,Sant Andreu,57,la Trinitat Vella,182,9001,8,2,1
2010,9,Sant Andreu,57,la Trinitat Vella,182,9001,14,2,2
2010,9,Sant Andreu,57,la Trinitat Vella,182,9001,25,2,3
2010,9,Sant Andreu,57,la Trinitat Vella,182,9001,28,2,4
2010,9,Sant Andreu,57,la Trinitat Vella,182,9001,35,2,5
2010,9,Sant Andreu,57,la Trinitat Vella,182,9001,39,2,6
2010,9,Sant Andreu,57,la Trinitat Vella,182,9001,33,2,7
2010,9,Sant Andreu,57,la Trinitat Vella,182,9001,22,2,8
2010,9,Sant Andreu,57,la Trinitat Vella,182,9001,10,2,9
2010,9,Sant Andreu,57,la Trinitat Vella,182,9001,9,2,10
2010,9,Sant Andreu,57,la Trinitat Vella,182,9001,..,2,11
2010,9,Sant Andreu,57,la Trinitat Vella,182,9001,..,2,12
2010,9,Sant Andreu,57,la Trinitat Vella,182,9001,..,2,13
2010,9,Sant Andreu,57,la Trinitat Vella,182,9001,..,2,16
2010,9,Sant Andreu,57,la Trinitat Vella,182,9002,12,1,0
2010,9,Sant Andreu,57,la Trinitat Vella,182,9002,..,1,1
2010,9,Sant Andreu,57,la Trinitat Vella,182,9002,..,1,2
2010,9,Sant Andreu,57,la Trinitat Vella,182,9002,10,1,3
2010,9,Sant Andreu,57,la Trinitat Vella,182,9002,14,1,4
2010,9,Sant Andreu,57,la Trinitat Vella,182,9002,17,1,5
2010,9,Sant Andreu,57,la Trinitat Vella,182,9002,18,1,6
2010,9,Sant Andreu,57,la Trinitat Vella,182,9002,8,1,7
2010,9,Sant Andreu,57,la Trinitat Vella,182,9002,5,1,8
2010,9,Sant Andreu,57,la Trinitat Vella,182,9002,6,1,9
2010,9,Sant Andreu,57,la Trinitat Vella,182,9002,..,1,10
2010,9,Sant Andreu,57,la Trinitat Vella,182,9002,5,1,11
2010,9,Sant Andreu,57,la Trinitat Vella,182,9002,..,1,12
2010,9,Sant Andreu,57,la Trinitat Vella,182,9002,..,1,14
2010,9,Sant Andreu,57,la Trinitat Vella,182,9002,..,1,16
2010,9,Sant Andreu,57,la Trinitat Vella,182,9002,..,1,17
2010,9,Sant Andreu,57,la Trinitat Vella,182,9002,9,2,0
2010,9,Sant Andreu,57,la Trinitat Vella,182,9002,..,2,1
2010,9,Sant Andreu,57,la Trinitat Vella,182,9002,8,2,2
2010,9,Sant Andreu,57,la Trinitat Vella,182,9002,12,2,3
2010,9,Sant Andreu,57,la Trinitat Vella,182,9002,29,2,4
2010,9,Sant Andreu,57,la Trinitat Vella,182,9002,39,2,5
2010,9,Sant Andreu,57,la Trinitat Vella,182,9002,25,2,6
2010,9,Sant Andreu,57,la Trinitat Vella,182,9002,22,2,7
2010,9,Sant Andreu,57,la Trinitat Vella,182,9002,12,2,8
2010,9,Sant Andreu,57,la Trinitat Vella,182,9002,16,2,9
2010,9,Sant Andreu,57,la Trinitat Vella,182,9002,6,2,10
2010,9,Sant Andreu,57,la Trinitat Vella,182,9002,..,2,11
2010,9,Sant Andreu,57,la Trinitat Vella,182,9002,..,2,12
2010,9,Sant Andreu,57,la Trinitat Vella,182,9002,..,2,16
2010,9,Sant Andreu,57,la Trinitat Vella,182,9003,8,1,0
2010,9,Sant Andreu,57,la Trinitat Vella,182,9003,..,1,1
2010,9,Sant Andreu,57,la Trinitat Vella,182,9003,5,1,2
2010,9,Sant Andreu,57,la Trinitat Vella,182,9003,..,1,3
2010,9,Sant Andreu,57,la Trinitat Vella,182,9003,12,1,4
2010,9,Sant Andreu,57,la Trinitat Vella,182,9003,10,1,5
2010,9,Sant Andreu,57,la Trinitat Vella,182,9003,9,1,6
2010,9,Sant Andreu,57,la Trinitat Vella,182,9003,5,1,7
2010,9,Sant Andreu,57,la Trinitat Vella,182,9003,..,1,9
2010,9,Sant Andreu,57,la Trinitat Vella,182,9003,..,1,10
2010,9,Sant Andreu,57,la Trinitat Vella,182,9003,..,1,11
2010,9,Sant Andreu,57,la Trinitat Vella,182,9003,..,1,12
2010,9,Sant Andreu,57,la Trinitat Vella,182,9003,..,1,16
2010,9,Sant Andreu,57,la Trinitat Vella,182,9003,..,2,0
2010,9,Sant Andreu,57,la Trinitat Vella,182,9003,..,2,1
2010,9,Sant Andreu,57,la Trinitat Vella,182,9003,..,2,2
2010,9,Sant Andreu,57,la Trinitat Vella,182,9003,..,2,3
2010,9,Sant Andreu,57,la Trinitat Vella,182,9003,11,2,4
2010,9,Sant Andreu,57,la Trinitat Vella,182,9003,15,2,5
2010,9,Sant Andreu,57,la Trinitat Vella,182,9003,9,2,6
2010,9,Sant Andreu,57,la Trinitat Vella,182,9003,..,2,7
2010,9,Sant Andreu,57,la Trinitat Vella,182,9003,7,2,8
2010,9,Sant Andreu,57,la Trinitat Vella,182,9003,..,2,9
2010,9,Sant Andreu,57,la Trinitat Vella,182,9003,..,2,10
2010,9,Sant Andreu,57,la Trinitat Vella,182,9003,..,2,12
2010,9,Sant Andreu,57,la Trinitat Vella,182,9003,..,2,16
2010,9,Sant Andreu,57,la Trinitat Vella,182,9004,8,1,0
2010,9,Sant Andreu,57,la Trinitat Vella,182,9004,..,1,1
2010,9,Sant Andreu,57,la Trinitat Vella,182,9004,..,1,2
2010,9,Sant Andreu,57,la Trinitat Vella,182,9004,..,1,3
2010,9,Sant Andreu,57,la Trinitat Vella,182,9004,8,1,4
2010,9,Sant Andreu,57,la Trinitat Vella,182,9004,8,1,5
2010,9,Sant Andreu,57,la Trinitat Vella,182,9004,10,1,6
2010,9,Sant Andreu,57,la Trinitat Vella,182,9004,..,1,7
2010,9,Sant Andreu,57,la Trinitat Vella,182,9004,6,1,8
2010,9,Sant Andreu,57,la Trinitat Vella,182,9004,..,1,9
2010,9,Sant Andreu,57,la Trinitat Vella,182,9004,..,1,10
2010,9,Sant Andreu,57,la Trinitat Vella,182,9004,..,1,16
2010,9,Sant Andreu,57,la Trinitat Vella,182,9004,5,2,0
2010,9,Sant Andreu,57,la Trinitat Vella,182,9004,..,2,1
2010,9,Sant Andreu,57,la Trinitat Vella,182,9004,..,2,2
2010,9,Sant Andreu,57,la Trinitat Vella,182,9004,6,2,3
2010,9,Sant Andreu,57,la Trinitat Vella,182,9004,9,2,4
2010,9,Sant Andreu,57,la Trinitat Vella,182,9004,15,2,5
2010,9,Sant Andreu,57,la Trinitat Vella,182,9004,12,2,6
2010,9,Sant Andreu,57,la Trinitat Vella,182,9004,10,2,7
2010,9,Sant Andreu,57,la Trinitat Vella,182,9004,8,2,8
2010,9,Sant Andreu,57,la Trinitat Vella,182,9004,..,2,9
2010,9,Sant Andreu,57,la Trinitat Vella,182,9004,5,2,10
2010,9,Sant Andreu,57,la Trinitat Vella,182,9004,..,2,11
2010,9,Sant Andreu,57,la Trinitat Vella,182,9004,..,2,14
2010,9,Sant Andreu,57,la Trinitat Vella,182,9005,..,1,0
2010,9,Sant Andreu,57,la Trinitat Vella,182,9005,..,1,1
2010,9,Sant Andreu,57,la Trinitat Vella,182,9005,..,1,2
2010,9,Sant Andreu,57,la Trinitat Vella,182,9005,..,1,3
2010,9,Sant Andreu,57,la Trinitat Vella,182,9005,..,1,4
2010,9,Sant Andreu,57,la Trinitat Vella,182,9005,9,1,5
2010,9,Sant Andreu,57,la Trinitat Vella,182,9005,..,1,6
2010,9,Sant Andreu,57,la Trinitat Vella,182,9005,7,1,7
2010,9,Sant Andreu,57,la Trinitat Vella,182,9005,..,1,8
2010,9,Sant Andreu,57,la Trinitat Vella,182,9005,..,1,9
2010,9,Sant Andreu,57,la Trinitat Vella,182,9005,..,1,10
2010,9,Sant Andreu,57,la Trinitat Vella,182,9005,..,1,13
2010,9,Sant Andreu,57,la Trinitat Vella,182,9005,5,2,0
2010,9,Sant Andreu,57,la Trinitat Vella,182,9005,..,2,1
2010,9,Sant Andreu,57,la Trinitat Vella,182,9005,..,2,3
2010,9,Sant Andreu,57,la Trinitat Vella,182,9005,5,2,4
2010,9,Sant Andreu,57,la Trinitat Vella,182,9005,6,2,5
2010,9,Sant Andreu,57,la Trinitat Vella,182,9005,6,2,6
2010,9,Sant Andreu,57,la Trinitat Vella,182,9005,8,2,7
2010,9,Sant Andreu,57,la Trinitat Vella,182,9005,..,2,8
2010,9,Sant Andreu,57,la Trinitat Vella,182,9005,..,2,9
2010,9,Sant Andreu,57,la Trinitat Vella,182,9005,..,2,10
2010,9,Sant Andreu,58,Baró de Viver,183,9006,..,1,0
2010,9,Sant Andreu,58,Baró de Viver,183,9006,..,1,1
2010,9,Sant Andreu,58,Baró de Viver,183,9006,..,1,4
2010,9,Sant Andreu,58,Baró de Viver,183,9006,..,1,5
2010,9,Sant Andreu,58,Baró de Viver,183,9006,..,1,6
2010,9,Sant Andreu,58,Baró de Viver,183,9006,..,1,7
2010,9,Sant Andreu,58,Baró de Viver,183,9006,..,1,10
2010,9,Sant Andreu,58,Baró de Viver,183,9006,..,2,0
2010,9,Sant Andreu,58,Baró de Viver,183,9006,..,2,1
2010,9,Sant Andreu,58,Baró de Viver,183,9006,..,2,2
2010,9,Sant Andreu,58,Baró de Viver,183,9006,..,2,3
2010,9,Sant Andreu,58,Baró de Viver,183,9006,..,2,4
2010,9,Sant Andreu,58,Baró de Viver,183,9006,..,2,5
2010,9,Sant Andreu,58,Baró de Viver,183,9006,..,2,6
2010,9,Sant Andreu,58,Baró de Viver,183,9006,..,2,7
2010,9,Sant Andreu,58,Baró de Viver,183,9006,..,2,8
2010,9,Sant Andreu,58,Baró de Viver,183,9006,..,2,9
2010,9,Sant Andreu,58,Baró de Viver,183,9006,..,2,11
2010,9,Sant Andreu,58,Baró de Viver,183,9007,..,1,0
2010,9,Sant Andreu,58,Baró de Viver,183,9007,..,1,2
2010,9,Sant Andreu,58,Baró de Viver,183,9007,5,1,4
2010,9,Sant Andreu,58,Baró de Viver,183,9007,..,1,5
2010,9,Sant Andreu,58,Baró de Viver,183,9007,..,1,6
2010,9,Sant Andreu,58,Baró de Viver,183,9007,..,1,7
2010,9,Sant Andreu,58,Baró de Viver,183,9007,..,1,8
2010,9,Sant Andreu,58,Baró de Viver,183,9007,..,1,10
2010,9,Sant Andreu,58,Baró de Viver,183,9007,..,1,11
2010,9,Sant Andreu,58,Baró de Viver,183,9007,..,2,1
2010,9,Sant Andreu,58,Baró de Viver,183,9007,..,2,3
2010,9,Sant Andreu,58,Baró de Viver,183,9007,5,2,4
2010,9,Sant Andreu,58,Baró de Viver,183,9007,..,2,5
2010,9,Sant Andreu,58,Baró de Viver,183,9007,8,2,6
2010,9,Sant Andreu,58,Baró de Viver,183,9007,..,2,7
2010,9,Sant Andreu,58,Baró de Viver,183,9007,..,2,8
2010,9,Sant Andreu,58,Baró de Viver,183,9007,..,2,9
2010,9,Sant Andreu,58,Baró de Viver,183,9007,..,2,10
2010,9,Sant Andreu,59,el Bon Pastor,184,9008,..,1,0
2010,9,Sant Andreu,59,el Bon Pastor,184,9008,..,1,2
2010,9,Sant Andreu,59,el Bon Pastor,184,9008,..,1,4
2010,9,Sant Andreu,59,el Bon Pastor,184,9008,..,1,5
2010,9,Sant Andreu,59,el Bon Pastor,184,9008,10,1,6
2010,9,Sant Andreu,59,el Bon Pastor,184,9008,..,1,7
2010,9,Sant Andreu,59,el Bon Pastor,184,9008,..,1,8
2010,9,Sant Andreu,59,el Bon Pastor,184,9008,..,1,10
2010,9,Sant Andreu,59,el Bon Pastor,184,9008,..,1,12
2010,9,Sant Andreu,59,el Bon Pastor,184,9008,..,2,0
2010,9,Sant Andreu,59,el Bon Pastor,184,9008,..,2,3
2010,9,Sant Andreu,59,el Bon Pastor,184,9008,..,2,4
2010,9,Sant Andreu,59,el Bon Pastor,184,9008,7,2,5
2010,9,Sant Andreu,59,el Bon Pastor,184,9008,11,2,6
2010,9,Sant Andreu,59,el Bon Pastor,184,9008,..,2,7
2010,9,Sant Andreu,59,el Bon Pastor,184,9008,..,2,8
2010,9,Sant Andreu,59,el Bon Pastor,184,9008,..,2,11
2010,9,Sant Andreu,59,el Bon Pastor,184,9008,..,2,12
2010,9,Sant Andreu,59,el Bon Pastor,184,9008,..,2,13
2010,9,Sant Andreu,59,el Bon Pastor,184,9008,..,2,17
2010,9,Sant Andreu,59,el Bon Pastor,184,9009,..,1,0
2010,9,Sant Andreu,59,el Bon Pastor,184,9009,..,1,4
2010,9,Sant Andreu,59,el Bon Pastor,184,9009,6,1,5
2010,9,Sant Andreu,59,el Bon Pastor,184,9009,..,1,7
2010,9,Sant Andreu,59,el Bon Pastor,184,9009,..,1,8
2010,9,Sant Andreu,59,el Bon Pastor,184,9009,..,1,12
2010,9,Sant Andreu,59,el Bon Pastor,184,9009,..,1,17
2010,9,Sant Andreu,59,el Bon Pastor,184,9009,..,2,0
2010,9,Sant Andreu,59,el Bon Pastor,184,9009,..,2,1
2010,9,Sant Andreu,59,el Bon Pastor,184,9009,..,2,4
2010,9,Sant Andreu,59,el Bon Pastor,184,9009,..,2,6
2010,9,Sant Andreu,59,el Bon Pastor,184,9009,..,2,7
2010,9,Sant Andreu,59,el Bon Pastor,184,9009,..,2,8
2010,9,Sant Andreu,59,el Bon Pastor,185,9010,..,1,0
2010,9,Sant Andreu,59,el Bon Pastor,185,9010,..,1,1
2010,9,Sant Andreu,59,el Bon Pastor,185,9010,..,1,2
2010,9,Sant Andreu,59,el Bon Pastor,185,9010,..,1,4
2010,9,Sant Andreu,59,el Bon Pastor,185,9010,..,1,5
2010,9,Sant Andreu,59,el Bon Pastor,185,9010,..,1,7
2010,9,Sant Andreu,59,el Bon Pastor,185,9010,..,1,8
2010,9,Sant Andreu,59,el Bon Pastor,185,9010,..,1,9
2010,9,Sant Andreu,59,el Bon Pastor,185,9010,..,1,10
2010,9,Sant Andreu,59,el Bon Pastor,185,9010,..,1,15
2010,9,Sant Andreu,59,el Bon Pastor,185,9010,..,1,16
2010,9,Sant Andreu,59,el Bon Pastor,185,9010,..,2,0
2010,9,Sant Andreu,59,el Bon Pastor,185,9010,..,2,1
2010,9,Sant Andreu,59,el Bon Pastor,185,9010,..,2,3
2010,9,Sant Andreu,59,el Bon Pastor,185,9010,..,2,4
2010,9,Sant Andreu,59,el Bon Pastor,185,9010,..,2,5
2010,9,Sant Andreu,59,el Bon Pastor,185,9010,..,2,6
2010,9,Sant Andreu,59,el Bon Pastor,185,9010,5,2,7
2010,9,Sant Andreu,59,el Bon Pastor,185,9010,..,2,8
2010,9,Sant Andreu,59,el Bon Pastor,185,9010,..,2,9
2010,9,Sant Andreu,59,el Bon Pastor,185,9010,..,2,17
2010,9,Sant Andreu,59,el Bon Pastor,185,9011,8,1,0
2010,9,Sant Andreu,59,el Bon Pastor,185,9011,..,1,1
2010,9,Sant Andreu,59,el Bon Pastor,185,9011,..,1,3
2010,9,Sant Andreu,59,el Bon Pastor,185,9011,12,1,4
2010,9,Sant Andreu,59,el Bon Pastor,185,9011,16,1,5
2010,9,Sant Andreu,59,el Bon Pastor,185,9011,..,1,6
2010,9,Sant Andreu,59,el Bon Pastor,185,9011,5,1,7
2010,9,Sant Andreu,59,el Bon Pastor,185,9011,5,1,8
2010,9,Sant Andreu,59,el Bon Pastor,185,9011,..,1,9
2010,9,Sant Andreu,59,el Bon Pastor,185,9011,..,1,10
2010,9,Sant Andreu,59,el Bon Pastor,185,9011,..,1,11
2010,9,Sant Andreu,59,el Bon Pastor,185,9011,..,1,12
2010,9,Sant Andreu,59,el Bon Pastor,185,9011,..,1,14
2010,9,Sant Andreu,59,el Bon Pastor,185,9011,5,1,15
2010,9,Sant Andreu,59,el Bon Pastor,185,9011,..,2,0
2010,9,Sant Andreu,59,el Bon Pastor,185,9011,7,2,1
2010,9,Sant Andreu,59,el Bon Pastor,185,9011,..,2,2
2010,9,Sant Andreu,59,el Bon Pastor,185,9011,..,2,3
2010,9,Sant Andreu,59,el Bon Pastor,185,9011,7,2,4
2010,9,Sant Andreu,59,el Bon Pastor,185,9011,15,2,5
2010,9,Sant Andreu,59,el Bon Pastor,185,9011,12,2,6
2010,9,Sant Andreu,59,el Bon Pastor,185,9011,..,2,7
2010,9,Sant Andreu,59,el Bon Pastor,185,9011,..,2,8
2010,9,Sant Andreu,59,el Bon Pastor,185,9011,..,2,9
2010,9,Sant Andreu,59,el Bon Pastor,185,9011,..,2,10
2010,9,Sant Andreu,59,el Bon Pastor,185,9011,..,2,11
2010,9,Sant Andreu,59,el Bon Pastor,185,9011,..,2,15
2010,9,Sant Andreu,59,el Bon Pastor,185,9011,..,2,16
2010,9,Sant Andreu,59,el Bon Pastor,185,9013,..,1,0
2010,9,Sant Andreu,59,el Bon Pastor,185,9013,..,1,1
2010,9,Sant Andreu,59,el Bon Pastor,185,9013,..,1,2
2010,9,Sant Andreu,59,el Bon Pastor,185,9013,..,1,3
2010,9,Sant Andreu,59,el Bon Pastor,185,9013,5,1,4
2010,9,Sant Andreu,59,el Bon Pastor,185,9013,9,1,5
2010,9,Sant Andreu,59,el Bon Pastor,185,9013,7,1,6
2010,9,Sant Andreu,59,el Bon Pastor,185,9013,10,1,7
2010,9,Sant Andreu,59,el Bon Pastor,185,9013,5,1,9
2010,9,Sant Andreu,59,el Bon Pastor,185,9013,..,1,10
2010,9,Sant Andreu,59,el Bon Pastor,185,9013,..,1,11
2010,9,Sant Andreu,59,el Bon Pastor,185,9013,..,1,17
2010,9,Sant Andreu,59,el Bon Pastor,185,9013,6,2,0
2010,9,Sant Andreu,59,el Bon Pastor,185,9013,..,2,1
2010,9,Sant Andreu,59,el Bon Pastor,185,9013,..,2,2
2010,9,Sant Andreu,59,el Bon Pastor,185,9013,..,2,3
2010,9,Sant Andreu,59,el Bon Pastor,185,9013,8,2,4
2010,9,Sant Andreu,59,el Bon Pastor,185,9013,9,2,5
2010,9,Sant Andreu,59,el Bon Pastor,185,9013,18,2,6
2010,9,Sant Andreu,59,el Bon Pastor,185,9013,10,2,7
2010,9,Sant Andreu,59,el Bon Pastor,185,9013,7,2,8
2010,9,Sant Andreu,59,el Bon Pastor,185,9013,..,2,10
2010,9,Sant Andreu,59,el Bon Pastor,185,9013,..,2,11
2010,9,Sant Andreu,59,el Bon Pastor,185,9013,..,2,12
2010,9,Sant Andreu,59,el Bon Pastor,185,9013,..,2,13
2010,9,Sant Andreu,59,el Bon Pastor,185,9014,8,1,0
2010,9,Sant Andreu,59,el Bon Pastor,185,9014,..,1,1
2010,9,Sant Andreu,59,el Bon Pastor,185,9014,..,1,2
2010,9,Sant Andreu,59,el Bon Pastor,185,9014,12,1,3
2010,9,Sant Andreu,59,el Bon Pastor,185,9014,28,1,4
2010,9,Sant Andreu,59,el Bon Pastor,185,9014,33,1,5
2010,9,Sant Andreu,59,el Bon Pastor,185,9014,13,1,6
2010,9,Sant Andreu,59,el Bon Pastor,185,9014,14,1,7
2010,9,Sant Andreu,59,el Bon Pastor,185,9014,12,1,8
2010,9,Sant Andreu,59,el Bon Pastor,185,9014,8,1,9
2010,9,Sant Andreu,59,el Bon Pastor,185,9014,..,1,10
2010,9,Sant Andreu,59,el Bon Pastor,185,9014,..,1,11
2010,9,Sant Andreu,59,el Bon Pastor,185,9014,..,1,12
2010,9,Sant Andreu,59,el Bon Pastor,185,9014,..,1,13
2010,9,Sant Andreu,59,el Bon Pastor,185,9014,9,2,0
2010,9,Sant Andreu,59,el Bon Pastor,185,9014,..,2,1
2010,9,Sant Andreu,59,el Bon Pastor,185,9014,..,2,2
2010,9,Sant Andreu,59,el Bon Pastor,185,9014,16,2,3
2010,9,Sant Andreu,59,el Bon Pastor,185,9014,92,2,4
2010,9,Sant Andreu,59,el Bon Pastor,185,9014,119,2,5
2010,9,Sant Andreu,59,el Bon Pastor,185,9014,101,2,6
2010,9,Sant Andreu,59,el Bon Pastor,185,9014,56,2,7
2010,9,Sant Andreu,59,el Bon Pastor,185,9014,34,2,8
2010,9,Sant Andreu,59,el Bon Pastor,185,9014,13,2,9
2010,9,Sant Andreu,59,el Bon Pastor,185,9014,16,2,10
2010,9,Sant Andreu,59,el Bon Pastor,185,9014,..,2,11
2010,9,Sant Andreu,59,el Bon Pastor,185,9014,..,2,12
2010,9,Sant Andreu,59,el Bon Pastor,185,9014,..,2,13
2010,9,Sant Andreu,59,el Bon Pastor,185,9014,..,2,14
2010,9,Sant Andreu,59,el Bon Pastor,185,9015,..,1,0
2010,9,Sant Andreu,59,el Bon Pastor,185,9015,..,1,1
2010,9,Sant Andreu,59,el Bon Pastor,185,9015,..,1,2
2010,9,Sant Andreu,59,el Bon Pastor,185,9015,7,1,4
2010,9,Sant Andreu,59,el Bon Pastor,185,9015,8,1,5
2010,9,Sant Andreu,59,el Bon Pastor,185,9015,5,1,6
2010,9,Sant Andreu,59,el Bon Pastor,185,9015,..,1,7
2010,9,Sant Andreu,59,el Bon Pastor,185,9015,..,1,8
2010,9,Sant Andreu,59,el Bon Pastor,185,9015,..,1,9
2010,9,Sant Andreu,59,el Bon Pastor,185,9015,..,1,10
2010,9,Sant Andreu,59,el Bon Pastor,185,9015,..,1,11
2010,9,Sant Andreu,59,el Bon Pastor,185,9015,..,1,12
2010,9,Sant Andreu,59,el Bon Pastor,185,9015,..,1,13
2010,9,Sant Andreu,59,el Bon Pastor,185,9015,..,1,17
2010,9,Sant Andreu,59,el Bon Pastor,185,9015,..,2,0
2010,9,Sant Andreu,59,el Bon Pastor,185,9015,..,2,1
2010,9,Sant Andreu,59,el Bon Pastor,185,9015,..,2,2
2010,9,Sant Andreu,59,el Bon Pastor,185,9015,6,2,3
2010,9,Sant Andreu,59,el Bon Pastor,185,9015,6,2,4
2010,9,Sant Andreu,59,el Bon Pastor,185,9015,10,2,5
2010,9,Sant Andreu,59,el Bon Pastor,185,9015,14,2,6
2010,9,Sant Andreu,59,el Bon Pastor,185,9015,8,2,7
2010,9,Sant Andreu,59,el Bon Pastor,185,9015,8,2,8
2010,9,Sant Andreu,59,el Bon Pastor,185,9015,..,2,9
2010,9,Sant Andreu,59,el Bon Pastor,185,9015,..,2,11
2010,9,Sant Andreu,59,el Bon Pastor,185,9015,..,2,12
2010,9,Sant Andreu,59,el Bon Pastor,185,9015,..,2,14
2010,9,Sant Andreu,59,el Bon Pastor,185,9015,..,2,15
2010,9,Sant Andreu,60,Sant Andreu,186,9016,..,1,0
2010,9,Sant Andreu,60,Sant Andreu,186,9016,..,1,2
2010,9,Sant Andreu,60,Sant Andreu,186,9016,..,1,3
2010,9,Sant Andreu,60,Sant Andreu,186,9016,..,1,5
2010,9,Sant Andreu,60,Sant Andreu,186,9016,..,1,6
2010,9,Sant Andreu,60,Sant Andreu,186,9016,..,1,7
2010,9,Sant Andreu,60,Sant Andreu,186,9016,..,1,8
2010,9,Sant Andreu,60,Sant Andreu,186,9016,..,1,9
2010,9,Sant Andreu,60,Sant Andreu,186,9016,..,1,10
2010,9,Sant Andreu,60,Sant Andreu,186,9016,..,1,12
2010,9,Sant Andreu,60,Sant Andreu,186,9016,..,2,0
2010,9,Sant Andreu,60,Sant Andreu,186,9016,..,2,3
2010,9,Sant Andreu,60,Sant Andreu,186,9016,..,2,4
2010,9,Sant Andreu,60,Sant Andreu,186,9016,..,2,5
2010,9,Sant Andreu,60,Sant Andreu,186,9016,..,2,6
2010,9,Sant Andreu,60,Sant Andreu,186,9016,..,2,7
2010,9,Sant Andreu,60,Sant Andreu,186,9016,..,2,8
2010,9,Sant Andreu,60,Sant Andreu,186,9016,..,2,9
2010,9,Sant Andreu,60,Sant Andreu,186,9016,..,2,10
2010,9,Sant Andreu,60,Sant Andreu,186,9016,..,2,11
2010,9,Sant Andreu,60,Sant Andreu,186,9016,..,2,12
2010,9,Sant Andreu,60,Sant Andreu,186,9016,..,2,13
2010,9,Sant Andreu,60,Sant Andreu,186,9017,..,1,1
2010,9,Sant Andreu,60,Sant Andreu,186,9017,..,1,2
2010,9,Sant Andreu,60,Sant Andreu,186,9017,..,1,3
2010,9,Sant Andreu,60,Sant Andreu,186,9017,..,1,4
2010,9,Sant Andreu,60,Sant Andreu,186,9017,6,1,5
2010,9,Sant Andreu,60,Sant Andreu,186,9017,5,1,6
2010,9,Sant Andreu,60,Sant Andreu,186,9017,..,1,7
2010,9,Sant Andreu,60,Sant Andreu,186,9017,..,1,8
2010,9,Sant Andreu,60,Sant Andreu,186,9017,..,1,9
2010,9,Sant Andreu,60,Sant Andreu,186,9017,..,1,11
2010,9,Sant Andreu,60,Sant Andreu,186,9017,..,1,12
2010,9,Sant Andreu,60,Sant Andreu,186,9017,..,1,19
2010,9,Sant Andreu,60,Sant Andreu,186,9017,..,2,0
2010,9,Sant Andreu,60,Sant Andreu,186,9017,..,2,2
2010,9,Sant Andreu,60,Sant Andreu,186,9017,..,2,3
2010,9,Sant Andreu,60,Sant Andreu,186,9017,..,2,4
2010,9,Sant Andreu,60,Sant Andreu,186,9017,..,2,5
2010,9,Sant Andreu,60,Sant Andreu,186,9017,..,2,6
2010,9,Sant Andreu,60,Sant Andreu,186,9017,..,2,8
2010,9,Sant Andreu,60,Sant Andreu,186,9017,..,2,10
2010,9,Sant Andreu,60,Sant Andreu,186,9018,..,1,1
2010,9,Sant Andreu,60,Sant Andreu,186,9018,..,1,4
2010,9,Sant Andreu,60,Sant Andreu,186,9018,..,1,6
2010,9,Sant Andreu,60,Sant Andreu,186,9018,..,1,7
2010,9,Sant Andreu,60,Sant Andreu,186,9018,..,1,8
2010,9,Sant Andreu,60,Sant Andreu,186,9018,..,1,10
2010,9,Sant Andreu,60,Sant Andreu,186,9018,..,1,15
2010,9,Sant Andreu,60,Sant Andreu,186,9018,..,2,0
2010,9,Sant Andreu,60,Sant Andreu,186,9018,..,2,4
2010,9,Sant Andreu,60,Sant Andreu,186,9018,..,2,5
2010,9,Sant Andreu,60,Sant Andreu,186,9018,..,2,6
2010,9,Sant Andreu,60,Sant Andreu,186,9018,..,2,7
2010,9,Sant Andreu,60,Sant Andreu,186,9018,..,2,8
2010,9,Sant Andreu,60,Sant Andreu,186,9018,..,2,9
2010,9,Sant Andreu,60,Sant Andreu,186,9018,..,2,10
2010,9,Sant Andreu,60,Sant Andreu,186,9018,..,2,11
2010,9,Sant Andreu,60,Sant Andreu,186,9018,..,2,12
2010,9,Sant Andreu,60,Sant Andreu,186,9018,..,2,16
2010,9,Sant Andreu,60,Sant Andreu,186,9019,..,1,0
2010,9,Sant Andreu,60,Sant Andreu,186,9019,..,1,2
2010,9,Sant Andreu,60,Sant Andreu,186,9019,7,1,4
2010,9,Sant Andreu,60,Sant Andreu,186,9019,9,1,5
2010,9,Sant Andreu,60,Sant Andreu,186,9019,..,1,6
2010,9,Sant Andreu,60,Sant Andreu,186,9019,..,1,7
2010,9,Sant Andreu,60,Sant Andreu,186,9019,..,1,8
2010,9,Sant Andreu,60,Sant Andreu,186,9019,..,1,9
2010,9,Sant Andreu,60,Sant Andreu,186,9019,..,1,10
2010,9,Sant Andreu,60,Sant Andreu,186,9019,..,1,12
2010,9,Sant Andreu,60,Sant Andreu,186,9019,..,1,17
2010,9,Sant Andreu,60,Sant Andreu,186,9019,..,1,19
2010,9,Sant Andreu,60,Sant Andreu,186,9019,..,2,0
2010,9,Sant Andreu,60,Sant Andreu,186,9019,..,2,1
2010,9,Sant Andreu,60,Sant Andreu,186,9019,..,2,2
2010,9,Sant Andreu,60,Sant Andreu,186,9019,..,2,4
2010,9,Sant Andreu,60,Sant Andreu,186,9019,12,2,5
2010,9,Sant Andreu,60,Sant Andreu,186,9019,..,2,6
2010,9,Sant Andreu,60,Sant Andreu,186,9019,6,2,7
2010,9,Sant Andreu,60,Sant Andreu,186,9019,6,2,8
2010,9,Sant Andreu,60,Sant Andreu,186,9019,..,2,9
2010,9,Sant Andreu,60,Sant Andreu,186,9019,5,2,10
2010,9,Sant Andreu,60,Sant Andreu,186,9019,..,2,13
2010,9,Sant Andreu,60,Sant Andreu,186,9019,..,2,14
2010,9,Sant Andreu,60,Sant Andreu,186,9019,..,2,16
2010,9,Sant Andreu,60,Sant Andreu,186,9020,..,1,0
2010,9,Sant Andreu,60,Sant Andreu,186,9020,..,1,2
2010,9,Sant Andreu,60,Sant Andreu,186,9020,..,1,3
2010,9,Sant Andreu,60,Sant Andreu,186,9020,..,1,5
2010,9,Sant Andreu,60,Sant Andreu,186,9020,..,1,6
2010,9,Sant Andreu,60,Sant Andreu,186,9020,..,1,7
2010,9,Sant Andreu,60,Sant Andreu,186,9020,..,1,10
2010,9,Sant Andreu,60,Sant Andreu,186,9020,..,1,12
2010,9,Sant Andreu,60,Sant Andreu,186,9020,..,1,13
2010,9,Sant Andreu,60,Sant Andreu,186,9020,..,1,15
2010,9,Sant Andreu,60,Sant Andreu,186,9020,..,1,16
2010,9,Sant Andreu,60,Sant Andreu,186,9020,..,2,1
2010,9,Sant Andreu,60,Sant Andreu,186,9020,..,2,3
2010,9,Sant Andreu,60,Sant Andreu,186,9020,..,2,5
2010,9,Sant Andreu,60,Sant Andreu,186,9020,7,2,6
2010,9,Sant Andreu,60,Sant Andreu,186,9020,..,2,7
2010,9,Sant Andreu,60,Sant Andreu,186,9020,..,2,8
2010,9,Sant Andreu,60,Sant Andreu,186,9020,..,2,9
2010,9,Sant Andreu,60,Sant Andreu,186,9020,..,2,10
2010,9,Sant Andreu,60,Sant Andreu,186,9020,..,2,13
2010,9,Sant Andreu,60,Sant Andreu,186,9021,..,1,0
2010,9,Sant Andreu,60,Sant Andreu,186,9021,..,1,3
2010,9,Sant Andreu,60,Sant Andreu,186,9021,..,1,4
2010,9,Sant Andreu,60,Sant Andreu,186,9021,..,1,5
2010,9,Sant Andreu,60,Sant Andreu,186,9021,5,1,6
2010,9,Sant Andreu,60,Sant Andreu,186,9021,..,1,7
2010,9,Sant Andreu,60,Sant Andreu,186,9021,..,1,18
2010,9,Sant Andreu,60,Sant Andreu,186,9021,..,2,0
2010,9,Sant Andreu,60,Sant Andreu,186,9021,..,2,3
2010,9,Sant Andreu,60,Sant Andreu,186,9021,8,2,4
2010,9,Sant Andreu,60,Sant Andreu,186,9021,..,2,5
2010,9,Sant Andreu,60,Sant Andreu,186,9021,6,2,6
2010,9,Sant Andreu,60,Sant Andreu,186,9021,..,2,8
2010,9,Sant Andreu,60,Sant Andreu,186,9022,..,1,0
2010,9,Sant Andreu,60,Sant Andreu,186,9022,..,1,2
2010,9,Sant Andreu,60,Sant Andreu,186,9022,..,1,4
2010,9,Sant Andreu,60,Sant Andreu,186,9022,8,1,5
2010,9,Sant Andreu,60,Sant Andreu,186,9022,..,1,6
2010,9,Sant Andreu,60,Sant Andreu,186,9022,..,1,7
2010,9,Sant Andreu,60,Sant Andreu,186,9022,..,1,9
2010,9,Sant Andreu,60,Sant Andreu,186,9022,..,1,10
2010,9,Sant Andreu,60,Sant Andreu,186,9022,..,1,11
2010,9,Sant Andreu,60,Sant Andreu,186,9022,..,1,16
2010,9,Sant Andreu,60,Sant Andreu,186,9022,5,2,1
2010,9,Sant Andreu,60,Sant Andreu,186,9022,..,2,3
2010,9,Sant Andreu,60,Sant Andreu,186,9022,..,2,4
2010,9,Sant Andreu,60,Sant Andreu,186,9022,6,2,5
2010,9,Sant Andreu,60,Sant Andreu,186,9022,..,2,6
2010,9,Sant Andreu,60,Sant Andreu,186,9022,..,2,7
2010,9,Sant Andreu,60,Sant Andreu,186,9022,..,2,8
2010,9,Sant Andreu,60,Sant Andreu,186,9022,..,2,9
2010,9,Sant Andreu,60,Sant Andreu,186,9022,..,2,12
2010,9,Sant Andreu,60,Sant Andreu,186,9023,..,1,1
2010,9,Sant Andreu,60,Sant Andreu,186,9023,..,1,3
2010,9,Sant Andreu,60,Sant Andreu,186,9023,..,1,4
2010,9,Sant Andreu,60,Sant Andreu,186,9023,..,1,5
2010,9,Sant Andreu,60,Sant Andreu,186,9023,..,1,6
2010,9,Sant Andreu,60,Sant Andreu,186,9023,..,1,9
2010,9,Sant Andreu,60,Sant Andreu,186,9023,..,1,11
2010,9,Sant Andreu,60,Sant Andreu,186,9023,..,2,1
2010,9,Sant Andreu,60,Sant Andreu,186,9023,..,2,2
2010,9,Sant Andreu,60,Sant Andreu,186,9023,..,2,5
2010,9,Sant Andreu,60,Sant Andreu,186,9023,7,2,6
2010,9,Sant Andreu,60,Sant Andreu,186,9023,..,2,7
2010,9,Sant Andreu,60,Sant Andreu,186,9023,..,2,8
2010,9,Sant Andreu,60,Sant Andreu,186,9023,..,2,9
2010,9,Sant Andreu,60,Sant Andreu,186,9023,..,2,13
2010,9,Sant Andreu,60,Sant Andreu,186,9023,..,2,15
2010,9,Sant Andreu,60,Sant Andreu,187,9024,..,1,1
2010,9,Sant Andreu,60,Sant Andreu,187,9024,..,1,2
2010,9,Sant Andreu,60,Sant Andreu,187,9024,..,1,3
2010,9,Sant Andreu,60,Sant Andreu,187,9024,..,1,4
2010,9,Sant Andreu,60,Sant Andreu,187,9024,7,1,5
2010,9,Sant Andreu,60,Sant Andreu,187,9024,6,1,6
2010,9,Sant Andreu,60,Sant Andreu,187,9024,..,1,7
2010,9,Sant Andreu,60,Sant Andreu,187,9024,..,1,8
2010,9,Sant Andreu,60,Sant Andreu,187,9024,..,1,16
2010,9,Sant Andreu,60,Sant Andreu,187,9024,..,2,1
2010,9,Sant Andreu,60,Sant Andreu,187,9024,..,2,3
2010,9,Sant Andreu,60,Sant Andreu,187,9024,..,2,4
2010,9,Sant Andreu,60,Sant Andreu,187,9024,..,2,5
2010,9,Sant Andreu,60,Sant Andreu,187,9024,..,2,6
2010,9,Sant Andreu,60,Sant Andreu,187,9024,..,2,7
2010,9,Sant Andreu,60,Sant Andreu,187,9024,..,2,8
2010,9,Sant Andreu,60,Sant Andreu,187,9024,..,2,10
2010,9,Sant Andreu,60,Sant Andreu,187,9024,..,2,11
2010,9,Sant Andreu,60,Sant Andreu,187,9025,..,1,0
2010,9,Sant Andreu,60,Sant Andreu,187,9025,..,1,2
2010,9,Sant Andreu,60,Sant Andreu,187,9025,..,1,4
2010,9,Sant Andreu,60,Sant Andreu,187,9025,6,1,5
2010,9,Sant Andreu,60,Sant Andreu,187,9025,..,1,6
2010,9,Sant Andreu,60,Sant Andreu,187,9025,..,1,7
2010,9,Sant Andreu,60,Sant Andreu,187,9025,..,1,8
2010,9,Sant Andreu,60,Sant Andreu,187,9025,..,1,11
2010,9,Sant Andreu,60,Sant Andreu,187,9025,..,1,14
2010,9,Sant Andreu,60,Sant Andreu,187,9025,..,2,0
2010,9,Sant Andreu,60,Sant Andreu,187,9025,..,2,3
2010,9,Sant Andreu,60,Sant Andreu,187,9025,..,2,4
2010,9,Sant Andreu,60,Sant Andreu,187,9025,..,2,5
2010,9,Sant Andreu,60,Sant Andreu,187,9025,..,2,6
2010,9,Sant Andreu,60,Sant Andreu,187,9025,..,2,7
2010,9,Sant Andreu,60,Sant Andreu,187,9025,..,2,8
2010,9,Sant Andreu,60,Sant Andreu,187,9025,..,2,9
2010,9,Sant Andreu,60,Sant Andreu,187,9025,..,2,10
2010,9,Sant Andreu,60,Sant Andreu,187,9026,..,1,1
2010,9,Sant Andreu,60,Sant Andreu,187,9026,..,1,2
2010,9,Sant Andreu,60,Sant Andreu,187,9026,..,1,3
2010,9,Sant Andreu,60,Sant Andreu,187,9026,..,1,4
2010,9,Sant Andreu,60,Sant Andreu,187,9026,6,1,5
2010,9,Sant Andreu,60,Sant Andreu,187,9026,9,1,6
2010,9,Sant Andreu,60,Sant Andreu,187,9026,..,1,7
2010,9,Sant Andreu,60,Sant Andreu,187,9026,..,1,8
2010,9,Sant Andreu,60,Sant Andreu,187,9026,..,1,10
2010,9,Sant Andreu,60,Sant Andreu,187,9026,..,1,12
2010,9,Sant Andreu,60,Sant Andreu,187,9026,..,1,16
2010,9,Sant Andreu,60,Sant Andreu,187,9026,..,2,0
2010,9,Sant Andreu,60,Sant Andreu,187,9026,..,2,1
2010,9,Sant Andreu,60,Sant Andreu,187,9026,..,2,2
2010,9,Sant Andreu,60,Sant Andreu,187,9026,..,2,3
2010,9,Sant Andreu,60,Sant Andreu,187,9026,..,2,4
2010,9,Sant Andreu,60,Sant Andreu,187,9026,7,2,5
2010,9,Sant Andreu,60,Sant Andreu,187,9026,6,2,6
2010,9,Sant Andreu,60,Sant Andreu,187,9026,..,2,7
2010,9,Sant Andreu,60,Sant Andreu,187,9026,5,2,8
2010,9,Sant Andreu,60,Sant Andreu,187,9026,..,2,9
2010,9,Sant Andreu,60,Sant Andreu,187,9026,..,2,10
2010,9,Sant Andreu,60,Sant Andreu,187,9026,..,2,12
2010,9,Sant Andreu,60,Sant Andreu,187,9026,..,2,13
2010,9,Sant Andreu,60,Sant Andreu,187,9026,..,2,14
2010,9,Sant Andreu,60,Sant Andreu,187,9027,..,1,3
2010,9,Sant Andreu,60,Sant Andreu,187,9027,5,1,4
2010,9,Sant Andreu,60,Sant Andreu,187,9027,5,1,5
2010,9,Sant Andreu,60,Sant Andreu,187,9027,..,1,8
2010,9,Sant Andreu,60,Sant Andreu,187,9027,..,1,10
2010,9,Sant Andreu,60,Sant Andreu,187,9027,..,1,11
2010,9,Sant Andreu,60,Sant Andreu,187,9027,..,2,0
2010,9,Sant Andreu,60,Sant Andreu,187,9027,..,2,1
2010,9,Sant Andreu,60,Sant Andreu,187,9027,..,2,2
2010,9,Sant Andreu,60,Sant Andreu,187,9027,..,2,3
2010,9,Sant Andreu,60,Sant Andreu,187,9027,..,2,5
2010,9,Sant Andreu,60,Sant Andreu,187,9027,5,2,6
2010,9,Sant Andreu,60,Sant Andreu,187,9027,..,2,7
2010,9,Sant Andreu,60,Sant Andreu,187,9027,..,2,8
2010,9,Sant Andreu,60,Sant Andreu,187,9027,..,2,10
2010,9,Sant Andreu,60,Sant Andreu,187,9027,..,2,11
2010,9,Sant Andreu,60,Sant Andreu,187,9027,..,2,13
2010,9,Sant Andreu,60,Sant Andreu,188,9028,..,1,1
2010,9,Sant Andreu,60,Sant Andreu,188,9028,..,1,2
2010,9,Sant Andreu,60,Sant Andreu,188,9028,..,1,5
2010,9,Sant Andreu,60,Sant Andreu,188,9028,..,1,6
2010,9,Sant Andreu,60,Sant Andreu,188,9028,..,1,7
2010,9,Sant Andreu,60,Sant Andreu,188,9028,..,1,8
2010,9,Sant Andreu,60,Sant Andreu,188,9028,..,1,13
2010,9,Sant Andreu,60,Sant Andreu,188,9028,..,1,15
2010,9,Sant Andreu,60,Sant Andreu,188,9028,..,1,16
2010,9,Sant Andreu,60,Sant Andreu,188,9028,..,1,17
2010,9,Sant Andreu,60,Sant Andreu,188,9028,..,2,0
2010,9,Sant Andreu,60,Sant Andreu,188,9028,..,2,1
2010,9,Sant Andreu,60,Sant Andreu,188,9028,..,2,5
2010,9,Sant Andreu,60,Sant Andreu,188,9028,..,2,6
2010,9,Sant Andreu,60,Sant Andreu,188,9028,..,2,7
2010,9,Sant Andreu,60,Sant Andreu,188,9028,..,2,8
2010,9,Sant Andreu,60,Sant Andreu,188,9028,..,2,9
2010,9,Sant Andreu,60,Sant Andreu,188,9028,..,2,13
2010,9,Sant Andreu,60,Sant Andreu,188,9029,..,1,3
2010,9,Sant Andreu,60,Sant Andreu,188,9029,6,1,4
2010,9,Sant Andreu,60,Sant Andreu,188,9029,..,1,5
2010,9,Sant Andreu,60,Sant Andreu,188,9029,..,1,6
2010,9,Sant Andreu,60,Sant Andreu,188,9029,..,1,7
2010,9,Sant Andreu,60,Sant Andreu,188,9029,..,1,17
2010,9,Sant Andreu,60,Sant Andreu,188,9029,..,2,2
2010,9,Sant Andreu,60,Sant Andreu,188,9029,..,2,4
2010,9,Sant Andreu,60,Sant Andreu,188,9029,..,2,5
2010,9,Sant Andreu,60,Sant Andreu,188,9029,6,2,6
2010,9,Sant Andreu,60,Sant Andreu,188,9029,5,2,7
2010,9,Sant Andreu,60,Sant Andreu,188,9029,..,2,8
2010,9,Sant Andreu,60,Sant Andreu,188,9029,..,2,9
2010,9,Sant Andreu,60,Sant Andreu,188,9029,..,2,10
2010,9,Sant Andreu,60,Sant Andreu,188,9029,..,2,12
2010,9,Sant Andreu,60,Sant Andreu,188,9030,..,1,4
2010,9,Sant Andreu,60,Sant Andreu,188,9030,7,1,5
2010,9,Sant Andreu,60,Sant Andreu,188,9030,..,1,6
2010,9,Sant Andreu,60,Sant Andreu,188,9030,..,1,7
2010,9,Sant Andreu,60,Sant Andreu,188,9030,..,1,8
2010,9,Sant Andreu,60,Sant Andreu,188,9030,..,2,2
2010,9,Sant Andreu,60,Sant Andreu,188,9030,..,2,3
2010,9,Sant Andreu,60,Sant Andreu,188,9030,..,2,5
2010,9,Sant Andreu,60,Sant Andreu,188,9030,..,2,6
2010,9,Sant Andreu,60,Sant Andreu,188,9030,..,2,7
2010,9,Sant Andreu,60,Sant Andreu,188,9030,..,2,8
2010,9,Sant Andreu,60,Sant Andreu,188,9030,..,2,9
2010,9,Sant Andreu,60,Sant Andreu,188,9030,..,2,10
2010,9,Sant Andreu,60,Sant Andreu,188,9030,..,2,11
2010,9,Sant Andreu,60,Sant Andreu,188,9030,..,2,12
2010,9,Sant Andreu,60,Sant Andreu,188,9031,..,1,3
2010,9,Sant Andreu,60,Sant Andreu,188,9031,..,1,5
2010,9,Sant Andreu,60,Sant Andreu,188,9031,..,1,6
2010,9,Sant Andreu,60,Sant Andreu,188,9031,..,1,7
2010,9,Sant Andreu,60,Sant Andreu,188,9031,..,1,9
2010,9,Sant Andreu,60,Sant Andreu,188,9031,..,1,14
2010,9,Sant Andreu,60,Sant Andreu,188,9031,..,1,17
2010,9,Sant Andreu,60,Sant Andreu,188,9031,..,2,0
2010,9,Sant Andreu,60,Sant Andreu,188,9031,..,2,5
2010,9,Sant Andreu,60,Sant Andreu,188,9031,..,2,6
2010,9,Sant Andreu,60,Sant Andreu,188,9031,..,2,7
2010,9,Sant Andreu,60,Sant Andreu,188,9031,..,2,8
2010,9,Sant Andreu,60,Sant Andreu,188,9031,..,2,9
2010,9,Sant Andreu,60,Sant Andreu,188,9031,..,2,10
2010,9,Sant Andreu,60,Sant Andreu,188,9031,..,2,14
2010,9,Sant Andreu,60,Sant Andreu,189,9032,..,1,1
2010,9,Sant Andreu,60,Sant Andreu,189,9032,..,1,2
2010,9,Sant Andreu,60,Sant Andreu,189,9032,..,1,3
2010,9,Sant Andreu,60,Sant Andreu,189,9032,5,1,4
2010,9,Sant Andreu,60,Sant Andreu,189,9032,..,1,5
2010,9,Sant Andreu,60,Sant Andreu,189,9032,..,1,6
2010,9,Sant Andreu,60,Sant Andreu,189,9032,..,1,7
2010,9,Sant Andreu,60,Sant Andreu,189,9032,..,1,8
2010,9,Sant Andreu,60,Sant Andreu,189,9032,..,1,9
2010,9,Sant Andreu,60,Sant Andreu,189,9032,..,1,11
2010,9,Sant Andreu,60,Sant Andreu,189,9032,..,1,12
2010,9,Sant Andreu,60,Sant Andreu,189,9032,..,1,14
2010,9,Sant Andreu,60,Sant Andreu,189,9032,..,1,15
2010,9,Sant Andreu,60,Sant Andreu,189,9032,..,1,17
2010,9,Sant Andreu,60,Sant Andreu,189,9032,..,2,0
2010,9,Sant Andreu,60,Sant Andreu,189,9032,..,2,1
2010,9,Sant Andreu,60,Sant Andreu,189,9032,5,2,4
2010,9,Sant Andreu,60,Sant Andreu,189,9032,5,2,5
2010,9,Sant Andreu,60,Sant Andreu,189,9032,5,2,6
2010,9,Sant Andreu,60,Sant Andreu,189,9032,..,2,7
2010,9,Sant Andreu,60,Sant Andreu,189,9033,6,1,0
2010,9,Sant Andreu,60,Sant Andreu,189,9033,..,1,1
2010,9,Sant Andreu,60,Sant Andreu,189,9033,..,1,2
2010,9,Sant Andreu,60,Sant Andreu,189,9033,..,1,3
2010,9,Sant Andreu,60,Sant Andreu,189,9033,11,1,4
2010,9,Sant Andreu,60,Sant Andreu,189,9033,21,1,5
2010,9,Sant Andreu,60,Sant Andreu,189,9033,16,1,6
2010,9,Sant Andreu,60,Sant Andreu,189,9033,..,1,7
2010,9,Sant Andreu,60,Sant Andreu,189,9033,..,1,8
2010,9,Sant Andreu,60,Sant Andreu,189,9033,6,1,9
2010,9,Sant Andreu,60,Sant Andreu,189,9033,..,1,10
2010,9,Sant Andreu,60,Sant Andreu,189,9033,..,1,11
2010,9,Sant Andreu,60,Sant Andreu,189,9033,..,1,12
2010,9,Sant Andreu,60,Sant Andreu,189,9033,..,1,15
2010,9,Sant Andreu,60,Sant Andreu,189,9033,..,1,16
2010,9,Sant Andreu,60,Sant Andreu,189,9033,..,2,0
2010,9,Sant Andreu,60,Sant Andreu,189,9033,..,2,1
2010,9,Sant Andreu,60,Sant Andreu,189,9033,..,2,2
2010,9,Sant Andreu,60,Sant Andreu,189,9033,..,2,3
2010,9,Sant Andreu,60,Sant Andreu,189,9033,9,2,4
2010,9,Sant Andreu,60,Sant Andreu,189,9033,11,2,5
2010,9,Sant Andreu,60,Sant Andreu,189,9033,12,2,6
2010,9,Sant Andreu,60,Sant Andreu,189,9033,11,2,7
2010,9,Sant Andreu,60,Sant Andreu,189,9033,6,2,8
2010,9,Sant Andreu,60,Sant Andreu,189,9033,..,2,9
2010,9,Sant Andreu,60,Sant Andreu,189,9033,..,2,10
2010,9,Sant Andreu,60,Sant Andreu,189,9033,..,2,11
2010,9,Sant Andreu,60,Sant Andreu,189,9033,..,2,15
2010,9,Sant Andreu,60,Sant Andreu,189,9033,..,2,16
2010,9,Sant Andreu,60,Sant Andreu,190,9034,..,1,1
2010,9,Sant Andreu,60,Sant Andreu,190,9034,..,1,2
2010,9,Sant Andreu,60,Sant Andreu,190,9034,..,1,3
2010,9,Sant Andreu,60,Sant Andreu,190,9034,..,1,4
2010,9,Sant Andreu,60,Sant Andreu,190,9034,8,1,5
2010,9,Sant Andreu,60,Sant Andreu,190,9034,5,1,6
2010,9,Sant Andreu,60,Sant Andreu,190,9034,..,1,7
2010,9,Sant Andreu,60,Sant Andreu,190,9034,..,2,0
2010,9,Sant Andreu,60,Sant Andreu,190,9034,..,2,1
2010,9,Sant Andreu,60,Sant Andreu,190,9034,..,2,3
2010,9,Sant Andreu,60,Sant Andreu,190,9034,..,2,4
2010,9,Sant Andreu,60,Sant Andreu,190,9034,..,2,5
2010,9,Sant Andreu,60,Sant Andreu,190,9034,7,2,6
2010,9,Sant Andreu,60,Sant Andreu,190,9034,7,2,7
2010,9,Sant Andreu,60,Sant Andreu,190,9034,..,2,9
2010,9,Sant Andreu,60,Sant Andreu,190,9034,..,2,10
2010,9,Sant Andreu,60,Sant Andreu,190,9034,..,2,15
2010,9,Sant Andreu,60,Sant Andreu,190,9035,..,1,4
2010,9,Sant Andreu,60,Sant Andreu,190,9035,8,1,5
2010,9,Sant Andreu,60,Sant Andreu,190,9035,..,1,6
2010,9,Sant Andreu,60,Sant Andreu,190,9035,..,1,8
2010,9,Sant Andreu,60,Sant Andreu,190,9035,..,1,9
2010,9,Sant Andreu,60,Sant Andreu,190,9035,..,1,10
2010,9,Sant Andreu,60,Sant Andreu,190,9035,..,1,11
2010,9,Sant Andreu,60,Sant Andreu,190,9035,..,1,14
2010,9,Sant Andreu,60,Sant Andreu,190,9035,..,1,17
2010,9,Sant Andreu,60,Sant Andreu,190,9035,..,2,0
2010,9,Sant Andreu,60,Sant Andreu,190,9035,..,2,1
2010,9,Sant Andreu,60,Sant Andreu,190,9035,..,2,4
2010,9,Sant Andreu,60,Sant Andreu,190,9035,..,2,5
2010,9,Sant Andreu,60,Sant Andreu,190,9035,..,2,6
2010,9,Sant Andreu,60,Sant Andreu,190,9035,5,2,7
2010,9,Sant Andreu,60,Sant Andreu,190,9035,..,2,8
2010,9,Sant Andreu,60,Sant Andreu,190,9035,..,2,9
2010,9,Sant Andreu,60,Sant Andreu,190,9035,..,2,14
2010,9,Sant Andreu,60,Sant Andreu,190,9035,..,2,16
2010,9,Sant Andreu,60,Sant Andreu,190,9036,..,1,0
2010,9,Sant Andreu,60,Sant Andreu,190,9036,..,1,1
2010,9,Sant Andreu,60,Sant Andreu,190,9036,..,1,2
2010,9,Sant Andreu,60,Sant Andreu,190,9036,..,1,3
2010,9,Sant Andreu,60,Sant Andreu,190,9036,..,1,4
2010,9,Sant Andreu,60,Sant Andreu,190,9036,..,1,5
2010,9,Sant Andreu,60,Sant Andreu,190,9036,..,1,6
2010,9,Sant Andreu,60,Sant Andreu,190,9036,..,1,7
2010,9,Sant Andreu,60,Sant Andreu,190,9036,..,1,8
2010,9,Sant Andreu,60,Sant Andreu,190,9036,..,1,9
2010,9,Sant Andreu,60,Sant Andreu,190,9036,..,1,10
2010,9,Sant Andreu,60,Sant Andreu,190,9036,..,1,15
2010,9,Sant Andreu,60,Sant Andreu,190,9036,..,2,1
2010,9,Sant Andreu,60,Sant Andreu,190,9036,..,2,2
2010,9,Sant Andreu,60,Sant Andreu,190,9036,..,2,3
2010,9,Sant Andreu,60,Sant Andreu,190,9036,..,2,4
2010,9,Sant Andreu,60,Sant Andreu,190,9036,5,2,5
2010,9,Sant Andreu,60,Sant Andreu,190,9036,..,2,6
2010,9,Sant Andreu,60,Sant Andreu,190,9036,..,2,7
2010,9,Sant Andreu,60,Sant Andreu,190,9036,..,2,8
2010,9,Sant Andreu,60,Sant Andreu,190,9036,..,2,9
2010,9,Sant Andreu,60,Sant Andreu,190,9036,..,2,10
2010,9,Sant Andreu,60,Sant Andreu,190,9036,..,2,17
2010,9,Sant Andreu,60,Sant Andreu,190,9037,..,1,0
2010,9,Sant Andreu,60,Sant Andreu,190,9037,..,1,1
2010,9,Sant Andreu,60,Sant Andreu,190,9037,..,1,3
2010,9,Sant Andreu,60,Sant Andreu,190,9037,7,1,4
2010,9,Sant Andreu,60,Sant Andreu,190,9037,..,1,5
2010,9,Sant Andreu,60,Sant Andreu,190,9037,6,1,6
2010,9,Sant Andreu,60,Sant Andreu,190,9037,..,1,7
2010,9,Sant Andreu,60,Sant Andreu,190,9037,..,1,8
2010,9,Sant Andreu,60,Sant Andreu,190,9037,..,1,15
2010,9,Sant Andreu,60,Sant Andreu,190,9037,..,1,16
2010,9,Sant Andreu,60,Sant Andreu,190,9037,..,2,0
2010,9,Sant Andreu,60,Sant Andreu,190,9037,..,2,3
2010,9,Sant Andreu,60,Sant Andreu,190,9037,..,2,4
2010,9,Sant Andreu,60,Sant Andreu,190,9037,5,2,5
2010,9,Sant Andreu,60,Sant Andreu,190,9037,..,2,6
2010,9,Sant Andreu,60,Sant Andreu,190,9037,..,2,7
2010,9,Sant Andreu,60,Sant Andreu,190,9037,..,2,8
2010,9,Sant Andreu,60,Sant Andreu,190,9037,..,2,9
2010,9,Sant Andreu,60,Sant Andreu,190,9037,..,2,10
2010,9,Sant Andreu,60,Sant Andreu,190,9037,..,2,16
2010,9,Sant Andreu,60,Sant Andreu,190,9038,..,1,0
2010,9,Sant Andreu,60,Sant Andreu,190,9038,..,1,2
2010,9,Sant Andreu,60,Sant Andreu,190,9038,..,1,3
2010,9,Sant Andreu,60,Sant Andreu,190,9038,6,1,4
2010,9,Sant Andreu,60,Sant Andreu,190,9038,..,1,5
2010,9,Sant Andreu,60,Sant Andreu,190,9038,5,1,6
2010,9,Sant Andreu,60,Sant Andreu,190,9038,..,1,7
2010,9,Sant Andreu,60,Sant Andreu,190,9038,..,1,8
2010,9,Sant Andreu,60,Sant Andreu,190,9038,..,1,9
2010,9,Sant Andreu,60,Sant Andreu,190,9038,..,1,11
2010,9,Sant Andreu,60,Sant Andreu,190,9038,..,1,16
2010,9,Sant Andreu,60,Sant Andreu,190,9038,..,2,0
2010,9,Sant Andreu,60,Sant Andreu,190,9038,..,2,1
2010,9,Sant Andreu,60,Sant Andreu,190,9038,..,2,5
2010,9,Sant Andreu,60,Sant Andreu,190,9038,..,2,6
2010,9,Sant Andreu,60,Sant Andreu,190,9038,5,2,7
2010,9,Sant Andreu,60,Sant Andreu,190,9038,..,2,8
2010,9,Sant Andreu,60,Sant Andreu,190,9038,..,2,12
2010,9,Sant Andreu,60,Sant Andreu,190,9038,..,2,13
2010,9,Sant Andreu,60,Sant Andreu,190,9039,..,1,0
2010,9,Sant Andreu,60,Sant Andreu,190,9039,..,1,3
2010,9,Sant Andreu,60,Sant Andreu,190,9039,6,1,4
2010,9,Sant Andreu,60,Sant Andreu,190,9039,7,1,5
2010,9,Sant Andreu,60,Sant Andreu,190,9039,5,1,6
2010,9,Sant Andreu,60,Sant Andreu,190,9039,..,1,7
2010,9,Sant Andreu,60,Sant Andreu,190,9039,..,1,8
2010,9,Sant Andreu,60,Sant Andreu,190,9039,..,1,9
2010,9,Sant Andreu,60,Sant Andreu,190,9039,..,1,10
2010,9,Sant Andreu,60,Sant Andreu,190,9039,..,1,11
2010,9,Sant Andreu,60,Sant Andreu,190,9039,..,1,13
2010,9,Sant Andreu,60,Sant Andreu,190,9039,..,1,16
2010,9,Sant Andreu,60,Sant Andreu,190,9039,5,2,0
2010,9,Sant Andreu,60,Sant Andreu,190,9039,..,2,2
2010,9,Sant Andreu,60,Sant Andreu,190,9039,5,2,3
2010,9,Sant Andreu,60,Sant Andreu,190,9039,7,2,4
2010,9,Sant Andreu,60,Sant Andreu,190,9039,..,2,5
2010,9,Sant Andreu,60,Sant Andreu,190,9039,6,2,6
2010,9,Sant Andreu,60,Sant Andreu,190,9039,..,2,7
2010,9,Sant Andreu,60,Sant Andreu,190,9039,..,2,8
2010,9,Sant Andreu,60,Sant Andreu,190,9039,..,2,9
2010,9,Sant Andreu,60,Sant Andreu,190,9039,..,2,10
2010,9,Sant Andreu,60,Sant Andreu,190,9039,..,2,11
2010,9,Sant Andreu,60,Sant Andreu,190,9039,..,2,12
2010,9,Sant Andreu,60,Sant Andreu,190,9039,..,2,13
2010,9,Sant Andreu,60,Sant Andreu,190,9039,..,2,14
2010,9,Sant Andreu,60,Sant Andreu,191,9040,..,1,0
2010,9,Sant Andreu,60,Sant Andreu,191,9040,..,1,1
2010,9,Sant Andreu,60,Sant Andreu,191,9040,..,1,3
2010,9,Sant Andreu,60,Sant Andreu,191,9040,..,1,4
2010,9,Sant Andreu,60,Sant Andreu,191,9040,8,1,5
2010,9,Sant Andreu,60,Sant Andreu,191,9040,7,1,6
2010,9,Sant Andreu,60,Sant Andreu,191,9040,..,1,7
2010,9,Sant Andreu,60,Sant Andreu,191,9040,..,1,8
2010,9,Sant Andreu,60,Sant Andreu,191,9040,..,1,9
2010,9,Sant Andreu,60,Sant Andreu,191,9040,..,1,10
2010,9,Sant Andreu,60,Sant Andreu,191,9040,..,1,12
2010,9,Sant Andreu,60,Sant Andreu,191,9040,..,1,17
2010,9,Sant Andreu,60,Sant Andreu,191,9040,..,2,0
2010,9,Sant Andreu,60,Sant Andreu,191,9040,..,2,1
2010,9,Sant Andreu,60,Sant Andreu,191,9040,..,2,2
2010,9,Sant Andreu,60,Sant Andreu,191,9040,..,2,4
2010,9,Sant Andreu,60,Sant Andreu,191,9040,..,2,5
2010,9,Sant Andreu,60,Sant Andreu,191,9040,..,2,6
2010,9,Sant Andreu,60,Sant Andreu,191,9040,5,2,7
2010,9,Sant Andreu,60,Sant Andreu,191,9040,..,2,8
2010,9,Sant Andreu,60,Sant Andreu,191,9040,..,2,9
2010,9,Sant Andreu,60,Sant Andreu,191,9040,..,2,11
2010,9,Sant Andreu,60,Sant Andreu,191,9040,..,2,13
2010,9,Sant Andreu,60,Sant Andreu,191,9040,..,2,16
2010,9,Sant Andreu,60,Sant Andreu,191,9041,..,1,0
2010,9,Sant Andreu,60,Sant Andreu,191,9041,..,1,1
2010,9,Sant Andreu,60,Sant Andreu,191,9041,..,1,3
2010,9,Sant Andreu,60,Sant Andreu,191,9041,7,1,5
2010,9,Sant Andreu,60,Sant Andreu,191,9041,..,1,6
2010,9,Sant Andreu,60,Sant Andreu,191,9041,..,1,7
2010,9,Sant Andreu,60,Sant Andreu,191,9041,..,1,9
2010,9,Sant Andreu,60,Sant Andreu,191,9041,..,1,10
2010,9,Sant Andreu,60,Sant Andreu,191,9041,..,1,14
2010,9,Sant Andreu,60,Sant Andreu,191,9041,..,2,0
2010,9,Sant Andreu,60,Sant Andreu,191,9041,..,2,1
2010,9,Sant Andreu,60,Sant Andreu,191,9041,..,2,2
2010,9,Sant Andreu,60,Sant Andreu,191,9041,..,2,4
2010,9,Sant Andreu,60,Sant Andreu,191,9041,5,2,5
2010,9,Sant Andreu,60,Sant Andreu,191,9041,..,2,6
2010,9,Sant Andreu,60,Sant Andreu,191,9041,..,2,7
2010,9,Sant Andreu,60,Sant Andreu,191,9041,..,2,8
2010,9,Sant Andreu,60,Sant Andreu,191,9041,..,2,9
2010,9,Sant Andreu,60,Sant Andreu,191,9041,..,2,10
2010,9,Sant Andreu,60,Sant Andreu,191,9042,..,1,0
2010,9,Sant Andreu,60,Sant Andreu,191,9042,..,1,1
2010,9,Sant Andreu,60,Sant Andreu,191,9042,..,1,2
2010,9,Sant Andreu,60,Sant Andreu,191,9042,..,1,3
2010,9,Sant Andreu,60,Sant Andreu,191,9042,..,1,4
2010,9,Sant Andreu,60,Sant Andreu,191,9042,..,1,5
2010,9,Sant Andreu,60,Sant Andreu,191,9042,5,1,6
2010,9,Sant Andreu,60,Sant Andreu,191,9042,..,1,7
2010,9,Sant Andreu,60,Sant Andreu,191,9042,..,1,8
2010,9,Sant Andreu,60,Sant Andreu,191,9042,..,1,10
2010,9,Sant Andreu,60,Sant Andreu,191,9042,..,1,11
2010,9,Sant Andreu,60,Sant Andreu,191,9042,..,1,13
2010,9,Sant Andreu,60,Sant Andreu,191,9042,..,2,0
2010,9,Sant Andreu,60,Sant Andreu,191,9042,..,2,2
2010,9,Sant Andreu,60,Sant Andreu,191,9042,..,2,3
2010,9,Sant Andreu,60,Sant Andreu,191,9042,..,2,4
2010,9,Sant Andreu,60,Sant Andreu,191,9042,7,2,5
2010,9,Sant Andreu,60,Sant Andreu,191,9042,8,2,6
2010,9,Sant Andreu,60,Sant Andreu,191,9042,..,2,7
2010,9,Sant Andreu,60,Sant Andreu,191,9042,..,2,8
2010,9,Sant Andreu,60,Sant Andreu,191,9042,..,2,9
2010,9,Sant Andreu,60,Sant Andreu,191,9042,..,2,10
2010,9,Sant Andreu,60,Sant Andreu,191,9042,..,2,11
2010,9,Sant Andreu,60,Sant Andreu,191,9042,..,2,12
2010,9,Sant Andreu,60,Sant Andreu,191,9042,..,2,14
2010,9,Sant Andreu,60,Sant Andreu,191,9043,..,1,0
2010,9,Sant Andreu,60,Sant Andreu,191,9043,..,1,1
2010,9,Sant Andreu,60,Sant Andreu,191,9043,..,1,2
2010,9,Sant Andreu,60,Sant Andreu,191,9043,..,1,4
2010,9,Sant Andreu,60,Sant Andreu,191,9043,5,1,5
2010,9,Sant Andreu,60,Sant Andreu,191,9043,6,1,6
2010,9,Sant Andreu,60,Sant Andreu,191,9043,..,1,7
2010,9,Sant Andreu,60,Sant Andreu,191,9043,..,1,8
2010,9,Sant Andreu,60,Sant Andreu,191,9043,..,1,10
2010,9,Sant Andreu,60,Sant Andreu,191,9043,..,1,11
2010,9,Sant Andreu,60,Sant Andreu,191,9043,..,1,13
2010,9,Sant Andreu,60,Sant Andreu,191,9043,..,2,0
2010,9,Sant Andreu,60,Sant Andreu,191,9043,..,2,2
2010,9,Sant Andreu,60,Sant Andreu,191,9043,..,2,3
2010,9,Sant Andreu,60,Sant Andreu,191,9043,..,2,4
2010,9,Sant Andreu,60,Sant Andreu,191,9043,9,2,5
2010,9,Sant Andreu,60,Sant Andreu,191,9043,8,2,6
2010,9,Sant Andreu,60,Sant Andreu,191,9043,..,2,7
2010,9,Sant Andreu,60,Sant Andreu,191,9043,..,2,8
2010,9,Sant Andreu,60,Sant Andreu,191,9043,..,2,9
2010,9,Sant Andreu,60,Sant Andreu,191,9043,..,2,10
2010,9,Sant Andreu,60,Sant Andreu,191,9043,..,2,11
2010,9,Sant Andreu,60,Sant Andreu,191,9043,..,2,12
2010,9,Sant Andreu,60,Sant Andreu,191,9043,..,2,14
2010,9,Sant Andreu,60,Sant Andreu,191,9044,..,1,1
2010,9,Sant Andreu,60,Sant Andreu,191,9044,..,1,2
2010,9,Sant Andreu,60,Sant Andreu,191,9044,..,1,3
2010,9,Sant Andreu,60,Sant Andreu,191,9044,6,1,4
2010,9,Sant Andreu,60,Sant Andreu,191,9044,5,1,5
2010,9,Sant Andreu,60,Sant Andreu,191,9044,8,1,6
2010,9,Sant Andreu,60,Sant Andreu,191,9044,..,1,7
2010,9,Sant Andreu,60,Sant Andreu,191,9044,..,1,8
2010,9,Sant Andreu,60,Sant Andreu,191,9044,..,1,9
2010,9,Sant Andreu,60,Sant Andreu,191,9044,..,1,10
2010,9,Sant Andreu,60,Sant Andreu,191,9044,..,1,12
2010,9,Sant Andreu,60,Sant Andreu,191,9044,..,2,1
2010,9,Sant Andreu,60,Sant Andreu,191,9044,..,2,3
2010,9,Sant Andreu,60,Sant Andreu,191,9044,..,2,4
2010,9,Sant Andreu,60,Sant Andreu,191,9044,8,2,5
2010,9,Sant Andreu,60,Sant Andreu,191,9044,..,2,6
2010,9,Sant Andreu,60,Sant Andreu,191,9044,6,2,7
2010,9,Sant Andreu,60,Sant Andreu,191,9044,..,2,8
2010,9,Sant Andreu,60,Sant Andreu,191,9044,..,2,9
2010,9,Sant Andreu,60,Sant Andreu,191,9044,..,2,10
2010,9,Sant Andreu,60,Sant Andreu,191,9044,..,2,13
2010,9,Sant Andreu,60,Sant Andreu,191,9045,..,1,0
2010,9,Sant Andreu,60,Sant Andreu,191,9045,..,1,2
2010,9,Sant Andreu,60,Sant Andreu,191,9045,..,1,3
2010,9,Sant Andreu,60,Sant Andreu,191,9045,5,1,4
2010,9,Sant Andreu,60,Sant Andreu,191,9045,..,1,5
2010,9,Sant Andreu,60,Sant Andreu,191,9045,..,1,6
2010,9,Sant Andreu,60,Sant Andreu,191,9045,7,1,7
2010,9,Sant Andreu,60,Sant Andreu,191,9045,..,1,8
2010,9,Sant Andreu,60,Sant Andreu,191,9045,..,1,9
2010,9,Sant Andreu,60,Sant Andreu,191,9045,..,1,11
2010,9,Sant Andreu,60,Sant Andreu,191,9045,..,1,12
2010,9,Sant Andreu,60,Sant Andreu,191,9045,..,1,16
2010,9,Sant Andreu,60,Sant Andreu,191,9045,..,2,0
2010,9,Sant Andreu,60,Sant Andreu,191,9045,..,2,1
2010,9,Sant Andreu,60,Sant Andreu,191,9045,..,2,3
2010,9,Sant Andreu,60,Sant Andreu,191,9045,..,2,4
2010,9,Sant Andreu,60,Sant Andreu,191,9045,..,2,5
2010,9,Sant Andreu,60,Sant Andreu,191,9045,..,2,6
2010,9,Sant Andreu,60,Sant Andreu,191,9045,..,2,7
2010,9,Sant Andreu,60,Sant Andreu,191,9045,..,2,8
2010,9,Sant Andreu,60,Sant Andreu,191,9045,..,2,10
2010,9,Sant Andreu,60,Sant Andreu,191,9045,..,2,11
2010,9,Sant Andreu,60,Sant Andreu,191,9045,..,2,12
2010,9,Sant Andreu,60,Sant Andreu,192,9046,..,1,0
2010,9,Sant Andreu,60,Sant Andreu,192,9046,..,1,3
2010,9,Sant Andreu,60,Sant Andreu,192,9046,..,1,4
2010,9,Sant Andreu,60,Sant Andreu,192,9046,5,1,5
2010,9,Sant Andreu,60,Sant Andreu,192,9046,7,1,6
2010,9,Sant Andreu,60,Sant Andreu,192,9046,..,1,7
2010,9,Sant Andreu,60,Sant Andreu,192,9046,..,1,10
2010,9,Sant Andreu,60,Sant Andreu,192,9046,..,1,11
2010,9,Sant Andreu,60,Sant Andreu,192,9046,..,1,12
2010,9,Sant Andreu,60,Sant Andreu,192,9046,..,1,18
2010,9,Sant Andreu,60,Sant Andreu,192,9046,..,2,0
2010,9,Sant Andreu,60,Sant Andreu,192,9046,..,2,3
2010,9,Sant Andreu,60,Sant Andreu,192,9046,..,2,4
2010,9,Sant Andreu,60,Sant Andreu,192,9046,..,2,5
2010,9,Sant Andreu,60,Sant Andreu,192,9046,6,2,6
2010,9,Sant Andreu,60,Sant Andreu,192,9046,..,2,7
2010,9,Sant Andreu,60,Sant Andreu,192,9046,..,2,8
2010,9,Sant Andreu,60,Sant Andreu,192,9046,..,2,10
2010,9,Sant Andreu,60,Sant Andreu,192,9047,..,1,1
2010,9,Sant Andreu,60,Sant Andreu,192,9047,..,1,3
2010,9,Sant Andreu,60,Sant Andreu,192,9047,..,1,4
2010,9,Sant Andreu,60,Sant Andreu,192,9047,..,1,5
2010,9,Sant Andreu,60,Sant Andreu,192,9047,7,1,6
2010,9,Sant Andreu,60,Sant Andreu,192,9047,..,1,7
2010,9,Sant Andreu,60,Sant Andreu,192,9047,..,1,10
2010,9,Sant Andreu,60,Sant Andreu,192,9047,..,1,11
2010,9,Sant Andreu,60,Sant Andreu,192,9047,..,1,12
2010,9,Sant Andreu,60,Sant Andreu,192,9047,..,1,14
2010,9,Sant Andreu,60,Sant Andreu,192,9047,..,1,17
2010,9,Sant Andreu,60,Sant Andreu,192,9047,..,2,0
2010,9,Sant Andreu,60,Sant Andreu,192,9047,..,2,1
2010,9,Sant Andreu,60,Sant Andreu,192,9047,5,2,5
2010,9,Sant Andreu,60,Sant Andreu,192,9047,..,2,6
2010,9,Sant Andreu,60,Sant Andreu,192,9047,..,2,7
2010,9,Sant Andreu,60,Sant Andreu,192,9047,5,2,8
2010,9,Sant Andreu,60,Sant Andreu,192,9047,..,2,9
2010,9,Sant Andreu,60,Sant Andreu,192,9047,..,2,10
2010,9,Sant Andreu,60,Sant Andreu,192,9047,..,2,12
2010,9,Sant Andreu,60,Sant Andreu,192,9047,..,2,13
2010,9,Sant Andreu,60,Sant Andreu,192,9048,..,1,0
2010,9,Sant Andreu,60,Sant Andreu,192,9048,..,1,3
2010,9,Sant Andreu,60,Sant Andreu,192,9048,5,1,4
2010,9,Sant Andreu,60,Sant Andreu,192,9048,..,1,5
2010,9,Sant Andreu,60,Sant Andreu,192,9048,5,1,6
2010,9,Sant Andreu,60,Sant Andreu,192,9048,..,1,7
2010,9,Sant Andreu,60,Sant Andreu,192,9048,..,1,8
2010,9,Sant Andreu,60,Sant Andreu,192,9048,..,1,9
2010,9,Sant Andreu,60,Sant Andreu,192,9048,..,1,12
2010,9,Sant Andreu,60,Sant Andreu,192,9048,..,1,14
2010,9,Sant Andreu,60,Sant Andreu,192,9048,..,1,15
2010,9,Sant Andreu,60,Sant Andreu,192,9048,..,1,17
2010,9,Sant Andreu,60,Sant Andreu,192,9048,..,2,2
2010,9,Sant Andreu,60,Sant Andreu,192,9048,5,2,4
2010,9,Sant Andreu,60,Sant Andreu,192,9048,..,2,5
2010,9,Sant Andreu,60,Sant Andreu,192,9048,..,2,6
2010,9,Sant Andreu,60,Sant Andreu,192,9048,..,2,7
2010,9,Sant Andreu,60,Sant Andreu,192,9048,..,2,8
2010,9,Sant Andreu,60,Sant Andreu,192,9048,..,2,9
2010,9,Sant Andreu,60,Sant Andreu,192,9048,5,2,10
2010,9,Sant Andreu,60,Sant Andreu,192,9048,..,2,11
2010,9,Sant Andreu,60,Sant Andreu,192,9048,..,2,12
2010,9,Sant Andreu,60,Sant Andreu,192,9048,..,2,16
2010,9,Sant Andreu,60,Sant Andreu,192,9048,..,2,18
2010,9,Sant Andreu,60,Sant Andreu,192,9049,..,1,2
2010,9,Sant Andreu,60,Sant Andreu,192,9049,..,1,3
2010,9,Sant Andreu,60,Sant Andreu,192,9049,5,1,4
2010,9,Sant Andreu,60,Sant Andreu,192,9049,8,1,5
2010,9,Sant Andreu,60,Sant Andreu,192,9049,..,1,6
2010,9,Sant Andreu,60,Sant Andreu,192,9049,..,1,7
2010,9,Sant Andreu,60,Sant Andreu,192,9049,..,1,8
2010,9,Sant Andreu,60,Sant Andreu,192,9049,..,1,9
2010,9,Sant Andreu,60,Sant Andreu,192,9049,..,1,10
2010,9,Sant Andreu,60,Sant Andreu,192,9049,..,1,13
2010,9,Sant Andreu,60,Sant Andreu,192,9049,..,1,14
2010,9,Sant Andreu,60,Sant Andreu,192,9049,..,1,16
2010,9,Sant Andreu,60,Sant Andreu,192,9049,..,2,0
2010,9,Sant Andreu,60,Sant Andreu,192,9049,..,2,2
2010,9,Sant Andreu,60,Sant Andreu,192,9049,..,2,3
2010,9,Sant Andreu,60,Sant Andreu,192,9049,..,2,4
2010,9,Sant Andreu,60,Sant Andreu,192,9049,..,2,5
2010,9,Sant Andreu,60,Sant Andreu,192,9049,5,2,6
2010,9,Sant Andreu,60,Sant Andreu,192,9049,..,2,7
2010,9,Sant Andreu,60,Sant Andreu,192,9049,..,2,8
2010,9,Sant Andreu,60,Sant Andreu,192,9049,..,2,9
2010,9,Sant Andreu,60,Sant Andreu,192,9049,..,2,11
2010,9,Sant Andreu,60,Sant Andreu,192,9049,..,2,12
2010,9,Sant Andreu,60,Sant Andreu,192,9049,..,2,16
2010,9,Sant Andreu,60,Sant Andreu,192,9050,..,1,2
2010,9,Sant Andreu,60,Sant Andreu,192,9050,..,1,3
2010,9,Sant Andreu,60,Sant Andreu,192,9050,5,1,4
2010,9,Sant Andreu,60,Sant Andreu,192,9050,..,1,5
2010,9,Sant Andreu,60,Sant Andreu,192,9050,6,1,6
2010,9,Sant Andreu,60,Sant Andreu,192,9050,..,1,7
2010,9,Sant Andreu,60,Sant Andreu,192,9050,..,1,8
2010,9,Sant Andreu,60,Sant Andreu,192,9050,..,1,9
2010,9,Sant Andreu,60,Sant Andreu,192,9050,..,1,12
2010,9,Sant Andreu,60,Sant Andreu,192,9050,..,2,0
2010,9,Sant Andreu,60,Sant Andreu,192,9050,..,2,2
2010,9,Sant Andreu,60,Sant Andreu,192,9050,..,2,4
2010,9,Sant Andreu,60,Sant Andreu,192,9050,..,2,5
2010,9,Sant Andreu,60,Sant Andreu,192,9050,..,2,6
2010,9,Sant Andreu,60,Sant Andreu,192,9050,..,2,7
2010,9,Sant Andreu,60,Sant Andreu,192,9050,..,2,8
2010,9,Sant Andreu,60,Sant Andreu,192,9050,..,2,10
2010,9,Sant Andreu,60,Sant Andreu,192,9050,..,2,11
2010,9,Sant Andreu,60,Sant Andreu,192,9050,..,2,12
2010,9,Sant Andreu,60,Sant Andreu,192,9051,..,1,0
2010,9,Sant Andreu,60,Sant Andreu,192,9051,..,1,2
2010,9,Sant Andreu,60,Sant Andreu,192,9051,..,1,3
2010,9,Sant Andreu,60,Sant Andreu,192,9051,..,1,4
2010,9,Sant Andreu,60,Sant Andreu,192,9051,5,1,5
2010,9,Sant Andreu,60,Sant Andreu,192,9051,6,1,6
2010,9,Sant Andreu,60,Sant Andreu,192,9051,..,1,7
2010,9,Sant Andreu,60,Sant Andreu,192,9051,..,1,9
2010,9,Sant Andreu,60,Sant Andreu,192,9051,..,1,10
2010,9,Sant Andreu,60,Sant Andreu,192,9051,..,1,11
2010,9,Sant Andreu,60,Sant Andreu,192,9051,..,1,15
2010,9,Sant Andreu,60,Sant Andreu,192,9051,..,2,1
2010,9,Sant Andreu,60,Sant Andreu,192,9051,..,2,5
2010,9,Sant Andreu,60,Sant Andreu,192,9051,..,2,6
2010,9,Sant Andreu,60,Sant Andreu,192,9051,..,2,7
2010,9,Sant Andreu,60,Sant Andreu,192,9051,..,2,9
2010,9,Sant Andreu,60,Sant Andreu,192,9051,..,2,12
2010,9,Sant Andreu,60,Sant Andreu,192,9051,..,2,15
2010,9,Sant Andreu,60,Sant Andreu,192,9052,..,1,0
2010,9,Sant Andreu,60,Sant Andreu,192,9052,..,1,1
2010,9,Sant Andreu,60,Sant Andreu,192,9052,..,1,2
2010,9,Sant Andreu,60,Sant Andreu,192,9052,..,1,3
2010,9,Sant Andreu,60,Sant Andreu,192,9052,..,1,4
2010,9,Sant Andreu,60,Sant Andreu,192,9052,8,1,5
2010,9,Sant Andreu,60,Sant Andreu,192,9052,..,1,6
2010,9,Sant Andreu,60,Sant Andreu,192,9052,..,1,7
2010,9,Sant Andreu,60,Sant Andreu,192,9052,..,1,8
2010,9,Sant Andreu,60,Sant Andreu,192,9052,..,1,10
2010,9,Sant Andreu,60,Sant Andreu,192,9052,..,1,11
2010,9,Sant Andreu,60,Sant Andreu,192,9052,..,1,17
2010,9,Sant Andreu,60,Sant Andreu,192,9052,..,2,0
2010,9,Sant Andreu,60,Sant Andreu,192,9052,..,2,3
2010,9,Sant Andreu,60,Sant Andreu,192,9052,..,2,4
2010,9,Sant Andreu,60,Sant Andreu,192,9052,..,2,5
2010,9,Sant Andreu,60,Sant Andreu,192,9052,..,2,6
2010,9,Sant Andreu,60,Sant Andreu,192,9052,10,2,7
2010,9,Sant Andreu,60,Sant Andreu,192,9052,..,2,12
2010,9,Sant Andreu,60,Sant Andreu,192,9052,..,2,13
2010,9,Sant Andreu,60,Sant Andreu,192,9053,..,1,0
2010,9,Sant Andreu,60,Sant Andreu,192,9053,..,1,1
2010,9,Sant Andreu,60,Sant Andreu,192,9053,..,1,4
2010,9,Sant Andreu,60,Sant Andreu,192,9053,..,1,5
2010,9,Sant Andreu,60,Sant Andreu,192,9053,..,1,6
2010,9,Sant Andreu,60,Sant Andreu,192,9053,..,1,8
2010,9,Sant Andreu,60,Sant Andreu,192,9053,..,1,13
2010,9,Sant Andreu,60,Sant Andreu,192,9053,..,1,15
2010,9,Sant Andreu,60,Sant Andreu,192,9053,..,1,16
2010,9,Sant Andreu,60,Sant Andreu,192,9053,..,1,18
2010,9,Sant Andreu,60,Sant Andreu,192,9053,..,2,1
2010,9,Sant Andreu,60,Sant Andreu,192,9053,..,2,4
2010,9,Sant Andreu,60,Sant Andreu,192,9053,7,2,5
2010,9,Sant Andreu,60,Sant Andreu,192,9053,..,2,6
2010,9,Sant Andreu,60,Sant Andreu,192,9053,6,2,7
2010,9,Sant Andreu,60,Sant Andreu,192,9053,..,2,8
2010,9,Sant Andreu,60,Sant Andreu,192,9053,..,2,10
2010,9,Sant Andreu,60,Sant Andreu,192,9053,..,2,11
2010,9,Sant Andreu,60,Sant Andreu,192,9053,..,2,13
2010,9,Sant Andreu,60,Sant Andreu,192,9053,..,2,16
2010,9,Sant Andreu,60,Sant Andreu,192,9054,..,1,3
2010,9,Sant Andreu,60,Sant Andreu,192,9054,..,1,4
2010,9,Sant Andreu,60,Sant Andreu,192,9054,..,1,5
2010,9,Sant Andreu,60,Sant Andreu,192,9054,..,1,6
2010,9,Sant Andreu,60,Sant Andreu,192,9054,6,1,7
2010,9,Sant Andreu,60,Sant Andreu,192,9054,..,1,8
2010,9,Sant Andreu,60,Sant Andreu,192,9054,..,1,10
2010,9,Sant Andreu,60,Sant Andreu,192,9054,..,2,1
2010,9,Sant Andreu,60,Sant Andreu,192,9054,..,2,2
2010,9,Sant Andreu,60,Sant Andreu,192,9054,..,2,4
2010,9,Sant Andreu,60,Sant Andreu,192,9054,..,2,5
2010,9,Sant Andreu,60,Sant Andreu,192,9054,..,2,6
2010,9,Sant Andreu,60,Sant Andreu,192,9054,..,2,8
2010,9,Sant Andreu,60,Sant Andreu,192,9054,..,2,9
2010,9,Sant Andreu,60,Sant Andreu,192,9054,..,2,10
2010,9,Sant Andreu,61,la Sagrera,193,9055,5,1,0
2010,9,Sant Andreu,61,la Sagrera,193,9055,..,1,1
2010,9,Sant Andreu,61,la Sagrera,193,9055,..,1,2
2010,9,Sant Andreu,61,la Sagrera,193,9055,6,1,3
2010,9,Sant Andreu,61,la Sagrera,193,9055,9,1,4
2010,9,Sant Andreu,61,la Sagrera,193,9055,8,1,5
2010,9,Sant Andreu,61,la Sagrera,193,9055,12,1,6
2010,9,Sant Andreu,61,la Sagrera,193,9055,7,1,7
2010,9,Sant Andreu,61,la Sagrera,193,9055,..,1,8
2010,9,Sant Andreu,61,la Sagrera,193,9055,..,1,9
2010,9,Sant Andreu,61,la Sagrera,193,9055,..,1,10
2010,9,Sant Andreu,61,la Sagrera,193,9055,..,1,11
2010,9,Sant Andreu,61,la Sagrera,193,9055,..,1,12
2010,9,Sant Andreu,61,la Sagrera,193,9055,..,1,13
2010,9,Sant Andreu,61,la Sagrera,193,9055,..,1,14
2010,9,Sant Andreu,61,la Sagrera,193,9055,..,1,16
2010,9,Sant Andreu,61,la Sagrera,193,9055,..,1,19
2010,9,Sant Andreu,61,la Sagrera,193,9055,..,2,0
2010,9,Sant Andreu,61,la Sagrera,193,9055,5,2,1
2010,9,Sant Andreu,61,la Sagrera,193,9055,9,2,2
2010,9,Sant Andreu,61,la Sagrera,193,9055,..,2,3
2010,9,Sant Andreu,61,la Sagrera,193,9055,5,2,4
2010,9,Sant Andreu,61,la Sagrera,193,9055,12,2,5
2010,9,Sant Andreu,61,la Sagrera,193,9055,13,2,6
2010,9,Sant Andreu,61,la Sagrera,193,9055,5,2,7
2010,9,Sant Andreu,61,la Sagrera,193,9055,7,2,8
2010,9,Sant Andreu,61,la Sagrera,193,9055,..,2,9
2010,9,Sant Andreu,61,la Sagrera,193,9055,..,2,10
2010,9,Sant Andreu,61,la Sagrera,193,9055,..,2,11
2010,9,Sant Andreu,61,la Sagrera,193,9055,..,2,15
2010,9,Sant Andreu,61,la Sagrera,193,9055,..,2,18
2010,9,Sant Andreu,61,la Sagrera,193,9056,..,1,1
2010,9,Sant Andreu,61,la Sagrera,193,9056,..,1,2
2010,9,Sant Andreu,61,la Sagrera,193,9056,..,1,3
2010,9,Sant Andreu,61,la Sagrera,193,9056,..,1,5
2010,9,Sant Andreu,61,la Sagrera,193,9056,..,1,6
2010,9,Sant Andreu,61,la Sagrera,193,9056,..,1,7
2010,9,Sant Andreu,61,la Sagrera,193,9056,..,1,8
2010,9,Sant Andreu,61,la Sagrera,193,9056,..,1,9
2010,9,Sant Andreu,61,la Sagrera,193,9056,..,1,10
2010,9,Sant Andreu,61,la Sagrera,193,9056,..,1,11
2010,9,Sant Andreu,61,la Sagrera,193,9056,..,1,12
2010,9,Sant Andreu,61,la Sagrera,193,9056,..,1,13
2010,9,Sant Andreu,61,la Sagrera,193,9056,..,1,15
2010,9,Sant Andreu,61,la Sagrera,193,9056,..,1,17
2010,9,Sant Andreu,61,la Sagrera,193,9056,..,2,0
2010,9,Sant Andreu,61,la Sagrera,193,9056,..,2,1
2010,9,Sant Andreu,61,la Sagrera,193,9056,..,2,2
2010,9,Sant Andreu,61,la Sagrera,193,9056,..,2,4
2010,9,Sant Andreu,61,la Sagrera,193,9056,..,2,5
2010,9,Sant Andreu,61,la Sagrera,193,9056,..,2,6
2010,9,Sant Andreu,61,la Sagrera,193,9056,..,2,7
2010,9,Sant Andreu,61,la Sagrera,193,9056,..,2,8
2010,9,Sant Andreu,61,la Sagrera,193,9056,..,2,9
2010,9,Sant Andreu,61,la Sagrera,193,9056,..,2,11
2010,9,Sant Andreu,61,la Sagrera,193,9056,..,2,12
2010,9,Sant Andreu,61,la Sagrera,193,9056,..,2,13
2010,9,Sant Andreu,61,la Sagrera,193,9056,..,2,15
2010,9,Sant Andreu,61,la Sagrera,193,9057,..,1,0
2010,9,Sant Andreu,61,la Sagrera,193,9057,..,1,2
2010,9,Sant Andreu,61,la Sagrera,193,9057,..,1,3
2010,9,Sant Andreu,61,la Sagrera,193,9057,7,1,4
2010,9,Sant Andreu,61,la Sagrera,193,9057,6,1,5
2010,9,Sant Andreu,61,la Sagrera,193,9057,6,1,6
2010,9,Sant Andreu,61,la Sagrera,193,9057,..,1,7
2010,9,Sant Andreu,61,la Sagrera,193,9057,..,1,8
2010,9,Sant Andreu,61,la Sagrera,193,9057,..,1,9
2010,9,Sant Andreu,61,la Sagrera,193,9057,..,1,17
2010,9,Sant Andreu,61,la Sagrera,193,9057,..,2,0
2010,9,Sant Andreu,61,la Sagrera,193,9057,..,2,1
2010,9,Sant Andreu,61,la Sagrera,193,9057,7,2,3
2010,9,Sant Andreu,61,la Sagrera,193,9057,..,2,4
2010,9,Sant Andreu,61,la Sagrera,193,9057,8,2,5
2010,9,Sant Andreu,61,la Sagrera,193,9057,7,2,6
2010,9,Sant Andreu,61,la Sagrera,193,9057,..,2,7
2010,9,Sant Andreu,61,la Sagrera,193,9057,..,2,8
2010,9,Sant Andreu,61,la Sagrera,193,9057,5,2,9
2010,9,Sant Andreu,61,la Sagrera,193,9057,..,2,10
2010,9,Sant Andreu,61,la Sagrera,193,9057,..,2,11
2010,9,Sant Andreu,61,la Sagrera,193,9057,..,2,13
2010,9,Sant Andreu,61,la Sagrera,193,9057,..,2,15
2010,9,Sant Andreu,61,la Sagrera,193,9058,..,1,0
2010,9,Sant Andreu,61,la Sagrera,193,9058,..,1,1
2010,9,Sant Andreu,61,la Sagrera,193,9058,..,1,2
2010,9,Sant Andreu,61,la Sagrera,193,9058,..,1,3
2010,9,Sant Andreu,61,la Sagrera,193,9058,..,1,4
2010,9,Sant Andreu,61,la Sagrera,193,9058,7,1,5
2010,9,Sant Andreu,61,la Sagrera,193,9058,6,1,6
2010,9,Sant Andreu,61,la Sagrera,193,9058,5,1,7
2010,9,Sant Andreu,61,la Sagrera,193,9058,..,1,8
2010,9,Sant Andreu,61,la Sagrera,193,9058,..,1,10
2010,9,Sant Andreu,61,la Sagrera,193,9058,..,1,12
2010,9,Sant Andreu,61,la Sagrera,193,9058,..,1,13
2010,9,Sant Andreu,61,la Sagrera,193,9058,..,1,15
2010,9,Sant Andreu,61,la Sagrera,193,9058,..,1,17
2010,9,Sant Andreu,61,la Sagrera,193,9058,..,2,2
2010,9,Sant Andreu,61,la Sagrera,193,9058,..,2,3
2010,9,Sant Andreu,61,la Sagrera,193,9058,7,2,4
2010,9,Sant Andreu,61,la Sagrera,193,9058,6,2,5
2010,9,Sant Andreu,61,la Sagrera,193,9058,5,2,6
2010,9,Sant Andreu,61,la Sagrera,193,9058,..,2,7
2010,9,Sant Andreu,61,la Sagrera,193,9058,..,2,8
2010,9,Sant Andreu,61,la Sagrera,193,9058,..,2,9
2010,9,Sant Andreu,61,la Sagrera,193,9058,..,2,11
2010,9,Sant Andreu,61,la Sagrera,193,9058,..,2,14
2010,9,Sant Andreu,61,la Sagrera,193,9059,..,1,0
2010,9,Sant Andreu,61,la Sagrera,193,9059,..,1,2
2010,9,Sant Andreu,61,la Sagrera,193,9059,..,1,4
2010,9,Sant Andreu,61,la Sagrera,193,9059,8,1,5
2010,9,Sant Andreu,61,la Sagrera,193,9059,..,1,6
2010,9,Sant Andreu,61,la Sagrera,193,9059,..,1,8
2010,9,Sant Andreu,61,la Sagrera,193,9059,..,1,10
2010,9,Sant Andreu,61,la Sagrera,193,9059,..,1,12
2010,9,Sant Andreu,61,la Sagrera,193,9059,..,1,15
2010,9,Sant Andreu,61,la Sagrera,193,9059,..,2,0
2010,9,Sant Andreu,61,la Sagrera,193,9059,..,2,1
2010,9,Sant Andreu,61,la Sagrera,193,9059,..,2,3
2010,9,Sant Andreu,61,la Sagrera,193,9059,..,2,4
2010,9,Sant Andreu,61,la Sagrera,193,9059,6,2,5
2010,9,Sant Andreu,61,la Sagrera,193,9059,6,2,6
2010,9,Sant Andreu,61,la Sagrera,193,9059,..,2,7
2010,9,Sant Andreu,61,la Sagrera,193,9059,..,2,8
2010,9,Sant Andreu,61,la Sagrera,193,9059,..,2,9
2010,9,Sant Andreu,61,la Sagrera,193,9059,..,2,11
2010,9,Sant Andreu,61,la Sagrera,193,9059,..,2,13
2010,9,Sant Andreu,61,la Sagrera,193,9059,..,2,16
2010,9,Sant Andreu,61,la Sagrera,193,9060,..,1,3
2010,9,Sant Andreu,61,la Sagrera,193,9060,11,1,5
2010,9,Sant Andreu,61,la Sagrera,193,9060,5,1,6
2010,9,Sant Andreu,61,la Sagrera,193,9060,..,1,7
2010,9,Sant Andreu,61,la Sagrera,193,9060,..,1,8
2010,9,Sant Andreu,61,la Sagrera,193,9060,..,1,9
2010,9,Sant Andreu,61,la Sagrera,193,9060,..,1,10
2010,9,Sant Andreu,61,la Sagrera,193,9060,..,1,16
2010,9,Sant Andreu,61,la Sagrera,193,9060,..,2,0
2010,9,Sant Andreu,61,la Sagrera,193,9060,..,2,2
2010,9,Sant Andreu,61,la Sagrera,193,9060,..,2,3
2010,9,Sant Andreu,61,la Sagrera,193,9060,..,2,4
2010,9,Sant Andreu,61,la Sagrera,193,9060,..,2,6
2010,9,Sant Andreu,61,la Sagrera,193,9060,5,2,7
2010,9,Sant Andreu,61,la Sagrera,193,9060,5,2,8
2010,9,Sant Andreu,61,la Sagrera,193,9060,..,2,9
2010,9,Sant Andreu,61,la Sagrera,193,9060,..,2,12
2010,9,Sant Andreu,61,la Sagrera,193,9156,..,1,0
2010,9,Sant Andreu,61,la Sagrera,193,9156,..,1,1
2010,9,Sant Andreu,61,la Sagrera,193,9156,..,1,2
2010,9,Sant Andreu,61,la Sagrera,193,9156,..,1,3
2010,9,Sant Andreu,61,la Sagrera,193,9156,..,1,4
2010,9,Sant Andreu,61,la Sagrera,193,9156,12,1,5
2010,9,Sant Andreu,61,la Sagrera,193,9156,8,1,6
2010,9,Sant Andreu,61,la Sagrera,193,9156,..,1,8
2010,9,Sant Andreu,61,la Sagrera,193,9156,..,1,9
2010,9,Sant Andreu,61,la Sagrera,193,9156,..,1,10
2010,9,Sant Andreu,61,la Sagrera,193,9156,..,1,11
2010,9,Sant Andreu,61,la Sagrera,193,9156,..,1,12
2010,9,Sant Andreu,61,la Sagrera,193,9156,..,1,13
2010,9,Sant Andreu,61,la Sagrera,193,9156,..,1,14
2010,9,Sant Andreu,61,la Sagrera,193,9156,..,1,16
2010,9,Sant Andreu,61,la Sagrera,193,9156,..,1,17
2010,9,Sant Andreu,61,la Sagrera,193,9156,..,2,0
2010,9,Sant Andreu,61,la Sagrera,193,9156,..,2,1
2010,9,Sant Andreu,61,la Sagrera,193,9156,..,2,3
2010,9,Sant Andreu,61,la Sagrera,193,9156,..,2,4
2010,9,Sant Andreu,61,la Sagrera,193,9156,..,2,5
2010,9,Sant Andreu,61,la Sagrera,193,9156,7,2,6
2010,9,Sant Andreu,61,la Sagrera,193,9156,5,2,7
2010,9,Sant Andreu,61,la Sagrera,193,9156,..,2,8
2010,9,Sant Andreu,61,la Sagrera,193,9156,..,2,10
2010,9,Sant Andreu,61,la Sagrera,193,9156,..,2,11
2010,9,Sant Andreu,61,la Sagrera,193,9156,..,2,13
2010,9,Sant Andreu,61,la Sagrera,194,9061,..,1,0
2010,9,Sant Andreu,61,la Sagrera,194,9061,..,1,4
2010,9,Sant Andreu,61,la Sagrera,194,9061,5,1,5
2010,9,Sant Andreu,61,la Sagrera,194,9061,..,1,6
2010,9,Sant Andreu,61,la Sagrera,194,9061,..,1,13
2010,9,Sant Andreu,61,la Sagrera,194,9061,..,1,14
2010,9,Sant Andreu,61,la Sagrera,194,9061,..,1,15
2010,9,Sant Andreu,61,la Sagrera,194,9061,..,1,18
2010,9,Sant Andreu,61,la Sagrera,194,9061,..,1,19
2010,9,Sant Andreu,61,la Sagrera,194,9061,..,2,0
2010,9,Sant Andreu,61,la Sagrera,194,9061,..,2,4
2010,9,Sant Andreu,61,la Sagrera,194,9061,..,2,5
2010,9,Sant Andreu,61,la Sagrera,194,9061,7,2,6
2010,9,Sant Andreu,61,la Sagrera,194,9061,7,2,7
2010,9,Sant Andreu,61,la Sagrera,194,9062,..,1,0
2010,9,Sant Andreu,61,la Sagrera,194,9062,..,1,1
2010,9,Sant Andreu,61,la Sagrera,194,9062,..,1,2
2010,9,Sant Andreu,61,la Sagrera,194,9062,..,1,3
2010,9,Sant Andreu,61,la Sagrera,194,9062,..,1,4
2010,9,Sant Andreu,61,la Sagrera,194,9062,8,1,5
2010,9,Sant Andreu,61,la Sagrera,194,9062,5,1,6
2010,9,Sant Andreu,61,la Sagrera,194,9062,..,1,7
2010,9,Sant Andreu,61,la Sagrera,194,9062,..,1,8
2010,9,Sant Andreu,61,la Sagrera,194,9062,..,1,11
2010,9,Sant Andreu,61,la Sagrera,194,9062,..,1,12
2010,9,Sant Andreu,61,la Sagrera,194,9062,..,1,14
2010,9,Sant Andreu,61,la Sagrera,194,9062,..,2,0
2010,9,Sant Andreu,61,la Sagrera,194,9062,..,2,1
2010,9,Sant Andreu,61,la Sagrera,194,9062,..,2,2
2010,9,Sant Andreu,61,la Sagrera,194,9062,..,2,3
2010,9,Sant Andreu,61,la Sagrera,194,9062,..,2,4
2010,9,Sant Andreu,61,la Sagrera,194,9062,7,2,5
2010,9,Sant Andreu,61,la Sagrera,194,9062,..,2,6
2010,9,Sant Andreu,61,la Sagrera,194,9062,6,2,7
2010,9,Sant Andreu,61,la Sagrera,194,9062,..,2,8
2010,9,Sant Andreu,61,la Sagrera,194,9062,..,2,9
2010,9,Sant Andreu,61,la Sagrera,194,9062,..,2,10
2010,9,Sant Andreu,61,la Sagrera,194,9062,..,2,11
2010,9,Sant Andreu,61,la Sagrera,194,9062,..,2,12
2010,9,Sant Andreu,61,la Sagrera,194,9062,..,2,15
2010,9,Sant Andreu,61,la Sagrera,195,9063,..,1,0
2010,9,Sant Andreu,61,la Sagrera,195,9063,..,1,1
2010,9,Sant Andreu,61,la Sagrera,195,9063,..,1,2
2010,9,Sant Andreu,61,la Sagrera,195,9063,..,1,4
2010,9,Sant Andreu,61,la Sagrera,195,9063,10,1,5
2010,9,Sant Andreu,61,la Sagrera,195,9063,..,1,6
2010,9,Sant Andreu,61,la Sagrera,195,9063,..,1,7
2010,9,Sant Andreu,61,la Sagrera,195,9063,..,1,8
2010,9,Sant Andreu,61,la Sagrera,195,9063,..,1,11
2010,9,Sant Andreu,61,la Sagrera,195,9063,..,2,0
2010,9,Sant Andreu,61,la Sagrera,195,9063,..,2,1
2010,9,Sant Andreu,61,la Sagrera,195,9063,..,2,3
2010,9,Sant Andreu,61,la Sagrera,195,9063,..,2,4
2010,9,Sant Andreu,61,la Sagrera,195,9063,8,2,5
2010,9,Sant Andreu,61,la Sagrera,195,9063,6,2,6
2010,9,Sant Andreu,61,la Sagrera,195,9063,5,2,7
2010,9,Sant Andreu,61,la Sagrera,195,9063,..,2,8
2010,9,Sant Andreu,61,la Sagrera,195,9063,..,2,10
2010,9,Sant Andreu,61,la Sagrera,195,9063,..,2,11
2010,9,Sant Andreu,61,la Sagrera,195,9063,..,2,12
2010,9,Sant Andreu,61,la Sagrera,195,9063,..,2,13
2010,9,Sant Andreu,61,la Sagrera,195,9064,..,1,3
2010,9,Sant Andreu,61,la Sagrera,195,9064,6,1,4
2010,9,Sant Andreu,61,la Sagrera,195,9064,..,1,5
2010,9,Sant Andreu,61,la Sagrera,195,9064,6,1,6
2010,9,Sant Andreu,61,la Sagrera,195,9064,..,1,7
2010,9,Sant Andreu,61,la Sagrera,195,9064,..,1,8
2010,9,Sant Andreu,61,la Sagrera,195,9064,..,1,9
2010,9,Sant Andreu,61,la Sagrera,195,9064,..,1,10
2010,9,Sant Andreu,61,la Sagrera,195,9064,..,1,13
2010,9,Sant Andreu,61,la Sagrera,195,9064,..,1,17
2010,9,Sant Andreu,61,la Sagrera,195,9064,..,1,20
2010,9,Sant Andreu,61,la Sagrera,195,9064,..,2,0
2010,9,Sant Andreu,61,la Sagrera,195,9064,..,2,2
2010,9,Sant Andreu,61,la Sagrera,195,9064,..,2,3
2010,9,Sant Andreu,61,la Sagrera,195,9064,..,2,4
2010,9,Sant Andreu,61,la Sagrera,195,9064,..,2,5
2010,9,Sant Andreu,61,la Sagrera,195,9064,..,2,6
2010,9,Sant Andreu,61,la Sagrera,195,9064,..,2,7
2010,9,Sant Andreu,61,la Sagrera,195,9064,..,2,8
2010,9,Sant Andreu,61,la Sagrera,195,9064,..,2,10
2010,9,Sant Andreu,61,la Sagrera,195,9064,..,2,11
2010,9,Sant Andreu,61,la Sagrera,195,9064,..,2,14
2010,9,Sant Andreu,61,la Sagrera,195,9064,..,2,17
2010,9,Sant Andreu,61,la Sagrera,195,9065,..,1,0
2010,9,Sant Andreu,61,la Sagrera,195,9065,..,1,1
2010,9,Sant Andreu,61,la Sagrera,195,9065,..,1,3
2010,9,Sant Andreu,61,la Sagrera,195,9065,11,1,4
2010,9,Sant Andreu,61,la Sagrera,195,9065,14,1,5
2010,9,Sant Andreu,61,la Sagrera,195,9065,7,1,6
2010,9,Sant Andreu,61,la Sagrera,195,9065,..,1,7
2010,9,Sant Andreu,61,la Sagrera,195,9065,..,1,8
2010,9,Sant Andreu,61,la Sagrera,195,9065,..,1,9
2010,9,Sant Andreu,61,la Sagrera,195,9065,..,1,10
2010,9,Sant Andreu,61,la Sagrera,195,9065,..,1,11
2010,9,Sant Andreu,61,la Sagrera,195,9065,..,1,12
2010,9,Sant Andreu,61,la Sagrera,195,9065,..,1,17
2010,9,Sant Andreu,61,la Sagrera,195,9065,..,2,0
2010,9,Sant Andreu,61,la Sagrera,195,9065,..,2,1
2010,9,Sant Andreu,61,la Sagrera,195,9065,..,2,2
2010,9,Sant Andreu,61,la Sagrera,195,9065,..,2,3
2010,9,Sant Andreu,61,la Sagrera,195,9065,..,2,4
2010,9,Sant Andreu,61,la Sagrera,195,9065,11,2,5
2010,9,Sant Andreu,61,la Sagrera,195,9065,..,2,6
2010,9,Sant Andreu,61,la Sagrera,195,9065,..,2,7
2010,9,Sant Andreu,61,la Sagrera,195,9065,6,2,8
2010,9,Sant Andreu,61,la Sagrera,195,9065,..,2,9
2010,9,Sant Andreu,61,la Sagrera,195,9065,..,2,12
2010,9,Sant Andreu,61,la Sagrera,195,9065,..,2,13
2010,9,Sant Andreu,61,la Sagrera,195,9065,..,2,15
2010,9,Sant Andreu,61,la Sagrera,195,9065,..,2,16
2010,9,Sant Andreu,61,la Sagrera,195,9066,..,1,1
2010,9,Sant Andreu,61,la Sagrera,195,9066,..,1,3
2010,9,Sant Andreu,61,la Sagrera,195,9066,..,1,4
2010,9,Sant Andreu,61,la Sagrera,195,9066,6,1,5
2010,9,Sant Andreu,61,la Sagrera,195,9066,..,1,6
2010,9,Sant Andreu,61,la Sagrera,195,9066,..,1,7
2010,9,Sant Andreu,61,la Sagrera,195,9066,..,1,8
2010,9,Sant Andreu,61,la Sagrera,195,9066,..,1,11
2010,9,Sant Andreu,61,la Sagrera,195,9066,..,1,12
2010,9,Sant Andreu,61,la Sagrera,195,9066,..,1,13
2010,9,Sant Andreu,61,la Sagrera,195,9066,..,1,14
2010,9,Sant Andreu,61,la Sagrera,195,9066,..,2,0
2010,9,Sant Andreu,61,la Sagrera,195,9066,..,2,2
2010,9,Sant Andreu,61,la Sagrera,195,9066,..,2,3
2010,9,Sant Andreu,61,la Sagrera,195,9066,..,2,4
2010,9,Sant Andreu,61,la Sagrera,195,9066,..,2,5
2010,9,Sant Andreu,61,la Sagrera,195,9066,8,2,6
2010,9,Sant Andreu,61,la Sagrera,195,9066,6,2,7
2010,9,Sant Andreu,61,la Sagrera,195,9066,..,2,8
2010,9,Sant Andreu,61,la Sagrera,195,9067,..,1,0
2010,9,Sant Andreu,61,la Sagrera,195,9067,..,1,2
2010,9,Sant Andreu,61,la Sagrera,195,9067,..,1,3
2010,9,Sant Andreu,61,la Sagrera,195,9067,5,1,4
2010,9,Sant Andreu,61,la Sagrera,195,9067,5,1,5
2010,9,Sant Andreu,61,la Sagrera,195,9067,5,1,6
2010,9,Sant Andreu,61,la Sagrera,195,9067,..,1,7
2010,9,Sant Andreu,61,la Sagrera,195,9067,..,1,8
2010,9,Sant Andreu,61,la Sagrera,195,9067,..,1,11
2010,9,Sant Andreu,61,la Sagrera,195,9067,..,1,12
2010,9,Sant Andreu,61,la Sagrera,195,9067,..,1,13
2010,9,Sant Andreu,61,la Sagrera,195,9067,..,1,15
2010,9,Sant Andreu,61,la Sagrera,195,9067,..,2,0
2010,9,Sant Andreu,61,la Sagrera,195,9067,..,2,2
2010,9,Sant Andreu,61,la Sagrera,195,9067,..,2,4
2010,9,Sant Andreu,61,la Sagrera,195,9067,..,2,5
2010,9,Sant Andreu,61,la Sagrera,195,9067,..,2,6
2010,9,Sant Andreu,61,la Sagrera,195,9067,..,2,7
2010,9,Sant Andreu,61,la Sagrera,195,9067,..,2,8
2010,9,Sant Andreu,61,la Sagrera,195,9067,..,2,9
2010,9,Sant Andreu,61,la Sagrera,195,9067,..,2,12
2010,9,Sant Andreu,61,la Sagrera,195,9067,..,2,13
2010,9,Sant Andreu,61,la Sagrera,196,9068,..,1,1
2010,9,Sant Andreu,61,la Sagrera,196,9068,..,1,2
2010,9,Sant Andreu,61,la Sagrera,196,9068,..,1,3
2010,9,Sant Andreu,61,la Sagrera,196,9068,..,1,4
2010,9,Sant Andreu,61,la Sagrera,196,9068,..,1,5
2010,9,Sant Andreu,61,la Sagrera,196,9068,6,1,6
2010,9,Sant Andreu,61,la Sagrera,196,9068,..,1,7
2010,9,Sant Andreu,61,la Sagrera,196,9068,..,1,10
2010,9,Sant Andreu,61,la Sagrera,196,9068,..,1,11
2010,9,Sant Andreu,61,la Sagrera,196,9068,..,1,12
2010,9,Sant Andreu,61,la Sagrera,196,9068,..,1,13
2010,9,Sant Andreu,61,la Sagrera,196,9068,..,1,17
2010,9,Sant Andreu,61,la Sagrera,196,9068,..,2,0
2010,9,Sant Andreu,61,la Sagrera,196,9068,..,2,2
2010,9,Sant Andreu,61,la Sagrera,196,9068,..,2,4
2010,9,Sant Andreu,61,la Sagrera,196,9068,7,2,5
2010,9,Sant Andreu,61,la Sagrera,196,9068,..,2,6
2010,9,Sant Andreu,61,la Sagrera,196,9068,..,2,7
2010,9,Sant Andreu,61,la Sagrera,196,9068,..,2,8
2010,9,Sant Andreu,61,la Sagrera,196,9068,..,2,9
2010,9,Sant Andreu,61,la Sagrera,196,9068,..,2,10
2010,9,Sant Andreu,61,la Sagrera,196,9068,..,2,12
2010,9,Sant Andreu,61,la Sagrera,196,9068,..,2,13
2010,9,Sant Andreu,61,la Sagrera,196,9068,..,2,17
2010,9,Sant Andreu,61,la Sagrera,196,9069,..,1,1
2010,9,Sant Andreu,61,la Sagrera,196,9069,..,1,3
2010,9,Sant Andreu,61,la Sagrera,196,9069,..,1,4
2010,9,Sant Andreu,61,la Sagrera,196,9069,..,1,5
2010,9,Sant Andreu,61,la Sagrera,196,9069,..,1,6
2010,9,Sant Andreu,61,la Sagrera,196,9069,..,1,7
2010,9,Sant Andreu,61,la Sagrera,196,9069,..,1,12
2010,9,Sant Andreu,61,la Sagrera,196,9069,..,1,14
2010,9,Sant Andreu,61,la Sagrera,196,9069,..,1,16
2010,9,Sant Andreu,61,la Sagrera,196,9069,..,2,2
2010,9,Sant Andreu,61,la Sagrera,196,9069,..,2,3
2010,9,Sant Andreu,61,la Sagrera,196,9069,..,2,4
2010,9,Sant Andreu,61,la Sagrera,196,9069,..,2,6
2010,9,Sant Andreu,61,la Sagrera,196,9069,..,2,7
2010,9,Sant Andreu,61,la Sagrera,196,9069,..,2,8
2010,9,Sant Andreu,61,la Sagrera,196,9069,..,2,9
2010,9,Sant Andreu,61,la Sagrera,196,9069,..,2,12
2010,9,Sant Andreu,61,la Sagrera,196,9069,..,2,14
2010,9,Sant Andreu,61,la Sagrera,196,9070,..,1,0
2010,9,Sant Andreu,61,la Sagrera,196,9070,..,1,1
2010,9,Sant Andreu,61,la Sagrera,196,9070,..,1,2
2010,9,Sant Andreu,61,la Sagrera,196,9070,..,1,3
2010,9,Sant Andreu,61,la Sagrera,196,9070,14,1,4
2010,9,Sant Andreu,61,la Sagrera,196,9070,8,1,5
2010,9,Sant Andreu,61,la Sagrera,196,9070,8,1,6
2010,9,Sant Andreu,61,la Sagrera,196,9070,6,1,7
2010,9,Sant Andreu,61,la Sagrera,196,9070,6,1,8
2010,9,Sant Andreu,61,la Sagrera,196,9070,..,1,9
2010,9,Sant Andreu,61,la Sagrera,196,9070,5,1,10
2010,9,Sant Andreu,61,la Sagrera,196,9070,..,1,11
2010,9,Sant Andreu,61,la Sagrera,196,9070,..,1,12
2010,9,Sant Andreu,61,la Sagrera,196,9070,..,1,15
2010,9,Sant Andreu,61,la Sagrera,196,9070,..,2,0
2010,9,Sant Andreu,61,la Sagrera,196,9070,..,2,1
2010,9,Sant Andreu,61,la Sagrera,196,9070,..,2,2
2010,9,Sant Andreu,61,la Sagrera,196,9070,6,2,3
2010,9,Sant Andreu,61,la Sagrera,196,9070,..,2,4
2010,9,Sant Andreu,61,la Sagrera,196,9070,9,2,5
2010,9,Sant Andreu,61,la Sagrera,196,9070,5,2,6
2010,9,Sant Andreu,61,la Sagrera,196,9070,8,2,7
2010,9,Sant Andreu,61,la Sagrera,196,9070,..,2,8
2010,9,Sant Andreu,61,la Sagrera,196,9070,..,2,9
2010,9,Sant Andreu,61,la Sagrera,196,9070,..,2,10
2010,9,Sant Andreu,61,la Sagrera,196,9070,..,2,14
2010,9,Sant Andreu,61,la Sagrera,196,9071,..,1,0
2010,9,Sant Andreu,61,la Sagrera,196,9071,..,1,2
2010,9,Sant Andreu,61,la Sagrera,196,9071,5,1,3
2010,9,Sant Andreu,61,la Sagrera,196,9071,8,1,4
2010,9,Sant Andreu,61,la Sagrera,196,9071,14,1,5
2010,9,Sant Andreu,61,la Sagrera,196,9071,6,1,6
2010,9,Sant Andreu,61,la Sagrera,196,9071,..,1,7
2010,9,Sant Andreu,61,la Sagrera,196,9071,8,1,8
2010,9,Sant Andreu,61,la Sagrera,196,9071,..,1,10
2010,9,Sant Andreu,61,la Sagrera,196,9071,..,1,11
2010,9,Sant Andreu,61,la Sagrera,196,9071,..,1,12
2010,9,Sant Andreu,61,la Sagrera,196,9071,..,2,0
2010,9,Sant Andreu,61,la Sagrera,196,9071,..,2,1
2010,9,Sant Andreu,61,la Sagrera,196,9071,..,2,2
2010,9,Sant Andreu,61,la Sagrera,196,9071,..,2,3
2010,9,Sant Andreu,61,la Sagrera,196,9071,5,2,4
2010,9,Sant Andreu,61,la Sagrera,196,9071,8,2,5
2010,9,Sant Andreu,61,la Sagrera,196,9071,8,2,6
2010,9,Sant Andreu,61,la Sagrera,196,9071,..,2,7
2010,9,Sant Andreu,61,la Sagrera,196,9071,5,2,8
2010,9,Sant Andreu,61,la Sagrera,196,9071,..,2,9
2010,9,Sant Andreu,61,la Sagrera,196,9071,..,2,10
2010,9,Sant Andreu,61,la Sagrera,196,9071,..,2,11
2010,9,Sant Andreu,61,la Sagrera,196,9071,..,2,12
2010,9,Sant Andreu,61,la Sagrera,196,9071,..,2,13
2010,9,Sant Andreu,61,la Sagrera,196,9071,..,2,14
2010,9,Sant Andreu,61,la Sagrera,196,9072,..,1,0
2010,9,Sant Andreu,61,la Sagrera,196,9072,..,1,1
2010,9,Sant Andreu,61,la Sagrera,196,9072,..,1,2
2010,9,Sant Andreu,61,la Sagrera,196,9072,..,1,3
2010,9,Sant Andreu,61,la Sagrera,196,9072,..,1,4
2010,9,Sant Andreu,61,la Sagrera,196,9072,..,1,5
2010,9,Sant Andreu,61,la Sagrera,196,9072,12,1,6
2010,9,Sant Andreu,61,la Sagrera,196,9072,6,1,7
2010,9,Sant Andreu,61,la Sagrera,196,9072,..,1,8
2010,9,Sant Andreu,61,la Sagrera,196,9072,..,1,9
2010,9,Sant Andreu,61,la Sagrera,196,9072,..,1,10
2010,9,Sant Andreu,61,la Sagrera,196,9072,..,1,11
2010,9,Sant Andreu,61,la Sagrera,196,9072,..,1,15
2010,9,Sant Andreu,61,la Sagrera,196,9072,..,1,16
2010,9,Sant Andreu,61,la Sagrera,196,9072,..,2,0
2010,9,Sant Andreu,61,la Sagrera,196,9072,..,2,1
2010,9,Sant Andreu,61,la Sagrera,196,9072,..,2,2
2010,9,Sant Andreu,61,la Sagrera,196,9072,..,2,3
2010,9,Sant Andreu,61,la Sagrera,196,9072,..,2,4
2010,9,Sant Andreu,61,la Sagrera,196,9072,8,2,5
2010,9,Sant Andreu,61,la Sagrera,196,9072,5,2,6
2010,9,Sant Andreu,61,la Sagrera,196,9072,7,2,7
2010,9,Sant Andreu,61,la Sagrera,196,9072,..,2,8
2010,9,Sant Andreu,61,la Sagrera,196,9072,..,2,9
2010,9,Sant Andreu,61,la Sagrera,196,9072,..,2,12
2010,9,Sant Andreu,61,la Sagrera,196,9072,..,2,15
2010,9,Sant Andreu,61,la Sagrera,196,9072,..,2,16
2010,9,Sant Andreu,61,la Sagrera,196,9073,..,1,0
2010,9,Sant Andreu,61,la Sagrera,196,9073,..,1,2
2010,9,Sant Andreu,61,la Sagrera,196,9073,..,1,3
2010,9,Sant Andreu,61,la Sagrera,196,9073,..,1,4
2010,9,Sant Andreu,61,la Sagrera,196,9073,8,1,5
2010,9,Sant Andreu,61,la Sagrera,196,9073,..,1,6
2010,9,Sant Andreu,61,la Sagrera,196,9073,..,1,7
2010,9,Sant Andreu,61,la Sagrera,196,9073,..,1,8
2010,9,Sant Andreu,61,la Sagrera,196,9073,..,1,9
2010,9,Sant Andreu,61,la Sagrera,196,9073,..,1,11
2010,9,Sant Andreu,61,la Sagrera,196,9073,..,1,14
2010,9,Sant Andreu,61,la Sagrera,196,9073,..,2,2
2010,9,Sant Andreu,61,la Sagrera,196,9073,..,2,4
2010,9,Sant Andreu,61,la Sagrera,196,9073,..,2,5
2010,9,Sant Andreu,61,la Sagrera,196,9073,..,2,6
2010,9,Sant Andreu,61,la Sagrera,196,9073,..,2,7
2010,9,Sant Andreu,61,la Sagrera,196,9073,..,2,8
2010,9,Sant Andreu,61,la Sagrera,196,9073,..,2,9
2010,9,Sant Andreu,61,la Sagrera,196,9073,..,2,10
2010,9,Sant Andreu,61,la Sagrera,196,9073,..,2,13
2010,9,Sant Andreu,61,la Sagrera,196,9073,..,2,15
2010,9,Sant Andreu,62,el Congrés i els Indians,197,9074,..,1,1
2010,9,Sant Andreu,62,el Congrés i els Indians,197,9074,..,1,2
2010,9,Sant Andreu,62,el Congrés i els Indians,197,9074,..,1,3
2010,9,Sant Andreu,62,el Congrés i els Indians,197,9074,11,1,4
2010,9,Sant Andreu,62,el Congrés i els Indians,197,9074,..,1,5
2010,9,Sant Andreu,62,el Congrés i els Indians,197,9074,..,1,6
2010,9,Sant Andreu,62,el Congrés i els Indians,197,9074,..,1,7
2010,9,Sant Andreu,62,el Congrés i els Indians,197,9074,..,1,8
2010,9,Sant Andreu,62,el Congrés i els Indians,197,9074,..,1,9
2010,9,Sant Andreu,62,el Congrés i els Indians,197,9074,..,1,11
2010,9,Sant Andreu,62,el Congrés i els Indians,197,9074,..,1,13
2010,9,Sant Andreu,62,el Congrés i els Indians,197,9074,..,2,0
2010,9,Sant Andreu,62,el Congrés i els Indians,197,9074,..,2,3
2010,9,Sant Andreu,62,el Congrés i els Indians,197,9074,7,2,4
2010,9,Sant Andreu,62,el Congrés i els Indians,197,9074,7,2,5
2010,9,Sant Andreu,62,el Congrés i els Indians,197,9074,5,2,6
2010,9,Sant Andreu,62,el Congrés i els Indians,197,9074,7,2,7
2010,9,Sant Andreu,62,el Congrés i els Indians,197,9074,..,2,9
2010,9,Sant Andreu,62,el Congrés i els Indians,197,9074,..,2,10
2010,9,Sant Andreu,62,el Congrés i els Indians,197,9075,..,1,0
2010,9,Sant Andreu,62,el Congrés i els Indians,197,9075,..,1,1
2010,9,Sant Andreu,62,el Congrés i els Indians,197,9075,6,1,2
2010,9,Sant Andreu,62,el Congrés i els Indians,197,9075,..,1,3
2010,9,Sant Andreu,62,el Congrés i els Indians,197,9075,6,1,4
2010,9,Sant Andreu,62,el Congrés i els Indians,197,9075,6,1,5
2010,9,Sant Andreu,62,el Congrés i els Indians,197,9075,..,1,6
2010,9,Sant Andreu,62,el Congrés i els Indians,197,9075,..,1,7
2010,9,Sant Andreu,62,el Congrés i els Indians,197,9075,..,1,8
2010,9,Sant Andreu,62,el Congrés i els Indians,197,9075,..,1,9
2010,9,Sant Andreu,62,el Congrés i els Indians,197,9075,..,1,10
2010,9,Sant Andreu,62,el Congrés i els Indians,197,9075,..,1,11
2010,9,Sant Andreu,62,el Congrés i els Indians,197,9075,..,1,12
2010,9,Sant Andreu,62,el Congrés i els Indians,197,9075,..,1,14
2010,9,Sant Andreu,62,el Congrés i els Indians,197,9075,..,1,15
2010,9,Sant Andreu,62,el Congrés i els Indians,197,9075,..,1,17
2010,9,Sant Andreu,62,el Congrés i els Indians,197,9075,..,2,0
2010,9,Sant Andreu,62,el Congrés i els Indians,197,9075,..,2,1
2010,9,Sant Andreu,62,el Congrés i els Indians,197,9075,..,2,2
2010,9,Sant Andreu,62,el Congrés i els Indians,197,9075,5,2,3
2010,9,Sant Andreu,62,el Congrés i els Indians,197,9075,5,2,4
2010,9,Sant Andreu,62,el Congrés i els Indians,197,9075,..,2,5
2010,9,Sant Andreu,62,el Congrés i els Indians,197,9075,..,2,6
2010,9,Sant Andreu,62,el Congrés i els Indians,197,9075,..,2,7
2010,9,Sant Andreu,62,el Congrés i els Indians,197,9075,..,2,8
2010,9,Sant Andreu,62,el Congrés i els Indians,197,9075,..,2,9
2010,9,Sant Andreu,62,el Congrés i els Indians,197,9075,..,2,10
2010,9,Sant Andreu,62,el Congrés i els Indians,197,9075,..,2,11
2010,9,Sant Andreu,62,el Congrés i els Indians,197,9075,..,2,12
2010,9,Sant Andreu,62,el Congrés i els Indians,197,9075,..,2,15
2010,9,Sant Andreu,62,el Congrés i els Indians,197,9076,..,1,3
2010,9,Sant Andreu,62,el Congrés i els Indians,197,9076,..,1,4
2010,9,Sant Andreu,62,el Congrés i els Indians,197,9076,6,1,5
2010,9,Sant Andreu,62,el Congrés i els Indians,197,9076,..,1,6
2010,9,Sant Andreu,62,el Congrés i els Indians,197,9076,..,1,7
2010,9,Sant Andreu,62,el Congrés i els Indians,197,9076,..,1,9
2010,9,Sant Andreu,62,el Congrés i els Indians,197,9076,..,1,10
2010,9,Sant Andreu,62,el Congrés i els Indians,197,9076,..,1,12
2010,9,Sant Andreu,62,el Congrés i els Indians,197,9076,..,1,14
2010,9,Sant Andreu,62,el Congrés i els Indians,197,9076,..,2,0
2010,9,Sant Andreu,62,el Congrés i els Indians,197,9076,..,2,1
2010,9,Sant Andreu,62,el Congrés i els Indians,197,9076,..,2,2
2010,9,Sant Andreu,62,el Congrés i els Indians,197,9076,..,2,4
2010,9,Sant Andreu,62,el Congrés i els Indians,197,9076,5,2,5
2010,9,Sant Andreu,62,el Congrés i els Indians,197,9076,..,2,6
2010,9,Sant Andreu,62,el Congrés i els Indians,197,9076,..,2,7
2010,9,Sant Andreu,62,el Congrés i els Indians,197,9076,..,2,8
2010,9,Sant Andreu,62,el Congrés i els Indians,197,9076,..,2,9
2010,9,Sant Andreu,62,el Congrés i els Indians,197,9076,..,2,10
2010,9,Sant Andreu,62,el Congrés i els Indians,197,9076,..,2,13
2010,9,Sant Andreu,62,el Congrés i els Indians,197,9077,..,1,0
2010,9,Sant Andreu,62,el Congrés i els Indians,197,9077,..,1,1
2010,9,Sant Andreu,62,el Congrés i els Indians,197,9077,..,1,3
2010,9,Sant Andreu,62,el Congrés i els Indians,197,9077,..,1,4
2010,9,Sant Andreu,62,el Congrés i els Indians,197,9077,8,1,5
2010,9,Sant Andreu,62,el Congrés i els Indians,197,9077,6,1,6
2010,9,Sant Andreu,62,el Congrés i els Indians,197,9077,..,1,7
2010,9,Sant Andreu,62,el Congrés i els Indians,197,9077,..,1,8
2010,9,Sant Andreu,62,el Congrés i els Indians,197,9077,..,1,9
2010,9,Sant Andreu,62,el Congrés i els Indians,197,9077,..,1,10
2010,9,Sant Andreu,62,el Congrés i els Indians,197,9077,..,2,0
2010,9,Sant Andreu,62,el Congrés i els Indians,197,9077,..,2,1
2010,9,Sant Andreu,62,el Congrés i els Indians,197,9077,..,2,4
2010,9,Sant Andreu,62,el Congrés i els Indians,197,9077,..,2,5
2010,9,Sant Andreu,62,el Congrés i els Indians,197,9077,..,2,6
2010,9,Sant Andreu,62,el Congrés i els Indians,197,9077,..,2,7
2010,9,Sant Andreu,62,el Congrés i els Indians,197,9077,..,2,10
2010,9,Sant Andreu,62,el Congrés i els Indians,197,9077,..,2,11
2010,9,Sant Andreu,62,el Congrés i els Indians,197,9077,..,2,12
2010,9,Sant Andreu,62,el Congrés i els Indians,198,9078,..,1,4
2010,9,Sant Andreu,62,el Congrés i els Indians,198,9078,10,1,5
2010,9,Sant Andreu,62,el Congrés i els Indians,198,9078,7,1,6
2010,9,Sant Andreu,62,el Congrés i els Indians,198,9078,5,1,7
2010,9,Sant Andreu,62,el Congrés i els Indians,198,9078,..,1,8
2010,9,Sant Andreu,62,el Congrés i els Indians,198,9078,..,1,10
2010,9,Sant Andreu,62,el Congrés i els Indians,198,9078,..,1,11
2010,9,Sant Andreu,62,el Congrés i els Indians,198,9078,..,1,13
2010,9,Sant Andreu,62,el Congrés i els Indians,198,9078,..,1,14
2010,9,Sant Andreu,62,el Congrés i els Indians,198,9078,..,2,1
2010,9,Sant Andreu,62,el Congrés i els Indians,198,9078,..,2,2
2010,9,Sant Andreu,62,el Congrés i els Indians,198,9078,..,2,3
2010,9,Sant Andreu,62,el Congrés i els Indians,198,9078,..,2,4
2010,9,Sant Andreu,62,el Congrés i els Indians,198,9078,5,2,5
2010,9,Sant Andreu,62,el Congrés i els Indians,198,9078,7,2,6
2010,9,Sant Andreu,62,el Congrés i els Indians,198,9078,..,2,7
2010,9,Sant Andreu,62,el Congrés i els Indians,198,9078,..,2,8
2010,9,Sant Andreu,62,el Congrés i els Indians,198,9078,..,2,9
2010,9,Sant Andreu,62,el Congrés i els Indians,198,9078,..,2,10
2010,9,Sant Andreu,62,el Congrés i els Indians,198,9078,..,2,11
2010,9,Sant Andreu,62,el Congrés i els Indians,198,9078,..,2,12
2010,9,Sant Andreu,62,el Congrés i els Indians,198,9079,..,1,0
2010,9,Sant Andreu,62,el Congrés i els Indians,198,9079,..,1,1
2010,9,Sant Andreu,62,el Congrés i els Indians,198,9079,..,1,3
2010,9,Sant Andreu,62,el Congrés i els Indians,198,9079,5,1,4
2010,9,Sant Andreu,62,el Congrés i els Indians,198,9079,..,1,5
2010,9,Sant Andreu,62,el Congrés i els Indians,198,9079,..,1,6
2010,9,Sant Andreu,62,el Congrés i els Indians,198,9079,..,1,7
2010,9,Sant Andreu,62,el Congrés i els Indians,198,9079,..,1,8
2010,9,Sant Andreu,62,el Congrés i els Indians,198,9079,..,1,9
2010,9,Sant Andreu,62,el Congrés i els Indians,198,9079,..,1,10
2010,9,Sant Andreu,62,el Congrés i els Indians,198,9079,..,1,11
2010,9,Sant Andreu,62,el Congrés i els Indians,198,9079,..,1,15
2010,9,Sant Andreu,62,el Congrés i els Indians,198,9079,..,2,0
2010,9,Sant Andreu,62,el Congrés i els Indians,198,9079,..,2,1
2010,9,Sant Andreu,62,el Congrés i els Indians,198,9079,..,2,2
2010,9,Sant Andreu,62,el Congrés i els Indians,198,9079,..,2,4
2010,9,Sant Andreu,62,el Congrés i els Indians,198,9079,..,2,5
2010,9,Sant Andreu,62,el Congrés i els Indians,198,9079,8,2,6
2010,9,Sant Andreu,62,el Congrés i els Indians,198,9079,5,2,7
2010,9,Sant Andreu,62,el Congrés i els Indians,198,9079,..,2,8
2010,9,Sant Andreu,62,el Congrés i els Indians,198,9079,..,2,10
2010,9,Sant Andreu,62,el Congrés i els Indians,198,9079,..,2,11
2010,9,Sant Andreu,62,el Congrés i els Indians,198,9080,..,1,0
2010,9,Sant Andreu,62,el Congrés i els Indians,198,9080,..,1,3
2010,9,Sant Andreu,62,el Congrés i els Indians,198,9080,..,1,4
2010,9,Sant Andreu,62,el Congrés i els Indians,198,9080,7,1,5
2010,9,Sant Andreu,62,el Congrés i els Indians,198,9080,..,1,6
2010,9,Sant Andreu,62,el Congrés i els Indians,198,9080,..,1,7
2010,9,Sant Andreu,62,el Congrés i els Indians,198,9080,..,1,8
2010,9,Sant Andreu,62,el Congrés i els Indians,198,9080,..,1,9
2010,9,Sant Andreu,62,el Congrés i els Indians,198,9080,..,1,11
2010,9,Sant Andreu,62,el Congrés i els Indians,198,9080,..,1,13
2010,9,Sant Andreu,62,el Congrés i els Indians,198,9080,..,2,1
2010,9,Sant Andreu,62,el Congrés i els Indians,198,9080,..,2,2
2010,9,Sant Andreu,62,el Congrés i els Indians,198,9080,..,2,3
2010,9,Sant Andreu,62,el Congrés i els Indians,198,9080,..,2,4
2010,9,Sant Andreu,62,el Congrés i els Indians,198,9080,5,2,5
2010,9,Sant Andreu,62,el Congrés i els Indians,198,9080,..,2,6
2010,9,Sant Andreu,62,el Congrés i els Indians,198,9080,..,2,7
2010,9,Sant Andreu,62,el Congrés i els Indians,198,9080,..,2,8
2010,9,Sant Andreu,62,el Congrés i els Indians,198,9080,..,2,9
2010,9,Sant Andreu,62,el Congrés i els Indians,198,9080,..,2,10
2010,9,Sant Andreu,62,el Congrés i els Indians,198,9080,..,2,14
2010,9,Sant Andreu,62,el Congrés i els Indians,198,9081,..,1,0
2010,9,Sant Andreu,62,el Congrés i els Indians,198,9081,..,1,3
2010,9,Sant Andreu,62,el Congrés i els Indians,198,9081,5,1,4
2010,9,Sant Andreu,62,el Congrés i els Indians,198,9081,8,1,5
2010,9,Sant Andreu,62,el Congrés i els Indians,198,9081,6,1,6
2010,9,Sant Andreu,62,el Congrés i els Indians,198,9081,..,1,7
2010,9,Sant Andreu,62,el Congrés i els Indians,198,9081,..,1,8
2010,9,Sant Andreu,62,el Congrés i els Indians,198,9081,..,1,9
2010,9,Sant Andreu,62,el Congrés i els Indians,198,9081,..,1,11
2010,9,Sant Andreu,62,el Congrés i els Indians,198,9081,..,1,15
2010,9,Sant Andreu,62,el Congrés i els Indians,198,9081,..,1,18
2010,9,Sant Andreu,62,el Congrés i els Indians,198,9081,..,2,1
2010,9,Sant Andreu,62,el Congrés i els Indians,198,9081,6,2,4
2010,9,Sant Andreu,62,el Congrés i els Indians,198,9081,10,2,5
2010,9,Sant Andreu,62,el Congrés i els Indians,198,9081,10,2,6
2010,9,Sant Andreu,62,el Congrés i els Indians,198,9081,..,2,7
2010,9,Sant Andreu,62,el Congrés i els Indians,198,9081,..,2,8
2010,9,Sant Andreu,62,el Congrés i els Indians,198,9081,..,2,9
2010,9,Sant Andreu,62,el Congrés i els Indians,198,9081,..,2,12
2010,9,Sant Andreu,62,el Congrés i els Indians,198,9081,..,2,18
2010,9,Sant Andreu,62,el Congrés i els Indians,198,9082,6,1,0
2010,9,Sant Andreu,62,el Congrés i els Indians,198,9082,..,1,1
2010,9,Sant Andreu,62,el Congrés i els Indians,198,9082,..,1,2
2010,9,Sant Andreu,62,el Congrés i els Indians,198,9082,..,1,3
2010,9,Sant Andreu,62,el Congrés i els Indians,198,9082,6,1,4
2010,9,Sant Andreu,62,el Congrés i els Indians,198,9082,..,1,5
2010,9,Sant Andreu,62,el Congrés i els Indians,198,9082,11,1,6
2010,9,Sant Andreu,62,el Congrés i els Indians,198,9082,..,1,7
2010,9,Sant Andreu,62,el Congrés i els Indians,198,9082,..,1,8
2010,9,Sant Andreu,62,el Congrés i els Indians,198,9082,..,1,9
2010,9,Sant Andreu,62,el Congrés i els Indians,198,9082,..,1,11
2010,9,Sant Andreu,62,el Congrés i els Indians,198,9082,..,1,12
2010,9,Sant Andreu,62,el Congrés i els Indians,198,9082,..,1,13
2010,9,Sant Andreu,62,el Congrés i els Indians,198,9082,..,2,1
2010,9,Sant Andreu,62,el Congrés i els Indians,198,9082,..,2,2
2010,9,Sant Andreu,62,el Congrés i els Indians,198,9082,..,2,4
2010,9,Sant Andreu,62,el Congrés i els Indians,198,9082,8,2,5
2010,9,Sant Andreu,62,el Congrés i els Indians,198,9082,6,2,6
2010,9,Sant Andreu,62,el Congrés i els Indians,198,9082,..,2,7
2010,9,Sant Andreu,62,el Congrés i els Indians,198,9082,..,2,8
2010,9,Sant Andreu,62,el Congrés i els Indians,198,9082,..,2,9
2010,9,Sant Andreu,62,el Congrés i els Indians,198,9082,6,2,10
2010,9,Sant Andreu,62,el Congrés i els Indians,198,9082,..,2,11
2010,9,Sant Andreu,62,el Congrés i els Indians,198,9082,..,2,15
2010,9,Sant Andreu,62,el Congrés i els Indians,198,9082,..,2,18
2010,9,Sant Andreu,63,Navas,199,9083,..,1,0
2010,9,Sant Andreu,63,Navas,199,9083,..,1,4
2010,9,Sant Andreu,63,Navas,199,9083,..,1,5
2010,9,Sant Andreu,63,Navas,199,9083,..,1,6
2010,9,Sant Andreu,63,Navas,199,9083,..,1,7
2010,9,Sant Andreu,63,Navas,199,9083,..,1,9
2010,9,Sant Andreu,63,Navas,199,9083,..,1,11
2010,9,Sant Andreu,63,Navas,199,9083,..,1,12
2010,9,Sant Andreu,63,Navas,199,9083,..,1,16
2010,9,Sant Andreu,63,Navas,199,9083,..,2,0
2010,9,Sant Andreu,63,Navas,199,9083,..,2,3
2010,9,Sant Andreu,63,Navas,199,9083,..,2,4
2010,9,Sant Andreu,63,Navas,199,9083,..,2,5
2010,9,Sant Andreu,63,Navas,199,9083,..,2,7
2010,9,Sant Andreu,63,Navas,199,9083,..,2,8
2010,9,Sant Andreu,63,Navas,199,9083,..,2,9
2010,9,Sant Andreu,63,Navas,199,9083,..,2,10
2010,9,Sant Andreu,63,Navas,199,9083,..,2,12
2010,9,Sant Andreu,63,Navas,199,9083,..,2,16
2010,9,Sant Andreu,63,Navas,199,9083,..,2,17
2010,9,Sant Andreu,63,Navas,199,9084,..,1,0
2010,9,Sant Andreu,63,Navas,199,9084,..,1,2
2010,9,Sant Andreu,63,Navas,199,9084,9,1,4
2010,9,Sant Andreu,63,Navas,199,9084,8,1,5
2010,9,Sant Andreu,63,Navas,199,9084,..,1,6
2010,9,Sant Andreu,63,Navas,199,9084,..,1,7
2010,9,Sant Andreu,63,Navas,199,9084,..,1,8
2010,9,Sant Andreu,63,Navas,199,9084,..,1,10
2010,9,Sant Andreu,63,Navas,199,9084,..,1,13
2010,9,Sant Andreu,63,Navas,199,9084,..,1,14
2010,9,Sant Andreu,63,Navas,199,9084,..,1,16
2010,9,Sant Andreu,63,Navas,199,9084,..,2,1
2010,9,Sant Andreu,63,Navas,199,9084,6,2,4
2010,9,Sant Andreu,63,Navas,199,9084,6,2,5
2010,9,Sant Andreu,63,Navas,199,9084,7,2,6
2010,9,Sant Andreu,63,Navas,199,9084,5,2,7
2010,9,Sant Andreu,63,Navas,199,9084,..,2,8
2010,9,Sant Andreu,63,Navas,199,9084,..,2,9
2010,9,Sant Andreu,63,Navas,199,9084,..,2,10
2010,9,Sant Andreu,63,Navas,199,9084,..,2,13
2010,9,Sant Andreu,63,Navas,199,9084,..,2,14
2010,9,Sant Andreu,63,Navas,199,9084,..,2,15
2010,9,Sant Andreu,63,Navas,199,9085,..,1,1
2010,9,Sant Andreu,63,Navas,199,9085,..,1,2
2010,9,Sant Andreu,63,Navas,199,9085,..,1,3
2010,9,Sant Andreu,63,Navas,199,9085,..,1,4
2010,9,Sant Andreu,63,Navas,199,9085,..,1,5
2010,9,Sant Andreu,63,Navas,199,9085,7,1,6
2010,9,Sant Andreu,63,Navas,199,9085,..,1,7
2010,9,Sant Andreu,63,Navas,199,9085,..,1,8
2010,9,Sant Andreu,63,Navas,199,9085,..,1,10
2010,9,Sant Andreu,63,Navas,199,9085,..,1,11
2010,9,Sant Andreu,63,Navas,199,9085,..,1,13
2010,9,Sant Andreu,63,Navas,199,9085,..,1,14
2010,9,Sant Andreu,63,Navas,199,9085,..,2,0
2010,9,Sant Andreu,63,Navas,199,9085,..,2,2
2010,9,Sant Andreu,63,Navas,199,9085,..,2,3
2010,9,Sant Andreu,63,Navas,199,9085,..,2,4
2010,9,Sant Andreu,63,Navas,199,9085,5,2,5
2010,9,Sant Andreu,63,Navas,199,9085,9,2,6
2010,9,Sant Andreu,63,Navas,199,9085,..,2,7
2010,9,Sant Andreu,63,Navas,199,9085,..,2,9
2010,9,Sant Andreu,63,Navas,199,9085,..,2,10
2010,9,Sant Andreu,63,Navas,199,9085,..,2,11
2010,9,Sant Andreu,63,Navas,199,9086,..,1,0
2010,9,Sant Andreu,63,Navas,199,9086,..,1,1
2010,9,Sant Andreu,63,Navas,199,9086,..,1,2
2010,9,Sant Andreu,63,Navas,199,9086,..,1,3
2010,9,Sant Andreu,63,Navas,199,9086,7,1,4
2010,9,Sant Andreu,63,Navas,199,9086,..,1,5
2010,9,Sant Andreu,63,Navas,199,9086,7,1,6
2010,9,Sant Andreu,63,Navas,199,9086,..,1,7
2010,9,Sant Andreu,63,Navas,199,9086,..,1,9
2010,9,Sant Andreu,63,Navas,199,9086,..,1,10
2010,9,Sant Andreu,63,Navas,199,9086,..,1,12
2010,9,Sant Andreu,63,Navas,199,9086,..,2,2
2010,9,Sant Andreu,63,Navas,199,9086,..,2,4
2010,9,Sant Andreu,63,Navas,199,9086,8,2,5
2010,9,Sant Andreu,63,Navas,199,9086,5,2,6
2010,9,Sant Andreu,63,Navas,199,9086,5,2,7
2010,9,Sant Andreu,63,Navas,199,9086,..,2,8
2010,9,Sant Andreu,63,Navas,199,9086,..,2,10
2010,9,Sant Andreu,63,Navas,199,9086,..,2,11
2010,9,Sant Andreu,63,Navas,199,9086,..,2,12
2010,9,Sant Andreu,63,Navas,199,9086,..,2,13
2010,9,Sant Andreu,63,Navas,199,9087,..,1,1
2010,9,Sant Andreu,63,Navas,199,9087,..,1,2
2010,9,Sant Andreu,63,Navas,199,9087,..,1,3
2010,9,Sant Andreu,63,Navas,199,9087,..,1,4
2010,9,Sant Andreu,63,Navas,199,9087,5,1,5
2010,9,Sant Andreu,63,Navas,199,9087,..,1,6
2010,9,Sant Andreu,63,Navas,199,9087,..,1,7
2010,9,Sant Andreu,63,Navas,199,9087,..,1,9
2010,9,Sant Andreu,63,Navas,199,9087,..,1,10
2010,9,Sant Andreu,63,Navas,199,9087,..,1,11
2010,9,Sant Andreu,63,Navas,199,9087,..,1,13
2010,9,Sant Andreu,63,Navas,199,9087,..,1,16
2010,9,Sant Andreu,63,Navas,199,9087,..,2,0
2010,9,Sant Andreu,63,Navas,199,9087,..,2,1
2010,9,Sant Andreu,63,Navas,199,9087,..,2,2
2010,9,Sant Andreu,63,Navas,199,9087,..,2,3
2010,9,Sant Andreu,63,Navas,199,9087,..,2,4
2010,9,Sant Andreu,63,Navas,199,9087,6,2,5
2010,9,Sant Andreu,63,Navas,199,9087,..,2,6
2010,9,Sant Andreu,63,Navas,199,9087,..,2,7
2010,9,Sant Andreu,63,Navas,199,9087,..,2,8
2010,9,Sant Andreu,63,Navas,199,9087,..,2,10
2010,9,Sant Andreu,63,Navas,199,9087,..,2,13
2010,9,Sant Andreu,63,Navas,199,9088,..,1,0
2010,9,Sant Andreu,63,Navas,199,9088,..,1,1
2010,9,Sant Andreu,63,Navas,199,9088,..,1,3
2010,9,Sant Andreu,63,Navas,199,9088,7,1,4
2010,9,Sant Andreu,63,Navas,199,9088,7,1,5
2010,9,Sant Andreu,63,Navas,199,9088,..,1,6
2010,9,Sant Andreu,63,Navas,199,9088,..,1,7
2010,9,Sant Andreu,63,Navas,199,9088,..,1,8
2010,9,Sant Andreu,63,Navas,199,9088,..,1,9
2010,9,Sant Andreu,63,Navas,199,9088,..,1,10
2010,9,Sant Andreu,63,Navas,199,9088,..,1,11
2010,9,Sant Andreu,63,Navas,199,9088,..,1,17
2010,9,Sant Andreu,63,Navas,199,9088,..,2,0
2010,9,Sant Andreu,63,Navas,199,9088,..,2,4
2010,9,Sant Andreu,63,Navas,199,9088,8,2,5
2010,9,Sant Andreu,63,Navas,199,9088,9,2,6
2010,9,Sant Andreu,63,Navas,199,9088,..,2,7
2010,9,Sant Andreu,63,Navas,199,9088,..,2,8
2010,9,Sant Andreu,63,Navas,199,9088,..,2,9
2010,9,Sant Andreu,63,Navas,199,9088,..,2,12
2010,9,Sant Andreu,63,Navas,199,9089,..,1,0
2010,9,Sant Andreu,63,Navas,199,9089,..,1,1
2010,9,Sant Andreu,63,Navas,199,9089,..,1,2
2010,9,Sant Andreu,63,Navas,199,9089,..,1,3
2010,9,Sant Andreu,63,Navas,199,9089,..,1,4
2010,9,Sant Andreu,63,Navas,199,9089,5,1,5
2010,9,Sant Andreu,63,Navas,199,9089,8,1,6
2010,9,Sant Andreu,63,Navas,199,9089,5,1,7
2010,9,Sant Andreu,63,Navas,199,9089,..,1,8
2010,9,Sant Andreu,63,Navas,199,9089,..,1,9
2010,9,Sant Andreu,63,Navas,199,9089,..,1,10
2010,9,Sant Andreu,63,Navas,199,9089,..,1,11
2010,9,Sant Andreu,63,Navas,199,9089,..,1,14
2010,9,Sant Andreu,63,Navas,199,9089,..,2,1
2010,9,Sant Andreu,63,Navas,199,9089,..,2,2
2010,9,Sant Andreu,63,Navas,199,9089,..,2,3
2010,9,Sant Andreu,63,Navas,199,9089,..,2,4
2010,9,Sant Andreu,63,Navas,199,9089,..,2,5
2010,9,Sant Andreu,63,Navas,199,9089,..,2,6
2010,9,Sant Andreu,63,Navas,199,9089,..,2,7
2010,9,Sant Andreu,63,Navas,199,9089,..,2,8
2010,9,Sant Andreu,63,Navas,199,9089,..,2,9
2010,9,Sant Andreu,63,Navas,199,9089,..,2,11
2010,9,Sant Andreu,63,Navas,199,9089,..,2,12
2010,9,Sant Andreu,63,Navas,199,9089,..,2,14
2010,9,Sant Andreu,63,Navas,200,9090,..,1,0
2010,9,Sant Andreu,63,Navas,200,9090,..,1,1
2010,9,Sant Andreu,63,Navas,200,9090,..,1,2
2010,9,Sant Andreu,63,Navas,200,9090,..,1,3
2010,9,Sant Andreu,63,Navas,200,9090,..,1,4
2010,9,Sant Andreu,63,Navas,200,9090,12,1,5
2010,9,Sant Andreu,63,Navas,200,9090,..,1,6
2010,9,Sant Andreu,63,Navas,200,9090,5,1,7
2010,9,Sant Andreu,63,Navas,200,9090,..,1,8
2010,9,Sant Andreu,63,Navas,200,9090,..,1,9
2010,9,Sant Andreu,63,Navas,200,9090,..,1,10
2010,9,Sant Andreu,63,Navas,200,9090,..,1,11
2010,9,Sant Andreu,63,Navas,200,9090,..,1,12
2010,9,Sant Andreu,63,Navas,200,9090,..,1,13
2010,9,Sant Andreu,63,Navas,200,9090,..,2,0
2010,9,Sant Andreu,63,Navas,200,9090,..,2,1
2010,9,Sant Andreu,63,Navas,200,9090,..,2,2
2010,9,Sant Andreu,63,Navas,200,9090,..,2,3
2010,9,Sant Andreu,63,Navas,200,9090,5,2,4
2010,9,Sant Andreu,63,Navas,200,9090,12,2,5
2010,9,Sant Andreu,63,Navas,200,9090,8,2,6
2010,9,Sant Andreu,63,Navas,200,9090,..,2,7
2010,9,Sant Andreu,63,Navas,200,9090,..,2,8
2010,9,Sant Andreu,63,Navas,200,9090,..,2,9
2010,9,Sant Andreu,63,Navas,200,9090,..,2,10
2010,9,Sant Andreu,63,Navas,200,9090,..,2,11
2010,9,Sant Andreu,63,Navas,200,9090,..,2,12
2010,9,Sant Andreu,63,Navas,200,9090,..,2,13
2010,9,Sant Andreu,63,Navas,200,9091,..,1,0
2010,9,Sant Andreu,63,Navas,200,9091,..,1,2
2010,9,Sant Andreu,63,Navas,200,9091,..,1,3
2010,9,Sant Andreu,63,Navas,200,9091,9,1,4
2010,9,Sant Andreu,63,Navas,200,9091,..,1,5
2010,9,Sant Andreu,63,Navas,200,9091,8,1,6
2010,9,Sant Andreu,63,Navas,200,9091,..,1,7
2010,9,Sant Andreu,63,Navas,200,9091,..,1,9
2010,9,Sant Andreu,63,Navas,200,9091,..,1,10
2010,9,Sant Andreu,63,Navas,200,9091,..,1,11
2010,9,Sant Andreu,63,Navas,200,9091,..,1,13
2010,9,Sant Andreu,63,Navas,200,9091,..,1,14
2010,9,Sant Andreu,63,Navas,200,9091,..,1,17
2010,9,Sant Andreu,63,Navas,200,9091,7,2,0
2010,9,Sant Andreu,63,Navas,200,9091,..,2,1
2010,9,Sant Andreu,63,Navas,200,9091,..,2,2
2010,9,Sant Andreu,63,Navas,200,9091,..,2,3
2010,9,Sant Andreu,63,Navas,200,9091,5,2,4
2010,9,Sant Andreu,63,Navas,200,9091,7,2,5
2010,9,Sant Andreu,63,Navas,200,9091,5,2,6
2010,9,Sant Andreu,63,Navas,200,9091,5,2,7
2010,9,Sant Andreu,63,Navas,200,9091,6,2,8
2010,9,Sant Andreu,63,Navas,200,9091,..,2,10
2010,9,Sant Andreu,63,Navas,200,9091,..,2,12
2010,9,Sant Andreu,63,Navas,200,9091,..,2,14
2010,9,Sant Andreu,63,Navas,200,9091,..,2,15
2010,9,Sant Andreu,63,Navas,200,9091,..,2,17
2010,9,Sant Andreu,63,Navas,200,9092,..,1,0
2010,9,Sant Andreu,63,Navas,200,9092,..,1,1
2010,9,Sant Andreu,63,Navas,200,9092,..,1,2
2010,9,Sant Andreu,63,Navas,200,9092,..,1,3
2010,9,Sant Andreu,63,Navas,200,9092,6,1,4
2010,9,Sant Andreu,63,Navas,200,9092,10,1,5
2010,9,Sant Andreu,63,Navas,200,9092,..,1,6
2010,9,Sant Andreu,63,Navas,200,9092,5,1,7
2010,9,Sant Andreu,63,Navas,200,9092,..,1,8
2010,9,Sant Andreu,63,Navas,200,9092,..,1,10
2010,9,Sant Andreu,63,Navas,200,9092,..,1,11
2010,9,Sant Andreu,63,Navas,200,9092,..,1,13
2010,9,Sant Andreu,63,Navas,200,9092,..,1,17
2010,9,Sant Andreu,63,Navas,200,9092,..,1,18
2010,9,Sant Andreu,63,Navas,200,9092,..,2,0
2010,9,Sant Andreu,63,Navas,200,9092,..,2,2
2010,9,Sant Andreu,63,Navas,200,9092,5,2,3
2010,9,Sant Andreu,63,Navas,200,9092,5,2,4
2010,9,Sant Andreu,63,Navas,200,9092,8,2,5
2010,9,Sant Andreu,63,Navas,200,9092,..,2,6
2010,9,Sant Andreu,63,Navas,200,9092,6,2,7
2010,9,Sant Andreu,63,Navas,200,9092,..,2,8
2010,9,Sant Andreu,63,Navas,200,9092,..,2,9
2010,9,Sant Andreu,63,Navas,200,9092,..,2,10
2010,9,Sant Andreu,63,Navas,200,9092,..,2,11
2010,9,Sant Andreu,63,Navas,200,9093,..,1,0
2010,9,Sant Andreu,63,Navas,200,9093,..,1,2
2010,9,Sant Andreu,63,Navas,200,9093,..,1,3
2010,9,Sant Andreu,63,Navas,200,9093,..,1,4
2010,9,Sant Andreu,63,Navas,200,9093,6,1,5
2010,9,Sant Andreu,63,Navas,200,9093,..,1,6
2010,9,Sant Andreu,63,Navas,200,9093,..,1,7
2010,9,Sant Andreu,63,Navas,200,9093,..,1,8
2010,9,Sant Andreu,63,Navas,200,9093,..,1,9
2010,9,Sant Andreu,63,Navas,200,9093,..,1,11
2010,9,Sant Andreu,63,Navas,200,9093,..,1,13
2010,9,Sant Andreu,63,Navas,200,9093,..,1,17
2010,9,Sant Andreu,63,Navas,200,9093,..,2,0
2010,9,Sant Andreu,63,Navas,200,9093,..,2,1
2010,9,Sant Andreu,63,Navas,200,9093,..,2,2
2010,9,Sant Andreu,63,Navas,200,9093,..,2,3
2010,9,Sant Andreu,63,Navas,200,9093,..,2,4
2010,9,Sant Andreu,63,Navas,200,9093,5,2,5
2010,9,Sant Andreu,63,Navas,200,9093,..,2,6
2010,9,Sant Andreu,63,Navas,200,9093,..,2,7
2010,9,Sant Andreu,63,Navas,200,9093,..,2,8
2010,9,Sant Andreu,63,Navas,200,9093,..,2,9
2010,9,Sant Andreu,63,Navas,200,9093,..,2,11
2010,9,Sant Andreu,63,Navas,200,9093,..,2,14
2010,9,Sant Andreu,63,Navas,200,9093,..,2,17
2010,9,Sant Andreu,63,Navas,200,9094,..,1,0
2010,9,Sant Andreu,63,Navas,200,9094,..,1,2
2010,9,Sant Andreu,63,Navas,200,9094,..,1,3
2010,9,Sant Andreu,63,Navas,200,9094,8,1,4
2010,9,Sant Andreu,63,Navas,200,9094,16,1,5
2010,9,Sant Andreu,63,Navas,200,9094,7,1,6
2010,9,Sant Andreu,63,Navas,200,9094,8,1,7
2010,9,Sant Andreu,63,Navas,200,9094,..,1,8
2010,9,Sant Andreu,63,Navas,200,9094,..,1,9
2010,9,Sant Andreu,63,Navas,200,9094,..,1,10
2010,9,Sant Andreu,63,Navas,200,9094,..,1,11
2010,9,Sant Andreu,63,Navas,200,9094,..,1,12
2010,9,Sant Andreu,63,Navas,200,9094,..,1,15
2010,9,Sant Andreu,63,Navas,200,9094,..,1,16
2010,9,Sant Andreu,63,Navas,200,9094,..,2,0
2010,9,Sant Andreu,63,Navas,200,9094,..,2,3
2010,9,Sant Andreu,63,Navas,200,9094,7,2,4
2010,9,Sant Andreu,63,Navas,200,9094,9,2,5
2010,9,Sant Andreu,63,Navas,200,9094,..,2,6
2010,9,Sant Andreu,63,Navas,200,9094,..,2,7
2010,9,Sant Andreu,63,Navas,200,9094,..,2,8
2010,9,Sant Andreu,63,Navas,200,9094,..,2,9
2010,9,Sant Andreu,63,Navas,200,9094,..,2,10
2010,9,Sant Andreu,63,Navas,200,9094,..,2,11
2010,9,Sant Andreu,63,Navas,200,9094,..,2,12
2010,9,Sant Andreu,63,Navas,200,9095,..,1,0
2010,9,Sant Andreu,63,Navas,200,9095,..,1,1
2010,9,Sant Andreu,63,Navas,200,9095,..,1,2
2010,9,Sant Andreu,63,Navas,200,9095,..,1,3
2010,9,Sant Andreu,63,Navas,200,9095,..,1,4
2010,9,Sant Andreu,63,Navas,200,9095,10,1,5
2010,9,Sant Andreu,63,Navas,200,9095,..,1,6
2010,9,Sant Andreu,63,Navas,200,9095,6,1,7
2010,9,Sant Andreu,63,Navas,200,9095,5,1,8
2010,9,Sant Andreu,63,Navas,200,9095,..,1,9
2010,9,Sant Andreu,63,Navas,200,9095,..,1,10
2010,9,Sant Andreu,63,Navas,200,9095,..,1,11
2010,9,Sant Andreu,63,Navas,200,9095,..,1,12
2010,9,Sant Andreu,63,Navas,200,9095,..,1,13
2010,9,Sant Andreu,63,Navas,200,9095,..,1,15
2010,9,Sant Andreu,63,Navas,200,9095,..,2,0
2010,9,Sant Andreu,63,Navas,200,9095,..,2,1
2010,9,Sant Andreu,63,Navas,200,9095,5,2,4
2010,9,Sant Andreu,63,Navas,200,9095,11,2,5
2010,9,Sant Andreu,63,Navas,200,9095,11,2,6
2010,9,Sant Andreu,63,Navas,200,9095,13,2,7
2010,9,Sant Andreu,63,Navas,200,9095,..,2,8
2010,9,Sant Andreu,63,Navas,200,9095,..,2,9
2010,9,Sant Andreu,63,Navas,200,9095,..,2,10
2010,9,Sant Andreu,63,Navas,200,9095,..,2,12
2010,9,Sant Andreu,63,Navas,200,9095,..,2,14
2010,10,Sant Martí,64,el Camp de l'Arpa del Clot,201,10001,..,1,0
2010,10,Sant Martí,64,el Camp de l'Arpa del Clot,201,10001,..,1,2
2010,10,Sant Martí,64,el Camp de l'Arpa del Clot,201,10001,..,1,3
2010,10,Sant Martí,64,el Camp de l'Arpa del Clot,201,10001,7,1,4
2010,10,Sant Martí,64,el Camp de l'Arpa del Clot,201,10001,11,1,5
2010,10,Sant Martí,64,el Camp de l'Arpa del Clot,201,10001,6,1,6
2010,10,Sant Martí,64,el Camp de l'Arpa del Clot,201,10001,..,1,7
2010,10,Sant Martí,64,el Camp de l'Arpa del Clot,201,10001,..,1,8
2010,10,Sant Martí,64,el Camp de l'Arpa del Clot,201,10001,..,1,9
2010,10,Sant Martí,64,el Camp de l'Arpa del Clot,201,10001,..,1,10
2010,10,Sant Martí,64,el Camp de l'Arpa del Clot,201,10001,..,1,11
2010,10,Sant Martí,64,el Camp de l'Arpa del Clot,201,10001,..,1,13
2010,10,Sant Martí,64,el Camp de l'Arpa del Clot,201,10001,..,1,15
2010,10,Sant Martí,64,el Camp de l'Arpa del Clot,201,10001,..,1,16
2010,10,Sant Martí,64,el Camp de l'Arpa del Clot,201,10001,..,1,17
2010,10,Sant Martí,64,el Camp de l'Arpa del Clot,201,10001,..,2,0
2010,10,Sant Martí,64,el Camp de l'Arpa del Clot,201,10001,..,2,2
2010,10,Sant Martí,64,el Camp de l'Arpa del Clot,201,10001,..,2,3
2010,10,Sant Martí,64,el Camp de l'Arpa del Clot,201,10001,6,2,4
2010,10,Sant Martí,64,el Camp de l'Arpa del Clot,201,10001,9,2,5
2010,10,Sant Martí,64,el Camp de l'Arpa del Clot,201,10001,5,2,6
2010,10,Sant Martí,64,el Camp de l'Arpa del Clot,201,10001,9,2,7
2010,10,Sant Martí,64,el Camp de l'Arpa del Clot,201,10001,6,2,8
2010,10,Sant Martí,64,el Camp de l'Arpa del Clot,201,10001,..,2,9
2010,10,Sant Martí,64,el Camp de l'Arpa del Clot,201,10001,..,2,10
2010,10,Sant Martí,64,el Camp de l'Arpa del Clot,201,10001,..,2,11
2010,10,Sant Martí,64,el Camp de l'Arpa del Clot,201,10001,..,2,12
2010,10,Sant Martí,64,el Camp de l'Arpa del Clot,201,10001,..,2,15
2010,10,Sant Martí,64,el Camp de l'Arpa del Clot,201,10002,..,1,0
2010,10,Sant Martí,64,el Camp de l'Arpa del Clot,201,10002,..,1,3
2010,10,Sant Martí,64,el Camp de l'Arpa del Clot,201,10002,8,1,4
2010,10,Sant Martí,64,el Camp de l'Arpa del Clot,201,10002,10,1,5
2010,10,Sant Martí,64,el Camp de l'Arpa del Clot,201,10002,7,1,6
2010,10,Sant Martí,64,el Camp de l'Arpa del Clot,201,10002,5,1,7
2010,10,Sant Martí,64,el Camp de l'Arpa del Clot,201,10002,..,1,9
2010,10,Sant Martí,64,el Camp de l'Arpa del Clot,201,10002,..,1,10
2010,10,Sant Martí,64,el Camp de l'Arpa del Clot,201,10002,..,1,11
2010,10,Sant Martí,64,el Camp de l'Arpa del Clot,201,10002,..,1,13
2010,10,Sant Martí,64,el Camp de l'Arpa del Clot,201,10002,..,1,14
2010,10,Sant Martí,64,el Camp de l'Arpa del Clot,201,10002,..,2,0
2010,10,Sant Martí,64,el Camp de l'Arpa del Clot,201,10002,..,2,3
2010,10,Sant Martí,64,el Camp de l'Arpa del Clot,201,10002,..,2,4
2010,10,Sant Martí,64,el Camp de l'Arpa del Clot,201,10002,9,2,5
2010,10,Sant Martí,64,el Camp de l'Arpa del Clot,201,10002,5,2,6
2010,10,Sant Martí,64,el Camp de l'Arpa del Clot,201,10002,5,2,7
2010,10,Sant Martí,64,el Camp de l'Arpa del Clot,201,10002,..,2,9
2010,10,Sant Martí,64,el Camp de l'Arpa del Clot,201,10002,..,2,11
2010,10,Sant Martí,64,el Camp de l'Arpa del Clot,201,10002,..,2,12
2010,10,Sant Martí,64,el Camp de l'Arpa del Clot,201,10002,..,2,13
2010,10,Sant Martí,64,el Camp de l'Arpa del Clot,201,10003,..,1,0
2010,10,Sant Martí,64,el Camp de l'Arpa del Clot,201,10003,..,1,1
2010,10,Sant Martí,64,el Camp de l'Arpa del Clot,201,10003,..,1,3
2010,10,Sant Martí,64,el Camp de l'Arpa del Clot,201,10003,6,1,4
2010,10,Sant Martí,64,el Camp de l'Arpa del Clot,201,10003,11,1,5
2010,10,Sant Martí,64,el Camp de l'Arpa del Clot,201,10003,6,1,6
2010,10,Sant Martí,64,el Camp de l'Arpa del Clot,201,10003,..,1,7
2010,10,Sant Martí,64,el Camp de l'Arpa del Clot,201,10003,..,1,8
2010,10,Sant Martí,64,el Camp de l'Arpa del Clot,201,10003,..,1,9
2010,10,Sant Martí,64,el Camp de l'Arpa del Clot,201,10003,..,2,0
2010,10,Sant Martí,64,el Camp de l'Arpa del Clot,201,10003,..,2,2
2010,10,Sant Martí,64,el Camp de l'Arpa del Clot,201,10003,..,2,3
2010,10,Sant Martí,64,el Camp de l'Arpa del Clot,201,10003,..,2,4
2010,10,Sant Martí,64,el Camp de l'Arpa del Clot,201,10003,..,2,5
2010,10,Sant Martí,64,el Camp de l'Arpa del Clot,201,10003,6,2,6
2010,10,Sant Martí,64,el Camp de l'Arpa del Clot,201,10003,..,2,7
2010,10,Sant Martí,64,el Camp de l'Arpa del Clot,201,10003,..,2,9
2010,10,Sant Martí,64,el Camp de l'Arpa del Clot,201,10003,..,2,10
2010,10,Sant Martí,64,el Camp de l'Arpa del Clot,201,10003,..,2,15
2010,10,Sant Martí,64,el Camp de l'Arpa del Clot,201,10004,..,1,0
2010,10,Sant Martí,64,el Camp de l'Arpa del Clot,201,10004,..,1,1
2010,10,Sant Martí,64,el Camp de l'Arpa del Clot,201,10004,..,1,2
2010,10,Sant Martí,64,el Camp de l'Arpa del Clot,201,10004,..,1,4
2010,10,Sant Martí,64,el Camp de l'Arpa del Clot,201,10004,7,1,5
2010,10,Sant Martí,64,el Camp de l'Arpa del Clot,201,10004,8,1,6
2010,10,Sant Martí,64,el Camp de l'Arpa del Clot,201,10004,..,1,9
2010,10,Sant Martí,64,el Camp de l'Arpa del Clot,201,10004,..,1,11
2010,10,Sant Martí,64,el Camp de l'Arpa del Clot,201,10004,..,2,0
2010,10,Sant Martí,64,el Camp de l'Arpa del Clot,201,10004,..,2,2
2010,10,Sant Martí,64,el Camp de l'Arpa del Clot,201,10004,..,2,4
2010,10,Sant Martí,64,el Camp de l'Arpa del Clot,201,10004,..,2,5
2010,10,Sant Martí,64,el Camp de l'Arpa del Clot,201,10004,..,2,6
2010,10,Sant Martí,64,el Camp de l'Arpa del Clot,201,10004,5,2,7
2010,10,Sant Martí,64,el Camp de l'Arpa del Clot,201,10004,..,2,8
2010,10,Sant Martí,64,el Camp de l'Arpa del Clot,201,10004,..,2,10
2010,10,Sant Martí,64,el Camp de l'Arpa del Clot,201,10004,..,2,11
2010,10,Sant Martí,64,el Camp de l'Arpa del Clot,201,10004,..,2,12
2010,10,Sant Martí,64,el Camp de l'Arpa del Clot,201,10004,..,2,13
2010,10,Sant Martí,64,el Camp de l'Arpa del Clot,201,10005,..,1,1
2010,10,Sant Martí,64,el Camp de l'Arpa del Clot,201,10005,..,1,3
2010,10,Sant Martí,64,el Camp de l'Arpa del Clot,201,10005,..,1,4
2010,10,Sant Martí,64,el Camp de l'Arpa del Clot,201,10005,..,1,5
2010,10,Sant Martí,64,el Camp de l'Arpa del Clot,201,10005,..,1,6
2010,10,Sant Martí,64,el Camp de l'Arpa del Clot,201,10005,..,1,7
2010,10,Sant Martí,64,el Camp de l'Arpa del Clot,201,10005,..,1,8
2010,10,Sant Martí,64,el Camp de l'Arpa del Clot,201,10005,..,1,9
2010,10,Sant Martí,64,el Camp de l'Arpa del Clot,201,10005,..,1,10
2010,10,Sant Martí,64,el Camp de l'Arpa del Clot,201,10005,..,1,11
2010,10,Sant Martí,64,el Camp de l'Arpa del Clot,201,10005,..,1,13
2010,10,Sant Martí,64,el Camp de l'Arpa del Clot,201,10005,..,2,1
2010,10,Sant Martí,64,el Camp de l'Arpa del Clot,201,10005,..,2,2
2010,10,Sant Martí,64,el Camp de l'Arpa del Clot,201,10005,..,2,3
2010,10,Sant Martí,64,el Camp de l'Arpa del Clot,201,10005,..,2,4
2010,10,Sant Martí,64,el Camp de l'Arpa del Clot,201,10005,7,2,5
2010,10,Sant Martí,64,el Camp de l'Arpa del Clot,201,10005,..,2,6
2010,10,Sant Martí,64,el Camp de l'Arpa del Clot,201,10005,..,2,7
2010,10,Sant Martí,64,el Camp de l'Arpa del Clot,201,10005,..,2,8
2010,10,Sant Martí,64,el Camp de l'Arpa del Clot,201,10005,..,2,9
2010,10,Sant Martí,64,el Camp de l'Arpa del Clot,201,10005,..,2,10
2010,10,Sant Martí,64,el Camp de l'Arpa del Clot,201,10005,..,2,12
2010,10,Sant Martí,64,el Camp de l'Arpa del Clot,201,10005,..,2,14
2010,10,Sant Martí,64,el Camp de l'Arpa del Clot,201,10005,..,2,15
2010,10,Sant Martí,64,el Camp de l'Arpa del Clot,202,10006,..,1,1
2010,10,Sant Martí,64,el Camp de l'Arpa del Clot,202,10006,..,1,3
2010,10,Sant Martí,64,el Camp de l'Arpa del Clot,202,10006,..,1,4
2010,10,Sant Martí,64,el Camp de l'Arpa del Clot,202,10006,6,1,5
2010,10,Sant Martí,64,el Camp de l'Arpa del Clot,202,10006,..,1,6
2010,10,Sant Martí,64,el Camp de l'Arpa del Clot,202,10006,..,1,7
2010,10,Sant Martí,64,el Camp de l'Arpa del Clot,202,10006,5,1,8
2010,10,Sant Martí,64,el Camp de l'Arpa del Clot,202,10006,7,1,9
2010,10,Sant Martí,64,el Camp de l'Arpa del Clot,202,10006,..,1,10
2010,10,Sant Martí,64,el Camp de l'Arpa del Clot,202,10006,..,1,13
2010,10,Sant Martí,64,el Camp de l'Arpa del Clot,202,10006,..,1,15
2010,10,Sant Martí,64,el Camp de l'Arpa del Clot,202,10006,..,2,0
2010,10,Sant Martí,64,el Camp de l'Arpa del Clot,202,10006,..,2,2
2010,10,Sant Martí,64,el Camp de l'Arpa del Clot,202,10006,..,2,4
2010,10,Sant Martí,64,el Camp de l'Arpa del Clot,202,10006,7,2,5
2010,10,Sant Martí,64,el Camp de l'Arpa del Clot,202,10006,5,2,6
2010,10,Sant Martí,64,el Camp de l'Arpa del Clot,202,10006,8,2,7
2010,10,Sant Martí,64,el Camp de l'Arpa del Clot,202,10006,..,2,8
2010,10,Sant Martí,64,el Camp de l'Arpa del Clot,202,10006,..,2,10
2010,10,Sant Martí,64,el Camp de l'Arpa del Clot,202,10006,..,2,12
2010,10,Sant Martí,64,el Camp de l'Arpa del Clot,202,10006,..,2,13
2010,10,Sant Martí,64,el Camp de l'Arpa del Clot,202,10007,..,1,0
2010,10,Sant Martí,64,el Camp de l'Arpa del Clot,202,10007,5,1,4
2010,10,Sant Martí,64,el Camp de l'Arpa del Clot,202,10007,7,1,5
2010,10,Sant Martí,64,el Camp de l'Arpa del Clot,202,10007,8,1,6
2010,10,Sant Martí,64,el Camp de l'Arpa del Clot,202,10007,..,1,7
2010,10,Sant Martí,64,el Camp de l'Arpa del Clot,202,10007,..,1,9
2010,10,Sant Martí,64,el Camp de l'Arpa del Clot,202,10007,..,1,10
2010,10,Sant Martí,64,el Camp de l'Arpa del Clot,202,10007,..,1,12
2010,10,Sant Martí,64,el Camp de l'Arpa del Clot,202,10007,..,2,1
2010,10,Sant Martí,64,el Camp de l'Arpa del Clot,202,10007,..,2,2
2010,10,Sant Martí,64,el Camp de l'Arpa del Clot,202,10007,..,2,4
2010,10,Sant Martí,64,el Camp de l'Arpa del Clot,202,10007,..,2,5
2010,10,Sant Martí,64,el Camp de l'Arpa del Clot,202,10007,..,2,6
2010,10,Sant Martí,64,el Camp de l'Arpa del Clot,202,10007,6,2,7
2010,10,Sant Martí,64,el Camp de l'Arpa del Clot,202,10007,..,2,8
2010,10,Sant Martí,64,el Camp de l'Arpa del Clot,202,10007,..,2,10
2010,10,Sant Martí,64,el Camp de l'Arpa del Clot,202,10007,..,2,11
2010,10,Sant Martí,64,el Camp de l'Arpa del Clot,202,10007,..,2,13
2010,10,Sant Martí,64,el Camp de l'Arpa del Clot,202,10008,..,1,1
2010,10,Sant Martí,64,el Camp de l'Arpa del Clot,202,10008,..,1,2
2010,10,Sant Martí,64,el Camp de l'Arpa del Clot,202,10008,..,1,3
2010,10,Sant Martí,64,el Camp de l'Arpa del Clot,202,10008,9,1,4
2010,10,Sant Martí,64,el Camp de l'Arpa del Clot,202,10008,9,1,5
2010,10,Sant Martí,64,el Camp de l'Arpa del Clot,202,10008,11,1,6
2010,10,Sant Martí,64,el Camp de l'Arpa del Clot,202,10008,5,1,7
2010,10,Sant Martí,64,el Camp de l'Arpa del Clot,202,10008,..,1,8
2010,10,Sant Martí,64,el Camp de l'Arpa del Clot,202,10008,..,1,9
2010,10,Sant Martí,64,el Camp de l'Arpa del Clot,202,10008,..,1,10
2010,10,Sant Martí,64,el Camp de l'Arpa del Clot,202,10008,..,1,11
2010,10,Sant Martí,64,el Camp de l'Arpa del Clot,202,10008,..,1,12
2010,10,Sant Martí,64,el Camp de l'Arpa del Clot,202,10008,..,1,13
2010,10,Sant Martí,64,el Camp de l'Arpa del Clot,202,10008,..,1,16
2010,10,Sant Martí,64,el Camp de l'Arpa del Clot,202,10008,..,2,1
2010,10,Sant Martí,64,el Camp de l'Arpa del Clot,202,10008,..,2,4
2010,10,Sant Martí,64,el Camp de l'Arpa del Clot,202,10008,13,2,5
2010,10,Sant Martí,64,el Camp de l'Arpa del Clot,202,10008,10,2,6
2010,10,Sant Martí,64,el Camp de l'Arpa del Clot,202,10008,..,2,7
2010,10,Sant Martí,64,el Camp de l'Arpa del Clot,202,10008,..,2,8
2010,10,Sant Martí,64,el Camp de l'Arpa del Clot,202,10008,..,2,9
2010,10,Sant Martí,64,el Camp de l'Arpa del Clot,202,10008,..,2,11
2010,10,Sant Martí,64,el Camp de l'Arpa del Clot,202,10009,..,1,0
2010,10,Sant Martí,64,el Camp de l'Arpa del Clot,202,10009,..,1,2
2010,10,Sant Martí,64,el Camp de l'Arpa del Clot,202,10009,..,1,3
2010,10,Sant Martí,64,el Camp de l'Arpa del Clot,202,10009,7,1,4
2010,10,Sant Martí,64,el Camp de l'Arpa del Clot,202,10009,15,1,5
2010,10,Sant Martí,64,el Camp de l'Arpa del Clot,202,10009,7,1,6
2010,10,Sant Martí,64,el Camp de l'Arpa del Clot,202,10009,..,1,7
2010,10,Sant Martí,64,el Camp de l'Arpa del Clot,202,10009,..,1,8
2010,10,Sant Martí,64,el Camp de l'Arpa del Clot,202,10009,..,1,10
2010,10,Sant Martí,64,el Camp de l'Arpa del Clot,202,10009,..,1,12
2010,10,Sant Martí,64,el Camp de l'Arpa del Clot,202,10009,..,1,13
2010,10,Sant Martí,64,el Camp de l'Arpa del Clot,202,10009,..,2,0
2010,10,Sant Martí,64,el Camp de l'Arpa del Clot,202,10009,..,2,1
2010,10,Sant Martí,64,el Camp de l'Arpa del Clot,202,10009,..,2,3
2010,10,Sant Martí,64,el Camp de l'Arpa del Clot,202,10009,..,2,4
2010,10,Sant Martí,64,el Camp de l'Arpa del Clot,202,10009,12,2,5
2010,10,Sant Martí,64,el Camp de l'Arpa del Clot,202,10009,11,2,6
2010,10,Sant Martí,64,el Camp de l'Arpa del Clot,202,10009,8,2,7
2010,10,Sant Martí,64,el Camp de l'Arpa del Clot,202,10009,..,2,8
2010,10,Sant Martí,64,el Camp de l'Arpa del Clot,202,10009,..,2,9
2010,10,Sant Martí,64,el Camp de l'Arpa del Clot,202,10009,..,2,10
2010,10,Sant Martí,64,el Camp de l'Arpa del Clot,202,10009,..,2,11
2010,10,Sant Martí,64,el Camp de l'Arpa del Clot,202,10009,..,2,12
2010,10,Sant Martí,64,el Camp de l'Arpa del Clot,202,10009,..,2,13
2010,10,Sant Martí,64,el Camp de l'Arpa del Clot,202,10009,..,2,14
2010,10,Sant Martí,64,el Camp de l'Arpa del Clot,202,10010,5,1,0
2010,10,Sant Martí,64,el Camp de l'Arpa del Clot,202,10010,..,1,1
2010,10,Sant Martí,64,el Camp de l'Arpa del Clot,202,10010,..,1,2
2010,10,Sant Martí,64,el Camp de l'Arpa del Clot,202,10010,7,1,4
2010,10,Sant Martí,64,el Camp de l'Arpa del Clot,202,10010,11,1,5
2010,10,Sant Martí,64,el Camp de l'Arpa del Clot,202,10010,12,1,6
2010,10,Sant Martí,64,el Camp de l'Arpa del Clot,202,10010,..,1,7
2010,10,Sant Martí,64,el Camp de l'Arpa del Clot,202,10010,..,1,8
2010,10,Sant Martí,64,el Camp de l'Arpa del Clot,202,10010,..,1,9
2010,10,Sant Martí,64,el Camp de l'Arpa del Clot,202,10010,..,1,10
2010,10,Sant Martí,64,el Camp de l'Arpa del Clot,202,10010,..,1,12
2010,10,Sant Martí,64,el Camp de l'Arpa del Clot,202,10010,..,1,15
2010,10,Sant Martí,64,el Camp de l'Arpa del Clot,202,10010,5,2,0
2010,10,Sant Martí,64,el Camp de l'Arpa del Clot,202,10010,..,2,1
2010,10,Sant Martí,64,el Camp de l'Arpa del Clot,202,10010,..,2,2
2010,10,Sant Martí,64,el Camp de l'Arpa del Clot,202,10010,..,2,3
2010,10,Sant Martí,64,el Camp de l'Arpa del Clot,202,10010,12,2,4
2010,10,Sant Martí,64,el Camp de l'Arpa del Clot,202,10010,5,2,5
2010,10,Sant Martí,64,el Camp de l'Arpa del Clot,202,10010,9,2,6
2010,10,Sant Martí,64,el Camp de l'Arpa del Clot,202,10010,..,2,7
2010,10,Sant Martí,64,el Camp de l'Arpa del Clot,202,10010,7,2,8
2010,10,Sant Martí,64,el Camp de l'Arpa del Clot,202,10010,..,2,9
2010,10,Sant Martí,64,el Camp de l'Arpa del Clot,202,10010,..,2,11
2010,10,Sant Martí,64,el Camp de l'Arpa del Clot,202,10010,..,2,14
2010,10,Sant Martí,64,el Camp de l'Arpa del Clot,202,10011,..,1,0
2010,10,Sant Martí,64,el Camp de l'Arpa del Clot,202,10011,..,1,3
2010,10,Sant Martí,64,el Camp de l'Arpa del Clot,202,10011,..,1,4
2010,10,Sant Martí,64,el Camp de l'Arpa del Clot,202,10011,..,1,5
2010,10,Sant Martí,64,el Camp de l'Arpa del Clot,202,10011,5,1,6
2010,10,Sant Martí,64,el Camp de l'Arpa del Clot,202,10011,..,1,7
2010,10,Sant Martí,64,el Camp de l'Arpa del Clot,202,10011,..,1,8
2010,10,Sant Martí,64,el Camp de l'Arpa del Clot,202,10011,..,1,9
2010,10,Sant Martí,64,el Camp de l'Arpa del Clot,202,10011,..,1,10
2010,10,Sant Martí,64,el Camp de l'Arpa del Clot,202,10011,..,1,13
2010,10,Sant Martí,64,el Camp de l'Arpa del Clot,202,10011,..,1,14
2010,10,Sant Martí,64,el Camp de l'Arpa del Clot,202,10011,..,2,1
2010,10,Sant Martí,64,el Camp de l'Arpa del Clot,202,10011,..,2,2
2010,10,Sant Martí,64,el Camp de l'Arpa del Clot,202,10011,..,2,4
2010,10,Sant Martí,64,el Camp de l'Arpa del Clot,202,10011,..,2,5
2010,10,Sant Martí,64,el Camp de l'Arpa del Clot,202,10011,5,2,6
2010,10,Sant Martí,64,el Camp de l'Arpa del Clot,202,10011,..,2,7
2010,10,Sant Martí,64,el Camp de l'Arpa del Clot,202,10011,..,2,8
2010,10,Sant Martí,64,el Camp de l'Arpa del Clot,202,10011,..,2,9
2010,10,Sant Martí,64,el Camp de l'Arpa del Clot,202,10011,..,2,10
2010,10,Sant Martí,64,el Camp de l'Arpa del Clot,202,10011,..,2,11
2010,10,Sant Martí,64,el Camp de l'Arpa del Clot,202,10011,..,2,16
2010,10,Sant Martí,64,el Camp de l'Arpa del Clot,203,10012,..,1,0
2010,10,Sant Martí,64,el Camp de l'Arpa del Clot,203,10012,..,1,1
2010,10,Sant Martí,64,el Camp de l'Arpa del Clot,203,10012,..,1,3
2010,10,Sant Martí,64,el Camp de l'Arpa del Clot,203,10012,13,1,4
2010,10,Sant Martí,64,el Camp de l'Arpa del Clot,203,10012,7,1,5
2010,10,Sant Martí,64,el Camp de l'Arpa del Clot,203,10012,7,1,6
2010,10,Sant Martí,64,el Camp de l'Arpa del Clot,203,10012,..,1,7
2010,10,Sant Martí,64,el Camp de l'Arpa del Clot,203,10012,..,1,8
2010,10,Sant Martí,64,el Camp de l'Arpa del Clot,203,10012,5,1,9
2010,10,Sant Martí,64,el Camp de l'Arpa del Clot,203,10012,..,1,10
2010,10,Sant Martí,64,el Camp de l'Arpa del Clot,203,10012,..,1,11
2010,10,Sant Martí,64,el Camp de l'Arpa del Clot,203,10012,..,1,12
2010,10,Sant Martí,64,el Camp de l'Arpa del Clot,203,10012,..,2,0
2010,10,Sant Martí,64,el Camp de l'Arpa del Clot,203,10012,..,2,1
2010,10,Sant Martí,64,el Camp de l'Arpa del Clot,203,10012,..,2,2
2010,10,Sant Martí,64,el Camp de l'Arpa del Clot,203,10012,..,2,3
2010,10,Sant Martí,64,el Camp de l'Arpa del Clot,203,10012,..,2,4
2010,10,Sant Martí,64,el Camp de l'Arpa del Clot,203,10012,12,2,5
2010,10,Sant Martí,64,el Camp de l'Arpa del Clot,203,10012,11,2,6
2010,10,Sant Martí,64,el Camp de l'Arpa del Clot,203,10012,..,2,7
2010,10,Sant Martí,64,el Camp de l'Arpa del Clot,203,10012,..,2,8
2010,10,Sant Martí,64,el Camp de l'Arpa del Clot,203,10012,5,2,9
2010,10,Sant Martí,64,el Camp de l'Arpa del Clot,203,10012,..,2,10
2010,10,Sant Martí,64,el Camp de l'Arpa del Clot,203,10012,..,2,16
2010,10,Sant Martí,64,el Camp de l'Arpa del Clot,203,10013,..,1,0
2010,10,Sant Martí,64,el Camp de l'Arpa del Clot,203,10013,..,1,2
2010,10,Sant Martí,64,el Camp de l'Arpa del Clot,203,10013,..,1,3
2010,10,Sant Martí,64,el Camp de l'Arpa del Clot,203,10013,..,1,4
2010,10,Sant Martí,64,el Camp de l'Arpa del Clot,203,10013,10,1,5
2010,10,Sant Martí,64,el Camp de l'Arpa del Clot,203,10013,5,1,6
2010,10,Sant Martí,64,el Camp de l'Arpa del Clot,203,10013,..,1,7
2010,10,Sant Martí,64,el Camp de l'Arpa del Clot,203,10013,..,1,8
2010,10,Sant Martí,64,el Camp de l'Arpa del Clot,203,10013,..,1,9
2010,10,Sant Martí,64,el Camp de l'Arpa del Clot,203,10013,..,1,10
2010,10,Sant Martí,64,el Camp de l'Arpa del Clot,203,10013,..,1,11
2010,10,Sant Martí,64,el Camp de l'Arpa del Clot,203,10013,..,1,12
2010,10,Sant Martí,64,el Camp de l'Arpa del Clot,203,10013,..,2,0
2010,10,Sant Martí,64,el Camp de l'Arpa del Clot,203,10013,..,2,2
2010,10,Sant Martí,64,el Camp de l'Arpa del Clot,203,10013,..,2,4
2010,10,Sant Martí,64,el Camp de l'Arpa del Clot,203,10013,5,2,5
2010,10,Sant Martí,64,el Camp de l'Arpa del Clot,203,10013,..,2,6
2010,10,Sant Martí,64,el Camp de l'Arpa del Clot,203,10013,..,2,7
2010,10,Sant Martí,64,el Camp de l'Arpa del Clot,203,10013,5,2,8
2010,10,Sant Martí,64,el Camp de l'Arpa del Clot,203,10013,..,2,9
2010,10,Sant Martí,64,el Camp de l'Arpa del Clot,203,10013,..,2,10
2010,10,Sant Martí,64,el Camp de l'Arpa del Clot,203,10014,..,1,0
2010,10,Sant Martí,64,el Camp de l'Arpa del Clot,203,10014,..,1,1
2010,10,Sant Martí,64,el Camp de l'Arpa del Clot,203,10014,..,1,2
2010,10,Sant Martí,64,el Camp de l'Arpa del Clot,203,10014,..,1,3
2010,10,Sant Martí,64,el Camp de l'Arpa del Clot,203,10014,5,1,4
2010,10,Sant Martí,64,el Camp de l'Arpa del Clot,203,10014,10,1,5
2010,10,Sant Martí,64,el Camp de l'Arpa del Clot,203,10014,8,1,6
2010,10,Sant Martí,64,el Camp de l'Arpa del Clot,203,10014,6,1,7
2010,10,Sant Martí,64,el Camp de l'Arpa del Clot,203,10014,..,1,8
2010,10,Sant Martí,64,el Camp de l'Arpa del Clot,203,10014,..,1,10
2010,10,Sant Martí,64,el Camp de l'Arpa del Clot,203,10014,..,1,11
2010,10,Sant Martí,64,el Camp de l'Arpa del Clot,203,10014,..,1,12
2010,10,Sant Martí,64,el Camp de l'Arpa del Clot,203,10014,..,1,13
2010,10,Sant Martí,64,el Camp de l'Arpa del Clot,203,10014,..,2,0
2010,10,Sant Martí,64,el Camp de l'Arpa del Clot,203,10014,..,2,1
2010,10,Sant Martí,64,el Camp de l'Arpa del Clot,203,10014,..,2,4
2010,10,Sant Martí,64,el Camp de l'Arpa del Clot,203,10014,10,2,5
2010,10,Sant Martí,64,el Camp de l'Arpa del Clot,203,10014,8,2,6
2010,10,Sant Martí,64,el Camp de l'Arpa del Clot,203,10014,5,2,7
2010,10,Sant Martí,64,el Camp de l'Arpa del Clot,203,10014,..,2,9
2010,10,Sant Martí,64,el Camp de l'Arpa del Clot,203,10014,..,2,10
2010,10,Sant Martí,64,el Camp de l'Arpa del Clot,203,10014,..,2,11
2010,10,Sant Martí,64,el Camp de l'Arpa del Clot,203,10014,..,2,12
2010,10,Sant Martí,64,el Camp de l'Arpa del Clot,203,10014,..,2,13
2010,10,Sant Martí,64,el Camp de l'Arpa del Clot,203,10015,..,1,0
2010,10,Sant Martí,64,el Camp de l'Arpa del Clot,203,10015,..,1,1
2010,10,Sant Martí,64,el Camp de l'Arpa del Clot,203,10015,..,1,2
2010,10,Sant Martí,64,el Camp de l'Arpa del Clot,203,10015,5,1,3
2010,10,Sant Martí,64,el Camp de l'Arpa del Clot,203,10015,9,1,4
2010,10,Sant Martí,64,el Camp de l'Arpa del Clot,203,10015,14,1,5
2010,10,Sant Martí,64,el Camp de l'Arpa del Clot,203,10015,5,1,6
2010,10,Sant Martí,64,el Camp de l'Arpa del Clot,203,10015,..,1,7
2010,10,Sant Martí,64,el Camp de l'Arpa del Clot,203,10015,..,1,8
2010,10,Sant Martí,64,el Camp de l'Arpa del Clot,203,10015,5,1,9
2010,10,Sant Martí,64,el Camp de l'Arpa del Clot,203,10015,..,1,10
2010,10,Sant Martí,64,el Camp de l'Arpa del Clot,203,10015,..,1,11
2010,10,Sant Martí,64,el Camp de l'Arpa del Clot,203,10015,..,1,12
2010,10,Sant Martí,64,el Camp de l'Arpa del Clot,203,10015,..,1,17
2010,10,Sant Martí,64,el Camp de l'Arpa del Clot,203,10015,..,2,0
2010,10,Sant Martí,64,el Camp de l'Arpa del Clot,203,10015,..,2,1
2010,10,Sant Martí,64,el Camp de l'Arpa del Clot,203,10015,8,2,4
2010,10,Sant Martí,64,el Camp de l'Arpa del Clot,203,10015,14,2,5
2010,10,Sant Martí,64,el Camp de l'Arpa del Clot,203,10015,12,2,6
2010,10,Sant Martí,64,el Camp de l'Arpa del Clot,203,10015,7,2,7
2010,10,Sant Martí,64,el Camp de l'Arpa del Clot,203,10015,5,2,8
2010,10,Sant Martí,64,el Camp de l'Arpa del Clot,203,10015,5,2,9
2010,10,Sant Martí,64,el Camp de l'Arpa del Clot,203,10015,..,2,10
2010,10,Sant Martí,64,el Camp de l'Arpa del Clot,203,10015,..,2,11
2010,10,Sant Martí,64,el Camp de l'Arpa del Clot,203,10015,..,2,12
2010,10,Sant Martí,64,el Camp de l'Arpa del Clot,203,10015,..,2,14
2010,10,Sant Martí,64,el Camp de l'Arpa del Clot,203,10016,..,1,0
2010,10,Sant Martí,64,el Camp de l'Arpa del Clot,203,10016,..,1,4
2010,10,Sant Martí,64,el Camp de l'Arpa del Clot,203,10016,..,1,5
2010,10,Sant Martí,64,el Camp de l'Arpa del Clot,203,10016,..,1,6
2010,10,Sant Martí,64,el Camp de l'Arpa del Clot,203,10016,..,1,7
2010,10,Sant Martí,64,el Camp de l'Arpa del Clot,203,10016,..,1,8
2010,10,Sant Martí,64,el Camp de l'Arpa del Clot,203,10016,..,1,9
2010,10,Sant Martí,64,el Camp de l'Arpa del Clot,203,10016,..,1,10
2010,10,Sant Martí,64,el Camp de l'Arpa del Clot,203,10016,..,1,13
2010,10,Sant Martí,64,el Camp de l'Arpa del Clot,203,10016,..,2,0
2010,10,Sant Martí,64,el Camp de l'Arpa del Clot,203,10016,..,2,2
2010,10,Sant Martí,64,el Camp de l'Arpa del Clot,203,10016,..,2,3
2010,10,Sant Martí,64,el Camp de l'Arpa del Clot,203,10016,..,2,4
2010,10,Sant Martí,64,el Camp de l'Arpa del Clot,203,10016,10,2,5
2010,10,Sant Martí,64,el Camp de l'Arpa del Clot,203,10016,5,2,6
2010,10,Sant Martí,64,el Camp de l'Arpa del Clot,203,10016,5,2,7
2010,10,Sant Martí,64,el Camp de l'Arpa del Clot,203,10016,..,2,8
2010,10,Sant Martí,64,el Camp de l'Arpa del Clot,203,10016,..,2,9
2010,10,Sant Martí,64,el Camp de l'Arpa del Clot,203,10016,..,2,14
2010,10,Sant Martí,64,el Camp de l'Arpa del Clot,203,10017,..,1,0
2010,10,Sant Martí,64,el Camp de l'Arpa del Clot,203,10017,..,1,1
2010,10,Sant Martí,64,el Camp de l'Arpa del Clot,203,10017,6,1,3
2010,10,Sant Martí,64,el Camp de l'Arpa del Clot,203,10017,5,1,4
2010,10,Sant Martí,64,el Camp de l'Arpa del Clot,203,10017,6,1,5
2010,10,Sant Martí,64,el Camp de l'Arpa del Clot,203,10017,12,1,6
2010,10,Sant Martí,64,el Camp de l'Arpa del Clot,203,10017,7,1,7
2010,10,Sant Martí,64,el Camp de l'Arpa del Clot,203,10017,..,1,9
2010,10,Sant Martí,64,el Camp de l'Arpa del Clot,203,10017,..,1,10
2010,10,Sant Martí,64,el Camp de l'Arpa del Clot,203,10017,..,1,11
2010,10,Sant Martí,64,el Camp de l'Arpa del Clot,203,10017,..,1,12
2010,10,Sant Martí,64,el Camp de l'Arpa del Clot,203,10017,..,1,13
2010,10,Sant Martí,64,el Camp de l'Arpa del Clot,203,10017,..,1,15
2010,10,Sant Martí,64,el Camp de l'Arpa del Clot,203,10017,..,2,1
2010,10,Sant Martí,64,el Camp de l'Arpa del Clot,203,10017,..,2,2
2010,10,Sant Martí,64,el Camp de l'Arpa del Clot,203,10017,5,2,3
2010,10,Sant Martí,64,el Camp de l'Arpa del Clot,203,10017,9,2,4
2010,10,Sant Martí,64,el Camp de l'Arpa del Clot,203,10017,9,2,5
2010,10,Sant Martí,64,el Camp de l'Arpa del Clot,203,10017,9,2,6
2010,10,Sant Martí,64,el Camp de l'Arpa del Clot,203,10017,..,2,7
2010,10,Sant Martí,64,el Camp de l'Arpa del Clot,203,10017,..,2,8
2010,10,Sant Martí,64,el Camp de l'Arpa del Clot,203,10017,..,2,9
2010,10,Sant Martí,64,el Camp de l'Arpa del Clot,203,10017,..,2,10
2010,10,Sant Martí,64,el Camp de l'Arpa del Clot,203,10017,..,2,11
2010,10,Sant Martí,64,el Camp de l'Arpa del Clot,203,10017,..,2,13
2010,10,Sant Martí,64,el Camp de l'Arpa del Clot,203,10017,..,2,16
2010,10,Sant Martí,64,el Camp de l'Arpa del Clot,203,10018,..,1,0
2010,10,Sant Martí,64,el Camp de l'Arpa del Clot,203,10018,..,1,1
2010,10,Sant Martí,64,el Camp de l'Arpa del Clot,203,10018,..,1,2
2010,10,Sant Martí,64,el Camp de l'Arpa del Clot,203,10018,..,1,3
2010,10,Sant Martí,64,el Camp de l'Arpa del Clot,203,10018,7,1,4
2010,10,Sant Martí,64,el Camp de l'Arpa del Clot,203,10018,14,1,5
2010,10,Sant Martí,64,el Camp de l'Arpa del Clot,203,10018,7,1,6
2010,10,Sant Martí,64,el Camp de l'Arpa del Clot,203,10018,..,1,7
2010,10,Sant Martí,64,el Camp de l'Arpa del Clot,203,10018,6,1,8
2010,10,Sant Martí,64,el Camp de l'Arpa del Clot,203,10018,..,1,9
2010,10,Sant Martí,64,el Camp de l'Arpa del Clot,203,10018,..,1,10
2010,10,Sant Martí,64,el Camp de l'Arpa del Clot,203,10018,..,1,11
2010,10,Sant Martí,64,el Camp de l'Arpa del Clot,203,10018,..,1,14
2010,10,Sant Martí,64,el Camp de l'Arpa del Clot,203,10018,..,2,0
2010,10,Sant Martí,64,el Camp de l'Arpa del Clot,203,10018,..,2,1
2010,10,Sant Martí,64,el Camp de l'Arpa del Clot,203,10018,5,2,2
2010,10,Sant Martí,64,el Camp de l'Arpa del Clot,203,10018,..,2,3
2010,10,Sant Martí,64,el Camp de l'Arpa del Clot,203,10018,9,2,4
2010,10,Sant Martí,64,el Camp de l'Arpa del Clot,203,10018,18,2,5
2010,10,Sant Martí,64,el Camp de l'Arpa del Clot,203,10018,6,2,6
2010,10,Sant Martí,64,el Camp de l'Arpa del Clot,203,10018,5,2,7
2010,10,Sant Martí,64,el Camp de l'Arpa del Clot,203,10018,..,2,8
2010,10,Sant Martí,64,el Camp de l'Arpa del Clot,203,10018,..,2,9
2010,10,Sant Martí,64,el Camp de l'Arpa del Clot,203,10018,..,2,10
2010,10,Sant Martí,64,el Camp de l'Arpa del Clot,203,10018,..,2,16
2010,10,Sant Martí,64,el Camp de l'Arpa del Clot,204,10019,..,1,0
2010,10,Sant Martí,64,el Camp de l'Arpa del Clot,204,10019,..,1,1
2010,10,Sant Martí,64,el Camp de l'Arpa del Clot,204,10019,..,1,2
2010,10,Sant Martí,64,el Camp de l'Arpa del Clot,204,10019,..,1,3
2010,10,Sant Martí,64,el Camp de l'Arpa del Clot,204,10019,..,1,4
2010,10,Sant Martí,64,el Camp de l'Arpa del Clot,204,10019,5,1,5
2010,10,Sant Martí,64,el Camp de l'Arpa del Clot,204,10019,..,1,6
2010,10,Sant Martí,64,el Camp de l'Arpa del Clot,204,10019,..,1,7
2010,10,Sant Martí,64,el Camp de l'Arpa del Clot,204,10019,..,1,8
2010,10,Sant Martí,64,el Camp de l'Arpa del Clot,204,10019,..,1,9
2010,10,Sant Martí,64,el Camp de l'Arpa del Clot,204,10019,..,1,10
2010,10,Sant Martí,64,el Camp de l'Arpa del Clot,204,10019,..,1,11
2010,10,Sant Martí,64,el Camp de l'Arpa del Clot,204,10019,..,1,12
2010,10,Sant Martí,64,el Camp de l'Arpa del Clot,204,10019,..,1,17
2010,10,Sant Martí,64,el Camp de l'Arpa del Clot,204,10019,..,2,3
2010,10,Sant Martí,64,el Camp de l'Arpa del Clot,204,10019,..,2,4
2010,10,Sant Martí,64,el Camp de l'Arpa del Clot,204,10019,7,2,5
2010,10,Sant Martí,64,el Camp de l'Arpa del Clot,204,10019,8,2,6
2010,10,Sant Martí,64,el Camp de l'Arpa del Clot,204,10019,..,2,7
2010,10,Sant Martí,64,el Camp de l'Arpa del Clot,204,10019,..,2,8
2010,10,Sant Martí,64,el Camp de l'Arpa del Clot,204,10019,..,2,9
2010,10,Sant Martí,64,el Camp de l'Arpa del Clot,204,10019,..,2,10
2010,10,Sant Martí,64,el Camp de l'Arpa del Clot,204,10019,..,2,13
2010,10,Sant Martí,64,el Camp de l'Arpa del Clot,204,10020,..,1,0
2010,10,Sant Martí,64,el Camp de l'Arpa del Clot,204,10020,..,1,1
2010,10,Sant Martí,64,el Camp de l'Arpa del Clot,204,10020,..,1,2
2010,10,Sant Martí,64,el Camp de l'Arpa del Clot,204,10020,..,1,3
2010,10,Sant Martí,64,el Camp de l'Arpa del Clot,204,10020,..,1,4
2010,10,Sant Martí,64,el Camp de l'Arpa del Clot,204,10020,9,1,5
2010,10,Sant Martí,64,el Camp de l'Arpa del Clot,204,10020,..,1,6
2010,10,Sant Martí,64,el Camp de l'Arpa del Clot,204,10020,..,1,7
2010,10,Sant Martí,64,el Camp de l'Arpa del Clot,204,10020,..,1,8
2010,10,Sant Martí,64,el Camp de l'Arpa del Clot,204,10020,..,1,10
2010,10,Sant Martí,64,el Camp de l'Arpa del Clot,204,10020,..,1,11
2010,10,Sant Martí,64,el Camp de l'Arpa del Clot,204,10020,..,1,12
2010,10,Sant Martí,64,el Camp de l'Arpa del Clot,204,10020,..,1,18
2010,10,Sant Martí,64,el Camp de l'Arpa del Clot,204,10020,..,2,0
2010,10,Sant Martí,64,el Camp de l'Arpa del Clot,204,10020,..,2,2
2010,10,Sant Martí,64,el Camp de l'Arpa del Clot,204,10020,..,2,3
2010,10,Sant Martí,64,el Camp de l'Arpa del Clot,204,10020,..,2,4
2010,10,Sant Martí,64,el Camp de l'Arpa del Clot,204,10020,..,2,5
2010,10,Sant Martí,64,el Camp de l'Arpa del Clot,204,10020,6,2,6
2010,10,Sant Martí,64,el Camp de l'Arpa del Clot,204,10020,..,2,7
2010,10,Sant Martí,64,el Camp de l'Arpa del Clot,204,10020,..,2,8
2010,10,Sant Martí,64,el Camp de l'Arpa del Clot,204,10020,..,2,9
2010,10,Sant Martí,64,el Camp de l'Arpa del Clot,204,10020,..,2,10
2010,10,Sant Martí,64,el Camp de l'Arpa del Clot,204,10020,..,2,11
2010,10,Sant Martí,64,el Camp de l'Arpa del Clot,204,10020,..,2,12
2010,10,Sant Martí,64,el Camp de l'Arpa del Clot,204,10021,..,1,0
2010,10,Sant Martí,64,el Camp de l'Arpa del Clot,204,10021,..,1,1
2010,10,Sant Martí,64,el Camp de l'Arpa del Clot,204,10021,..,1,2
2010,10,Sant Martí,64,el Camp de l'Arpa del Clot,204,10021,..,1,3
2010,10,Sant Martí,64,el Camp de l'Arpa del Clot,204,10021,8,1,4
2010,10,Sant Martí,64,el Camp de l'Arpa del Clot,204,10021,8,1,5
2010,10,Sant Martí,64,el Camp de l'Arpa del Clot,204,10021,..,1,6
2010,10,Sant Martí,64,el Camp de l'Arpa del Clot,204,10021,..,1,7
2010,10,Sant Martí,64,el Camp de l'Arpa del Clot,204,10021,..,1,10
2010,10,Sant Martí,64,el Camp de l'Arpa del Clot,204,10021,..,2,0
2010,10,Sant Martí,64,el Camp de l'Arpa del Clot,204,10021,..,2,2
2010,10,Sant Martí,64,el Camp de l'Arpa del Clot,204,10021,..,2,4
2010,10,Sant Martí,64,el Camp de l'Arpa del Clot,204,10021,10,2,5
2010,10,Sant Martí,64,el Camp de l'Arpa del Clot,204,10021,5,2,6
2010,10,Sant Martí,64,el Camp de l'Arpa del Clot,204,10021,..,2,7
2010,10,Sant Martí,64,el Camp de l'Arpa del Clot,204,10021,..,2,8
2010,10,Sant Martí,64,el Camp de l'Arpa del Clot,204,10021,..,2,10
2010,10,Sant Martí,64,el Camp de l'Arpa del Clot,204,10021,..,2,11
2010,10,Sant Martí,64,el Camp de l'Arpa del Clot,204,10021,..,2,15
2010,10,Sant Martí,64,el Camp de l'Arpa del Clot,204,10022,..,1,0
2010,10,Sant Martí,64,el Camp de l'Arpa del Clot,204,10022,..,1,2
2010,10,Sant Martí,64,el Camp de l'Arpa del Clot,204,10022,..,1,4
2010,10,Sant Martí,64,el Camp de l'Arpa del Clot,204,10022,9,1,5
2010,10,Sant Martí,64,el Camp de l'Arpa del Clot,204,10022,8,1,6
2010,10,Sant Martí,64,el Camp de l'Arpa del Clot,204,10022,..,1,7
2010,10,Sant Martí,64,el Camp de l'Arpa del Clot,204,10022,..,1,8
2010,10,Sant Martí,64,el Camp de l'Arpa del Clot,204,10022,..,1,9
2010,10,Sant Martí,64,el Camp de l'Arpa del Clot,204,10022,..,1,10
2010,10,Sant Martí,64,el Camp de l'Arpa del Clot,204,10022,..,1,11
2010,10,Sant Martí,64,el Camp de l'Arpa del Clot,204,10022,..,1,12
2010,10,Sant Martí,64,el Camp de l'Arpa del Clot,204,10022,..,2,0
2010,10,Sant Martí,64,el Camp de l'Arpa del Clot,204,10022,..,2,2
2010,10,Sant Martí,64,el Camp de l'Arpa del Clot,204,10022,..,2,3
2010,10,Sant Martí,64,el Camp de l'Arpa del Clot,204,10022,6,2,5
2010,10,Sant Martí,64,el Camp de l'Arpa del Clot,204,10022,6,2,6
2010,10,Sant Martí,64,el Camp de l'Arpa del Clot,204,10022,..,2,7
2010,10,Sant Martí,64,el Camp de l'Arpa del Clot,204,10022,..,2,8
2010,10,Sant Martí,64,el Camp de l'Arpa del Clot,204,10022,..,2,9
2010,10,Sant Martí,64,el Camp de l'Arpa del Clot,204,10022,..,2,12
2010,10,Sant Martí,64,el Camp de l'Arpa del Clot,204,10022,..,2,15
2010,10,Sant Martí,64,el Camp de l'Arpa del Clot,204,10023,..,1,2
2010,10,Sant Martí,64,el Camp de l'Arpa del Clot,204,10023,..,1,3
2010,10,Sant Martí,64,el Camp de l'Arpa del Clot,204,10023,5,1,4
2010,10,Sant Martí,64,el Camp de l'Arpa del Clot,204,10023,..,1,5
2010,10,Sant Martí,64,el Camp de l'Arpa del Clot,204,10023,5,1,6
2010,10,Sant Martí,64,el Camp de l'Arpa del Clot,204,10023,..,1,7
2010,10,Sant Martí,64,el Camp de l'Arpa del Clot,204,10023,..,1,8
2010,10,Sant Martí,64,el Camp de l'Arpa del Clot,204,10023,..,1,9
2010,10,Sant Martí,64,el Camp de l'Arpa del Clot,204,10023,..,1,11
2010,10,Sant Martí,64,el Camp de l'Arpa del Clot,204,10023,..,1,13
2010,10,Sant Martí,64,el Camp de l'Arpa del Clot,204,10023,..,1,14
2010,10,Sant Martí,64,el Camp de l'Arpa del Clot,204,10023,..,1,16
2010,10,Sant Martí,64,el Camp de l'Arpa del Clot,204,10023,..,1,17
2010,10,Sant Martí,64,el Camp de l'Arpa del Clot,204,10023,..,2,0
2010,10,Sant Martí,64,el Camp de l'Arpa del Clot,204,10023,..,2,1
2010,10,Sant Martí,64,el Camp de l'Arpa del Clot,204,10023,..,2,2
2010,10,Sant Martí,64,el Camp de l'Arpa del Clot,204,10023,..,2,4
2010,10,Sant Martí,64,el Camp de l'Arpa del Clot,204,10023,5,2,5
2010,10,Sant Martí,64,el Camp de l'Arpa del Clot,204,10023,5,2,6
2010,10,Sant Martí,64,el Camp de l'Arpa del Clot,204,10023,..,2,7
2010,10,Sant Martí,64,el Camp de l'Arpa del Clot,204,10023,..,2,8
2010,10,Sant Martí,64,el Camp de l'Arpa del Clot,204,10023,..,2,9
2010,10,Sant Martí,64,el Camp de l'Arpa del Clot,204,10023,..,2,10
2010,10,Sant Martí,64,el Camp de l'Arpa del Clot,204,10023,..,2,12
2010,10,Sant Martí,64,el Camp de l'Arpa del Clot,204,10024,..,1,0
2010,10,Sant Martí,64,el Camp de l'Arpa del Clot,204,10024,..,1,1
2010,10,Sant Martí,64,el Camp de l'Arpa del Clot,204,10024,..,1,2
2010,10,Sant Martí,64,el Camp de l'Arpa del Clot,204,10024,..,1,3
2010,10,Sant Martí,64,el Camp de l'Arpa del Clot,204,10024,..,1,4
2010,10,Sant Martí,64,el Camp de l'Arpa del Clot,204,10024,13,1,5
2010,10,Sant Martí,64,el Camp de l'Arpa del Clot,204,10024,7,1,6
2010,10,Sant Martí,64,el Camp de l'Arpa del Clot,204,10024,..,1,7
2010,10,Sant Martí,64,el Camp de l'Arpa del Clot,204,10024,..,1,8
2010,10,Sant Martí,64,el Camp de l'Arpa del Clot,204,10024,..,1,10
2010,10,Sant Martí,64,el Camp de l'Arpa del Clot,204,10024,..,1,16
2010,10,Sant Martí,64,el Camp de l'Arpa del Clot,204,10024,..,1,17
2010,10,Sant Martí,64,el Camp de l'Arpa del Clot,204,10024,..,1,18
2010,10,Sant Martí,64,el Camp de l'Arpa del Clot,204,10024,..,2,0
2010,10,Sant Martí,64,el Camp de l'Arpa del Clot,204,10024,..,2,1
2010,10,Sant Martí,64,el Camp de l'Arpa del Clot,204,10024,..,2,4
2010,10,Sant Martí,64,el Camp de l'Arpa del Clot,204,10024,12,2,5
2010,10,Sant Martí,64,el Camp de l'Arpa del Clot,204,10024,6,2,6
2010,10,Sant Martí,64,el Camp de l'Arpa del Clot,204,10024,..,2,7
2010,10,Sant Martí,64,el Camp de l'Arpa del Clot,204,10024,..,2,8
2010,10,Sant Martí,64,el Camp de l'Arpa del Clot,204,10024,..,2,9
2010,10,Sant Martí,64,el Camp de l'Arpa del Clot,204,10024,..,2,10
2010,10,Sant Martí,64,el Camp de l'Arpa del Clot,204,10024,..,2,11
2010,10,Sant Martí,64,el Camp de l'Arpa del Clot,204,10025,..,1,0
2010,10,Sant Martí,64,el Camp de l'Arpa del Clot,204,10025,..,1,1
2010,10,Sant Martí,64,el Camp de l'Arpa del Clot,204,10025,..,1,4
2010,10,Sant Martí,64,el Camp de l'Arpa del Clot,204,10025,8,1,5
2010,10,Sant Martí,64,el Camp de l'Arpa del Clot,204,10025,8,1,6
2010,10,Sant Martí,64,el Camp de l'Arpa del Clot,204,10025,7,1,7
2010,10,Sant Martí,64,el Camp de l'Arpa del Clot,204,10025,..,1,8
2010,10,Sant Martí,64,el Camp de l'Arpa del Clot,204,10025,..,1,9
2010,10,Sant Martí,64,el Camp de l'Arpa del Clot,204,10025,..,1,10
2010,10,Sant Martí,64,el Camp de l'Arpa del Clot,204,10025,..,1,11
2010,10,Sant Martí,64,el Camp de l'Arpa del Clot,204,10025,..,1,13
2010,10,Sant Martí,64,el Camp de l'Arpa del Clot,204,10025,..,2,0
2010,10,Sant Martí,64,el Camp de l'Arpa del Clot,204,10025,6,2,3
2010,10,Sant Martí,64,el Camp de l'Arpa del Clot,204,10025,..,2,4
2010,10,Sant Martí,64,el Camp de l'Arpa del Clot,204,10025,7,2,5
2010,10,Sant Martí,64,el Camp de l'Arpa del Clot,204,10025,6,2,6
2010,10,Sant Martí,64,el Camp de l'Arpa del Clot,204,10025,..,2,7
2010,10,Sant Martí,64,el Camp de l'Arpa del Clot,204,10025,..,2,8
2010,10,Sant Martí,64,el Camp de l'Arpa del Clot,204,10025,..,2,9
2010,10,Sant Martí,64,el Camp de l'Arpa del Clot,204,10025,..,2,10
2010,10,Sant Martí,64,el Camp de l'Arpa del Clot,204,10025,..,2,13
2010,10,Sant Martí,65,el Clot,205,10026,..,1,1
2010,10,Sant Martí,65,el Clot,205,10026,..,1,2
2010,10,Sant Martí,65,el Clot,205,10026,..,1,3
2010,10,Sant Martí,65,el Clot,205,10026,5,1,4
2010,10,Sant Martí,65,el Clot,205,10026,8,1,5
2010,10,Sant Martí,65,el Clot,205,10026,5,1,6
2010,10,Sant Martí,65,el Clot,205,10026,5,1,7
2010,10,Sant Martí,65,el Clot,205,10026,..,1,8
2010,10,Sant Martí,65,el Clot,205,10026,..,1,9
2010,10,Sant Martí,65,el Clot,205,10026,..,1,11
2010,10,Sant Martí,65,el Clot,205,10026,..,1,13
2010,10,Sant Martí,65,el Clot,205,10026,..,1,17
2010,10,Sant Martí,65,el Clot,205,10026,..,2,0
2010,10,Sant Martí,65,el Clot,205,10026,..,2,2
2010,10,Sant Martí,65,el Clot,205,10026,..,2,3
2010,10,Sant Martí,65,el Clot,205,10026,..,2,4
2010,10,Sant Martí,65,el Clot,205,10026,7,2,5
2010,10,Sant Martí,65,el Clot,205,10026,7,2,6
2010,10,Sant Martí,65,el Clot,205,10026,7,2,7
2010,10,Sant Martí,65,el Clot,205,10026,5,2,8
2010,10,Sant Martí,65,el Clot,205,10026,..,2,9
2010,10,Sant Martí,65,el Clot,205,10026,..,2,11
2010,10,Sant Martí,65,el Clot,205,10026,..,2,12
2010,10,Sant Martí,65,el Clot,205,10026,..,2,13
2010,10,Sant Martí,65,el Clot,205,10026,..,2,14
2010,10,Sant Martí,65,el Clot,205,10027,..,1,0
2010,10,Sant Martí,65,el Clot,205,10027,..,1,4
2010,10,Sant Martí,65,el Clot,205,10027,6,1,5
2010,10,Sant Martí,65,el Clot,205,10027,7,1,6
2010,10,Sant Martí,65,el Clot,205,10027,..,1,7
2010,10,Sant Martí,65,el Clot,205,10027,..,1,9
2010,10,Sant Martí,65,el Clot,205,10027,..,1,10
2010,10,Sant Martí,65,el Clot,205,10027,..,1,11
2010,10,Sant Martí,65,el Clot,205,10027,..,1,15
2010,10,Sant Martí,65,el Clot,205,10027,..,1,16
2010,10,Sant Martí,65,el Clot,205,10027,..,1,17
2010,10,Sant Martí,65,el Clot,205,10027,..,2,1
2010,10,Sant Martí,65,el Clot,205,10027,..,2,3
2010,10,Sant Martí,65,el Clot,205,10027,7,2,4
2010,10,Sant Martí,65,el Clot,205,10027,6,2,5
2010,10,Sant Martí,65,el Clot,205,10027,10,2,6
2010,10,Sant Martí,65,el Clot,205,10027,..,2,7
2010,10,Sant Martí,65,el Clot,205,10027,..,2,8
2010,10,Sant Martí,65,el Clot,205,10027,..,2,9
2010,10,Sant Martí,65,el Clot,205,10027,..,2,10
2010,10,Sant Martí,65,el Clot,205,10027,..,2,17
2010,10,Sant Martí,65,el Clot,205,10028,..,1,0
2010,10,Sant Martí,65,el Clot,205,10028,..,1,1
2010,10,Sant Martí,65,el Clot,205,10028,..,1,2
2010,10,Sant Martí,65,el Clot,205,10028,..,1,3
2010,10,Sant Martí,65,el Clot,205,10028,6,1,4
2010,10,Sant Martí,65,el Clot,205,10028,..,1,5
2010,10,Sant Martí,65,el Clot,205,10028,..,1,6
2010,10,Sant Martí,65,el Clot,205,10028,..,1,8
2010,10,Sant Martí,65,el Clot,205,10028,..,1,10
2010,10,Sant Martí,65,el Clot,205,10028,..,1,11
2010,10,Sant Martí,65,el Clot,205,10028,..,1,12
2010,10,Sant Martí,65,el Clot,205,10028,..,2,0
2010,10,Sant Martí,65,el Clot,205,10028,..,2,1
2010,10,Sant Martí,65,el Clot,205,10028,..,2,2
2010,10,Sant Martí,65,el Clot,205,10028,..,2,3
2010,10,Sant Martí,65,el Clot,205,10028,5,2,4
2010,10,Sant Martí,65,el Clot,205,10028,8,2,5
2010,10,Sant Martí,65,el Clot,205,10028,..,2,6
2010,10,Sant Martí,65,el Clot,205,10028,..,2,7
2010,10,Sant Martí,65,el Clot,205,10028,..,2,8
2010,10,Sant Martí,65,el Clot,205,10028,..,2,9
2010,10,Sant Martí,65,el Clot,205,10029,..,1,0
2010,10,Sant Martí,65,el Clot,205,10029,..,1,1
2010,10,Sant Martí,65,el Clot,205,10029,..,1,3
2010,10,Sant Martí,65,el Clot,205,10029,..,1,4
2010,10,Sant Martí,65,el Clot,205,10029,8,1,5
2010,10,Sant Martí,65,el Clot,205,10029,8,1,6
2010,10,Sant Martí,65,el Clot,205,10029,..,1,8
2010,10,Sant Martí,65,el Clot,205,10029,..,1,9
2010,10,Sant Martí,65,el Clot,205,10029,..,1,10
2010,10,Sant Martí,65,el Clot,205,10029,..,1,11
2010,10,Sant Martí,65,el Clot,205,10029,..,2,0
2010,10,Sant Martí,65,el Clot,205,10029,..,2,1
2010,10,Sant Martí,65,el Clot,205,10029,..,2,2
2010,10,Sant Martí,65,el Clot,205,10029,..,2,3
2010,10,Sant Martí,65,el Clot,205,10029,6,2,4
2010,10,Sant Martí,65,el Clot,205,10029,6,2,5
2010,10,Sant Martí,65,el Clot,205,10029,8,2,6
2010,10,Sant Martí,65,el Clot,205,10029,9,2,7
2010,10,Sant Martí,65,el Clot,205,10029,..,2,8
2010,10,Sant Martí,65,el Clot,205,10029,5,2,9
2010,10,Sant Martí,65,el Clot,205,10029,..,2,11
2010,10,Sant Martí,65,el Clot,205,10030,..,1,0
2010,10,Sant Martí,65,el Clot,205,10030,..,1,1
2010,10,Sant Martí,65,el Clot,205,10030,..,1,2
2010,10,Sant Martí,65,el Clot,205,10030,..,1,4
2010,10,Sant Martí,65,el Clot,205,10030,7,1,5
2010,10,Sant Martí,65,el Clot,205,10030,5,1,6
2010,10,Sant Martí,65,el Clot,205,10030,..,1,7
2010,10,Sant Martí,65,el Clot,205,10030,..,1,8
2010,10,Sant Martí,65,el Clot,205,10030,..,1,9
2010,10,Sant Martí,65,el Clot,205,10030,..,1,15
2010,10,Sant Martí,65,el Clot,205,10030,..,1,16
2010,10,Sant Martí,65,el Clot,205,10030,..,2,1
2010,10,Sant Martí,65,el Clot,205,10030,..,2,2
2010,10,Sant Martí,65,el Clot,205,10030,..,2,3
2010,10,Sant Martí,65,el Clot,205,10030,..,2,4
2010,10,Sant Martí,65,el Clot,205,10030,5,2,5
2010,10,Sant Martí,65,el Clot,205,10030,8,2,6
2010,10,Sant Martí,65,el Clot,205,10030,..,2,7
2010,10,Sant Martí,65,el Clot,205,10030,..,2,8
2010,10,Sant Martí,65,el Clot,205,10030,..,2,9
2010,10,Sant Martí,65,el Clot,205,10030,..,2,10
2010,10,Sant Martí,65,el Clot,205,10030,..,2,11
2010,10,Sant Martí,65,el Clot,205,10030,..,2,13
2010,10,Sant Martí,65,el Clot,205,10031,..,1,0
2010,10,Sant Martí,65,el Clot,205,10031,..,1,1
2010,10,Sant Martí,65,el Clot,205,10031,..,1,3
2010,10,Sant Martí,65,el Clot,205,10031,..,1,4
2010,10,Sant Martí,65,el Clot,205,10031,11,1,5
2010,10,Sant Martí,65,el Clot,205,10031,6,1,6
2010,10,Sant Martí,65,el Clot,205,10031,6,1,7
2010,10,Sant Martí,65,el Clot,205,10031,..,1,8
2010,10,Sant Martí,65,el Clot,205,10031,..,1,9
2010,10,Sant Martí,65,el Clot,205,10031,..,1,10
2010,10,Sant Martí,65,el Clot,205,10031,..,1,11
2010,10,Sant Martí,65,el Clot,205,10031,..,1,12
2010,10,Sant Martí,65,el Clot,205,10031,..,1,13
2010,10,Sant Martí,65,el Clot,205,10031,..,2,1
2010,10,Sant Martí,65,el Clot,205,10031,..,2,3
2010,10,Sant Martí,65,el Clot,205,10031,..,2,4
2010,10,Sant Martí,65,el Clot,205,10031,12,2,5
2010,10,Sant Martí,65,el Clot,205,10031,8,2,6
2010,10,Sant Martí,65,el Clot,205,10031,..,2,7
2010,10,Sant Martí,65,el Clot,205,10031,..,2,8
2010,10,Sant Martí,65,el Clot,205,10031,..,2,9
2010,10,Sant Martí,65,el Clot,205,10031,..,2,10
2010,10,Sant Martí,65,el Clot,205,10031,..,2,11
2010,10,Sant Martí,65,el Clot,206,10032,..,1,0
2010,10,Sant Martí,65,el Clot,206,10032,..,1,1
2010,10,Sant Martí,65,el Clot,206,10032,6,1,4
2010,10,Sant Martí,65,el Clot,206,10032,5,1,5
2010,10,Sant Martí,65,el Clot,206,10032,8,1,6
2010,10,Sant Martí,65,el Clot,206,10032,5,1,7
2010,10,Sant Martí,65,el Clot,206,10032,..,1,10
2010,10,Sant Martí,65,el Clot,206,10032,..,1,12
2010,10,Sant Martí,65,el Clot,206,10032,..,1,16
2010,10,Sant Martí,65,el Clot,206,10032,..,2,3
2010,10,Sant Martí,65,el Clot,206,10032,9,2,4
2010,10,Sant Martí,65,el Clot,206,10032,..,2,5
2010,10,Sant Martí,65,el Clot,206,10032,8,2,6
2010,10,Sant Martí,65,el Clot,206,10032,6,2,7
2010,10,Sant Martí,65,el Clot,206,10032,..,2,8
2010,10,Sant Martí,65,el Clot,206,10032,..,2,9
2010,10,Sant Martí,65,el Clot,206,10032,..,2,10
2010,10,Sant Martí,65,el Clot,206,10033,..,1,0
2010,10,Sant Martí,65,el Clot,206,10033,..,1,3
2010,10,Sant Martí,65,el Clot,206,10033,..,1,6
2010,10,Sant Martí,65,el Clot,206,10033,..,1,7
2010,10,Sant Martí,65,el Clot,206,10033,..,1,8
2010,10,Sant Martí,65,el Clot,206,10033,..,1,9
2010,10,Sant Martí,65,el Clot,206,10033,..,1,10
2010,10,Sant Martí,65,el Clot,206,10033,..,1,12
2010,10,Sant Martí,65,el Clot,206,10033,..,1,13
2010,10,Sant Martí,65,el Clot,206,10033,..,2,0
2010,10,Sant Martí,65,el Clot,206,10033,..,2,3
2010,10,Sant Martí,65,el Clot,206,10033,..,2,4
2010,10,Sant Martí,65,el Clot,206,10033,..,2,5
2010,10,Sant Martí,65,el Clot,206,10033,..,2,6
2010,10,Sant Martí,65,el Clot,206,10033,..,2,7
2010,10,Sant Martí,65,el Clot,206,10033,..,2,10
2010,10,Sant Martí,65,el Clot,206,10033,..,2,14
2010,10,Sant Martí,65,el Clot,206,10033,..,2,17
2010,10,Sant Martí,65,el Clot,206,10034,..,1,1
2010,10,Sant Martí,65,el Clot,206,10034,..,1,3
2010,10,Sant Martí,65,el Clot,206,10034,..,1,4
2010,10,Sant Martí,65,el Clot,206,10034,..,1,5
2010,10,Sant Martí,65,el Clot,206,10034,..,1,6
2010,10,Sant Martí,65,el Clot,206,10034,..,1,7
2010,10,Sant Martí,65,el Clot,206,10034,5,1,8
2010,10,Sant Martí,65,el Clot,206,10034,..,1,9
2010,10,Sant Martí,65,el Clot,206,10034,..,1,12
2010,10,Sant Martí,65,el Clot,206,10034,..,1,14
2010,10,Sant Martí,65,el Clot,206,10034,..,1,17
2010,10,Sant Martí,65,el Clot,206,10034,7,2,4
2010,10,Sant Martí,65,el Clot,206,10034,5,2,5
2010,10,Sant Martí,65,el Clot,206,10034,6,2,6
2010,10,Sant Martí,65,el Clot,206,10034,..,2,7
2010,10,Sant Martí,65,el Clot,206,10034,..,2,8
2010,10,Sant Martí,65,el Clot,206,10034,..,2,11
2010,10,Sant Martí,65,el Clot,206,10034,..,2,12
2010,10,Sant Martí,65,el Clot,206,10035,..,1,0
2010,10,Sant Martí,65,el Clot,206,10035,..,1,2
2010,10,Sant Martí,65,el Clot,206,10035,..,1,3
2010,10,Sant Martí,65,el Clot,206,10035,5,1,4
2010,10,Sant Martí,65,el Clot,206,10035,12,1,5
2010,10,Sant Martí,65,el Clot,206,10035,..,1,6
2010,10,Sant Martí,65,el Clot,206,10035,..,1,7
2010,10,Sant Martí,65,el Clot,206,10035,..,1,8
2010,10,Sant Martí,65,el Clot,206,10035,..,2,0
2010,10,Sant Martí,65,el Clot,206,10035,..,2,1
2010,10,Sant Martí,65,el Clot,206,10035,..,2,2
2010,10,Sant Martí,65,el Clot,206,10035,..,2,4
2010,10,Sant Martí,65,el Clot,206,10035,7,2,5
2010,10,Sant Martí,65,el Clot,206,10035,6,2,6
2010,10,Sant Martí,65,el Clot,206,10035,..,2,7
2010,10,Sant Martí,65,el Clot,206,10035,..,2,8
2010,10,Sant Martí,65,el Clot,206,10035,..,2,9
2010,10,Sant Martí,65,el Clot,206,10035,..,2,10
2010,10,Sant Martí,65,el Clot,206,10035,..,2,11
2010,10,Sant Martí,65,el Clot,206,10036,..,1,4
2010,10,Sant Martí,65,el Clot,206,10036,..,1,5
2010,10,Sant Martí,65,el Clot,206,10036,5,1,6
2010,10,Sant Martí,65,el Clot,206,10036,..,1,7
2010,10,Sant Martí,65,el Clot,206,10036,..,1,9
2010,10,Sant Martí,65,el Clot,206,10036,..,1,17
2010,10,Sant Martí,65,el Clot,206,10036,6,2,0
2010,10,Sant Martí,65,el Clot,206,10036,..,2,1
2010,10,Sant Martí,65,el Clot,206,10036,..,2,3
2010,10,Sant Martí,65,el Clot,206,10036,..,2,5
2010,10,Sant Martí,65,el Clot,206,10036,7,2,6
2010,10,Sant Martí,65,el Clot,206,10036,..,2,7
2010,10,Sant Martí,65,el Clot,206,10036,..,2,8
2010,10,Sant Martí,65,el Clot,206,10036,..,2,10
2010,10,Sant Martí,65,el Clot,206,10036,..,2,16
2010,10,Sant Martí,65,el Clot,206,10037,..,1,0
2010,10,Sant Martí,65,el Clot,206,10037,..,1,1
2010,10,Sant Martí,65,el Clot,206,10037,..,1,3
2010,10,Sant Martí,65,el Clot,206,10037,..,1,4
2010,10,Sant Martí,65,el Clot,206,10037,8,1,5
2010,10,Sant Martí,65,el Clot,206,10037,8,1,6
2010,10,Sant Martí,65,el Clot,206,10037,..,1,7
2010,10,Sant Martí,65,el Clot,206,10037,..,1,8
2010,10,Sant Martí,65,el Clot,206,10037,..,1,9
2010,10,Sant Martí,65,el Clot,206,10037,..,1,10
2010,10,Sant Martí,65,el Clot,206,10037,..,1,11
2010,10,Sant Martí,65,el Clot,206,10037,..,1,12
2010,10,Sant Martí,65,el Clot,206,10037,..,1,14
2010,10,Sant Martí,65,el Clot,206,10037,..,1,17
2010,10,Sant Martí,65,el Clot,206,10037,..,2,0
2010,10,Sant Martí,65,el Clot,206,10037,..,2,3
2010,10,Sant Martí,65,el Clot,206,10037,5,2,4
2010,10,Sant Martí,65,el Clot,206,10037,8,2,5
2010,10,Sant Martí,65,el Clot,206,10037,..,2,6
2010,10,Sant Martí,65,el Clot,206,10037,6,2,7
2010,10,Sant Martí,65,el Clot,206,10037,..,2,8
2010,10,Sant Martí,65,el Clot,206,10037,..,2,9
2010,10,Sant Martí,65,el Clot,206,10037,..,2,10
2010,10,Sant Martí,65,el Clot,206,10037,..,2,12
2010,10,Sant Martí,65,el Clot,206,10037,..,2,15
2010,10,Sant Martí,65,el Clot,206,10037,..,2,16
2010,10,Sant Martí,65,el Clot,206,10234,..,1,0
2010,10,Sant Martí,65,el Clot,206,10234,..,1,1
2010,10,Sant Martí,65,el Clot,206,10234,..,1,2
2010,10,Sant Martí,65,el Clot,206,10234,..,1,3
2010,10,Sant Martí,65,el Clot,206,10234,10,1,4
2010,10,Sant Martí,65,el Clot,206,10234,10,1,5
2010,10,Sant Martí,65,el Clot,206,10234,5,1,6
2010,10,Sant Martí,65,el Clot,206,10234,..,1,7
2010,10,Sant Martí,65,el Clot,206,10234,..,1,8
2010,10,Sant Martí,65,el Clot,206,10234,..,1,9
2010,10,Sant Martí,65,el Clot,206,10234,..,1,10
2010,10,Sant Martí,65,el Clot,206,10234,..,1,13
2010,10,Sant Martí,65,el Clot,206,10234,..,1,17
2010,10,Sant Martí,65,el Clot,206,10234,..,1,19
2010,10,Sant Martí,65,el Clot,206,10234,..,2,0
2010,10,Sant Martí,65,el Clot,206,10234,..,2,1
2010,10,Sant Martí,65,el Clot,206,10234,..,2,2
2010,10,Sant Martí,65,el Clot,206,10234,..,2,3
2010,10,Sant Martí,65,el Clot,206,10234,8,2,4
2010,10,Sant Martí,65,el Clot,206,10234,9,2,5
2010,10,Sant Martí,65,el Clot,206,10234,5,2,6
2010,10,Sant Martí,65,el Clot,206,10234,6,2,7
2010,10,Sant Martí,65,el Clot,206,10234,5,2,8
2010,10,Sant Martí,65,el Clot,206,10234,..,2,9
2010,10,Sant Martí,65,el Clot,206,10234,..,2,10
2010,10,Sant Martí,65,el Clot,206,10234,..,2,11
2010,10,Sant Martí,65,el Clot,207,10038,..,1,0
2010,10,Sant Martí,65,el Clot,207,10038,..,1,1
2010,10,Sant Martí,65,el Clot,207,10038,..,1,2
2010,10,Sant Martí,65,el Clot,207,10038,..,1,3
2010,10,Sant Martí,65,el Clot,207,10038,..,1,4
2010,10,Sant Martí,65,el Clot,207,10038,7,1,5
2010,10,Sant Martí,65,el Clot,207,10038,11,1,6
2010,10,Sant Martí,65,el Clot,207,10038,..,1,7
2010,10,Sant Martí,65,el Clot,207,10038,..,1,8
2010,10,Sant Martí,65,el Clot,207,10038,..,1,9
2010,10,Sant Martí,65,el Clot,207,10038,..,1,10
2010,10,Sant Martí,65,el Clot,207,10038,..,1,15
2010,10,Sant Martí,65,el Clot,207,10038,..,2,0
2010,10,Sant Martí,65,el Clot,207,10038,..,2,1
2010,10,Sant Martí,65,el Clot,207,10038,..,2,2
2010,10,Sant Martí,65,el Clot,207,10038,..,2,3
2010,10,Sant Martí,65,el Clot,207,10038,12,2,4
2010,10,Sant Martí,65,el Clot,207,10038,10,2,5
2010,10,Sant Martí,65,el Clot,207,10038,13,2,6
2010,10,Sant Martí,65,el Clot,207,10038,12,2,7
2010,10,Sant Martí,65,el Clot,207,10038,..,2,8
2010,10,Sant Martí,65,el Clot,207,10038,..,2,9
2010,10,Sant Martí,65,el Clot,207,10038,5,2,10
2010,10,Sant Martí,65,el Clot,207,10038,..,2,12
2010,10,Sant Martí,65,el Clot,207,10038,..,2,14
2010,10,Sant Martí,65,el Clot,207,10038,..,2,15
2010,10,Sant Martí,65,el Clot,207,10039,..,1,0
2010,10,Sant Martí,65,el Clot,207,10039,..,1,2
2010,10,Sant Martí,65,el Clot,207,10039,..,1,3
2010,10,Sant Martí,65,el Clot,207,10039,12,1,4
2010,10,Sant Martí,65,el Clot,207,10039,11,1,5
2010,10,Sant Martí,65,el Clot,207,10039,9,1,6
2010,10,Sant Martí,65,el Clot,207,10039,6,1,7
2010,10,Sant Martí,65,el Clot,207,10039,..,1,8
2010,10,Sant Martí,65,el Clot,207,10039,..,1,9
2010,10,Sant Martí,65,el Clot,207,10039,..,1,10
2010,10,Sant Martí,65,el Clot,207,10039,..,1,12
2010,10,Sant Martí,65,el Clot,207,10039,..,2,0
2010,10,Sant Martí,65,el Clot,207,10039,..,2,1
2010,10,Sant Martí,65,el Clot,207,10039,6,2,2
2010,10,Sant Martí,65,el Clot,207,10039,..,2,3
2010,10,Sant Martí,65,el Clot,207,10039,9,2,4
2010,10,Sant Martí,65,el Clot,207,10039,20,2,5
2010,10,Sant Martí,65,el Clot,207,10039,15,2,6
2010,10,Sant Martí,65,el Clot,207,10039,10,2,7
2010,10,Sant Martí,65,el Clot,207,10039,..,2,8
2010,10,Sant Martí,65,el Clot,207,10039,..,2,9
2010,10,Sant Martí,65,el Clot,207,10039,..,2,10
2010,10,Sant Martí,65,el Clot,207,10039,..,2,11
2010,10,Sant Martí,65,el Clot,207,10039,..,2,12
2010,10,Sant Martí,65,el Clot,207,10039,..,2,13
2010,10,Sant Martí,65,el Clot,207,10040,..,1,0
2010,10,Sant Martí,65,el Clot,207,10040,5,1,1
2010,10,Sant Martí,65,el Clot,207,10040,..,1,2
2010,10,Sant Martí,65,el Clot,207,10040,..,1,3
2010,10,Sant Martí,65,el Clot,207,10040,8,1,4
2010,10,Sant Martí,65,el Clot,207,10040,11,1,5
2010,10,Sant Martí,65,el Clot,207,10040,7,1,6
2010,10,Sant Martí,65,el Clot,207,10040,5,1,7
2010,10,Sant Martí,65,el Clot,207,10040,..,1,8
2010,10,Sant Martí,65,el Clot,207,10040,..,1,9
2010,10,Sant Martí,65,el Clot,207,10040,..,1,11
2010,10,Sant Martí,65,el Clot,207,10040,..,1,12
2010,10,Sant Martí,65,el Clot,207,10040,..,1,14
2010,10,Sant Martí,65,el Clot,207,10040,..,1,16
2010,10,Sant Martí,65,el Clot,207,10040,..,2,0
2010,10,Sant Martí,65,el Clot,207,10040,..,2,1
2010,10,Sant Martí,65,el Clot,207,10040,..,2,3
2010,10,Sant Martí,65,el Clot,207,10040,8,2,4
2010,10,Sant Martí,65,el Clot,207,10040,5,2,5
2010,10,Sant Martí,65,el Clot,207,10040,17,2,6
2010,10,Sant Martí,65,el Clot,207,10040,..,2,7
2010,10,Sant Martí,65,el Clot,207,10040,5,2,8
2010,10,Sant Martí,65,el Clot,207,10040,5,2,9
2010,10,Sant Martí,65,el Clot,207,10040,..,2,10
2010,10,Sant Martí,65,el Clot,207,10040,..,2,11
2010,10,Sant Martí,65,el Clot,207,10040,..,2,12
2010,10,Sant Martí,65,el Clot,207,10040,..,2,13
2010,10,Sant Martí,65,el Clot,207,10040,..,2,15
2010,10,Sant Martí,65,el Clot,207,10041,..,1,0
2010,10,Sant Martí,65,el Clot,207,10041,..,1,1
2010,10,Sant Martí,65,el Clot,207,10041,..,1,3
2010,10,Sant Martí,65,el Clot,207,10041,..,1,4
2010,10,Sant Martí,65,el Clot,207,10041,11,1,5
2010,10,Sant Martí,65,el Clot,207,10041,9,1,6
2010,10,Sant Martí,65,el Clot,207,10041,6,1,7
2010,10,Sant Martí,65,el Clot,207,10041,..,1,8
2010,10,Sant Martí,65,el Clot,207,10041,..,1,9
2010,10,Sant Martí,65,el Clot,207,10041,5,1,10
2010,10,Sant Martí,65,el Clot,207,10041,..,1,11
2010,10,Sant Martí,65,el Clot,207,10041,..,2,0
2010,10,Sant Martí,65,el Clot,207,10041,..,2,1
2010,10,Sant Martí,65,el Clot,207,10041,..,2,4
2010,10,Sant Martí,65,el Clot,207,10041,12,2,5
2010,10,Sant Martí,65,el Clot,207,10041,7,2,6
2010,10,Sant Martí,65,el Clot,207,10041,6,2,7
2010,10,Sant Martí,65,el Clot,207,10041,..,2,8
2010,10,Sant Martí,65,el Clot,207,10041,..,2,9
2010,10,Sant Martí,65,el Clot,207,10041,5,2,10
2010,10,Sant Martí,65,el Clot,207,10041,..,2,14
2010,10,Sant Martí,65,el Clot,207,10041,..,2,16
2010,10,Sant Martí,66,el Parc i la Llacuna del Poblenou,208,10042,..,1,0
2010,10,Sant Martí,66,el Parc i la Llacuna del Poblenou,208,10042,..,1,1
2010,10,Sant Martí,66,el Parc i la Llacuna del Poblenou,208,10042,..,1,2
2010,10,Sant Martí,66,el Parc i la Llacuna del Poblenou,208,10042,5,1,3
2010,10,Sant Martí,66,el Parc i la Llacuna del Poblenou,208,10042,14,1,4
2010,10,Sant Martí,66,el Parc i la Llacuna del Poblenou,208,10042,13,1,5
2010,10,Sant Martí,66,el Parc i la Llacuna del Poblenou,208,10042,9,1,6
2010,10,Sant Martí,66,el Parc i la Llacuna del Poblenou,208,10042,8,1,7
2010,10,Sant Martí,66,el Parc i la Llacuna del Poblenou,208,10042,5,1,8
2010,10,Sant Martí,66,el Parc i la Llacuna del Poblenou,208,10042,5,1,9
2010,10,Sant Martí,66,el Parc i la Llacuna del Poblenou,208,10042,..,1,10
2010,10,Sant Martí,66,el Parc i la Llacuna del Poblenou,208,10042,..,1,11
2010,10,Sant Martí,66,el Parc i la Llacuna del Poblenou,208,10042,..,1,15
2010,10,Sant Martí,66,el Parc i la Llacuna del Poblenou,208,10042,..,1,17
2010,10,Sant Martí,66,el Parc i la Llacuna del Poblenou,208,10042,..,2,0
2010,10,Sant Martí,66,el Parc i la Llacuna del Poblenou,208,10042,..,2,1
2010,10,Sant Martí,66,el Parc i la Llacuna del Poblenou,208,10042,..,2,2
2010,10,Sant Martí,66,el Parc i la Llacuna del Poblenou,208,10042,..,2,3
2010,10,Sant Martí,66,el Parc i la Llacuna del Poblenou,208,10042,13,2,4
2010,10,Sant Martí,66,el Parc i la Llacuna del Poblenou,208,10042,11,2,5
2010,10,Sant Martí,66,el Parc i la Llacuna del Poblenou,208,10042,14,2,6
2010,10,Sant Martí,66,el Parc i la Llacuna del Poblenou,208,10042,10,2,7
2010,10,Sant Martí,66,el Parc i la Llacuna del Poblenou,208,10042,6,2,8
2010,10,Sant Martí,66,el Parc i la Llacuna del Poblenou,208,10042,..,2,9
2010,10,Sant Martí,66,el Parc i la Llacuna del Poblenou,208,10042,..,2,10
2010,10,Sant Martí,66,el Parc i la Llacuna del Poblenou,208,10043,..,1,0
2010,10,Sant Martí,66,el Parc i la Llacuna del Poblenou,208,10043,..,1,2
2010,10,Sant Martí,66,el Parc i la Llacuna del Poblenou,208,10043,15,1,3
2010,10,Sant Martí,66,el Parc i la Llacuna del Poblenou,208,10043,44,1,4
2010,10,Sant Martí,66,el Parc i la Llacuna del Poblenou,208,10043,25,1,5
2010,10,Sant Martí,66,el Parc i la Llacuna del Poblenou,208,10043,12,1,6
2010,10,Sant Martí,66,el Parc i la Llacuna del Poblenou,208,10043,10,1,7
2010,10,Sant Martí,66,el Parc i la Llacuna del Poblenou,208,10043,..,1,8
2010,10,Sant Martí,66,el Parc i la Llacuna del Poblenou,208,10043,..,1,9
2010,10,Sant Martí,66,el Parc i la Llacuna del Poblenou,208,10043,..,1,10
2010,10,Sant Martí,66,el Parc i la Llacuna del Poblenou,208,10043,..,1,12
2010,10,Sant Martí,66,el Parc i la Llacuna del Poblenou,208,10043,..,1,16
2010,10,Sant Martí,66,el Parc i la Llacuna del Poblenou,208,10043,..,2,0
2010,10,Sant Martí,66,el Parc i la Llacuna del Poblenou,208,10043,..,2,2
2010,10,Sant Martí,66,el Parc i la Llacuna del Poblenou,208,10043,..,2,3
2010,10,Sant Martí,66,el Parc i la Llacuna del Poblenou,208,10043,27,2,4
2010,10,Sant Martí,66,el Parc i la Llacuna del Poblenou,208,10043,19,2,5
2010,10,Sant Martí,66,el Parc i la Llacuna del Poblenou,208,10043,17,2,6
2010,10,Sant Martí,66,el Parc i la Llacuna del Poblenou,208,10043,10,2,7
2010,10,Sant Martí,66,el Parc i la Llacuna del Poblenou,208,10043,9,2,8
2010,10,Sant Martí,66,el Parc i la Llacuna del Poblenou,208,10043,6,2,9
2010,10,Sant Martí,66,el Parc i la Llacuna del Poblenou,208,10043,..,2,11
2010,10,Sant Martí,66,el Parc i la Llacuna del Poblenou,208,10043,..,2,12
2010,10,Sant Martí,66,el Parc i la Llacuna del Poblenou,208,10043,..,2,14
2010,10,Sant Martí,66,el Parc i la Llacuna del Poblenou,208,10043,..,2,17
2010,10,Sant Martí,66,el Parc i la Llacuna del Poblenou,209,10044,..,1,1
2010,10,Sant Martí,66,el Parc i la Llacuna del Poblenou,209,10044,..,1,2
2010,10,Sant Martí,66,el Parc i la Llacuna del Poblenou,209,10044,..,1,3
2010,10,Sant Martí,66,el Parc i la Llacuna del Poblenou,209,10044,..,1,4
2010,10,Sant Martí,66,el Parc i la Llacuna del Poblenou,209,10044,8,1,5
2010,10,Sant Martí,66,el Parc i la Llacuna del Poblenou,209,10044,9,1,6
2010,10,Sant Martí,66,el Parc i la Llacuna del Poblenou,209,10044,..,1,7
2010,10,Sant Martí,66,el Parc i la Llacuna del Poblenou,209,10044,..,1,8
2010,10,Sant Martí,66,el Parc i la Llacuna del Poblenou,209,10044,..,1,9
2010,10,Sant Martí,66,el Parc i la Llacuna del Poblenou,209,10044,..,1,10
2010,10,Sant Martí,66,el Parc i la Llacuna del Poblenou,209,10044,..,1,11
2010,10,Sant Martí,66,el Parc i la Llacuna del Poblenou,209,10044,..,1,13
2010,10,Sant Martí,66,el Parc i la Llacuna del Poblenou,209,10044,..,1,14
2010,10,Sant Martí,66,el Parc i la Llacuna del Poblenou,209,10044,..,1,17
2010,10,Sant Martí,66,el Parc i la Llacuna del Poblenou,209,10044,..,1,19
2010,10,Sant Martí,66,el Parc i la Llacuna del Poblenou,209,10044,..,2,0
2010,10,Sant Martí,66,el Parc i la Llacuna del Poblenou,209,10044,..,2,1
2010,10,Sant Martí,66,el Parc i la Llacuna del Poblenou,209,10044,..,2,2
2010,10,Sant Martí,66,el Parc i la Llacuna del Poblenou,209,10044,..,2,3
2010,10,Sant Martí,66,el Parc i la Llacuna del Poblenou,209,10044,..,2,4
2010,10,Sant Martí,66,el Parc i la Llacuna del Poblenou,209,10044,7,2,5
2010,10,Sant Martí,66,el Parc i la Llacuna del Poblenou,209,10044,7,2,6
2010,10,Sant Martí,66,el Parc i la Llacuna del Poblenou,209,10044,..,2,7
2010,10,Sant Martí,66,el Parc i la Llacuna del Poblenou,209,10044,7,2,8
2010,10,Sant Martí,66,el Parc i la Llacuna del Poblenou,209,10044,..,2,9
2010,10,Sant Martí,66,el Parc i la Llacuna del Poblenou,209,10044,..,2,11
2010,10,Sant Martí,66,el Parc i la Llacuna del Poblenou,209,10044,..,2,13
2010,10,Sant Martí,66,el Parc i la Llacuna del Poblenou,209,10044,..,2,15
2010,10,Sant Martí,66,el Parc i la Llacuna del Poblenou,209,10044,..,2,16
2010,10,Sant Martí,66,el Parc i la Llacuna del Poblenou,209,10045,..,1,0
2010,10,Sant Martí,66,el Parc i la Llacuna del Poblenou,209,10045,..,1,1
2010,10,Sant Martí,66,el Parc i la Llacuna del Poblenou,209,10045,..,1,2
2010,10,Sant Martí,66,el Parc i la Llacuna del Poblenou,209,10045,..,1,4
2010,10,Sant Martí,66,el Parc i la Llacuna del Poblenou,209,10045,7,1,5
2010,10,Sant Martí,66,el Parc i la Llacuna del Poblenou,209,10045,8,1,6
2010,10,Sant Martí,66,el Parc i la Llacuna del Poblenou,209,10045,..,1,7
2010,10,Sant Martí,66,el Parc i la Llacuna del Poblenou,209,10045,..,1,8
2010,10,Sant Martí,66,el Parc i la Llacuna del Poblenou,209,10045,..,1,9
2010,10,Sant Martí,66,el Parc i la Llacuna del Poblenou,209,10045,..,1,10
2010,10,Sant Martí,66,el Parc i la Llacuna del Poblenou,209,10045,..,1,13
2010,10,Sant Martí,66,el Parc i la Llacuna del Poblenou,209,10045,..,1,15
2010,10,Sant Martí,66,el Parc i la Llacuna del Poblenou,209,10045,..,1,16
2010,10,Sant Martí,66,el Parc i la Llacuna del Poblenou,209,10045,..,2,2
2010,10,Sant Martí,66,el Parc i la Llacuna del Poblenou,209,10045,..,2,3
2010,10,Sant Martí,66,el Parc i la Llacuna del Poblenou,209,10045,..,2,4
2010,10,Sant Martí,66,el Parc i la Llacuna del Poblenou,209,10045,6,2,5
2010,10,Sant Martí,66,el Parc i la Llacuna del Poblenou,209,10045,..,2,6
2010,10,Sant Martí,66,el Parc i la Llacuna del Poblenou,209,10045,..,2,7
2010,10,Sant Martí,66,el Parc i la Llacuna del Poblenou,209,10045,..,2,8
2010,10,Sant Martí,66,el Parc i la Llacuna del Poblenou,209,10045,..,2,10
2010,10,Sant Martí,66,el Parc i la Llacuna del Poblenou,209,10045,..,2,14
2010,10,Sant Martí,66,el Parc i la Llacuna del Poblenou,209,10046,..,1,0
2010,10,Sant Martí,66,el Parc i la Llacuna del Poblenou,209,10046,..,1,1
2010,10,Sant Martí,66,el Parc i la Llacuna del Poblenou,209,10046,8,1,4
2010,10,Sant Martí,66,el Parc i la Llacuna del Poblenou,209,10046,13,1,5
2010,10,Sant Martí,66,el Parc i la Llacuna del Poblenou,209,10046,..,1,6
2010,10,Sant Martí,66,el Parc i la Llacuna del Poblenou,209,10046,..,1,7
2010,10,Sant Martí,66,el Parc i la Llacuna del Poblenou,209,10046,..,1,9
2010,10,Sant Martí,66,el Parc i la Llacuna del Poblenou,209,10046,..,1,10
2010,10,Sant Martí,66,el Parc i la Llacuna del Poblenou,209,10046,..,1,12
2010,10,Sant Martí,66,el Parc i la Llacuna del Poblenou,209,10046,..,1,17
2010,10,Sant Martí,66,el Parc i la Llacuna del Poblenou,209,10046,..,2,0
2010,10,Sant Martí,66,el Parc i la Llacuna del Poblenou,209,10046,..,2,2
2010,10,Sant Martí,66,el Parc i la Llacuna del Poblenou,209,10046,9,2,4
2010,10,Sant Martí,66,el Parc i la Llacuna del Poblenou,209,10046,6,2,5
2010,10,Sant Martí,66,el Parc i la Llacuna del Poblenou,209,10046,..,2,6
2010,10,Sant Martí,66,el Parc i la Llacuna del Poblenou,209,10046,..,2,7
2010,10,Sant Martí,66,el Parc i la Llacuna del Poblenou,209,10046,..,2,8
2010,10,Sant Martí,66,el Parc i la Llacuna del Poblenou,209,10046,..,2,12
2010,10,Sant Martí,66,el Parc i la Llacuna del Poblenou,209,10047,..,1,0
2010,10,Sant Martí,66,el Parc i la Llacuna del Poblenou,209,10047,..,1,2
2010,10,Sant Martí,66,el Parc i la Llacuna del Poblenou,209,10047,..,1,3
2010,10,Sant Martí,66,el Parc i la Llacuna del Poblenou,209,10047,5,1,4
2010,10,Sant Martí,66,el Parc i la Llacuna del Poblenou,209,10047,9,1,5
2010,10,Sant Martí,66,el Parc i la Llacuna del Poblenou,209,10047,5,1,6
2010,10,Sant Martí,66,el Parc i la Llacuna del Poblenou,209,10047,5,1,7
2010,10,Sant Martí,66,el Parc i la Llacuna del Poblenou,209,10047,..,1,8
2010,10,Sant Martí,66,el Parc i la Llacuna del Poblenou,209,10047,..,1,9
2010,10,Sant Martí,66,el Parc i la Llacuna del Poblenou,209,10047,..,1,11
2010,10,Sant Martí,66,el Parc i la Llacuna del Poblenou,209,10047,..,1,16
2010,10,Sant Martí,66,el Parc i la Llacuna del Poblenou,209,10047,..,1,17
2010,10,Sant Martí,66,el Parc i la Llacuna del Poblenou,209,10047,..,2,0
2010,10,Sant Martí,66,el Parc i la Llacuna del Poblenou,209,10047,..,2,1
2010,10,Sant Martí,66,el Parc i la Llacuna del Poblenou,209,10047,10,2,4
2010,10,Sant Martí,66,el Parc i la Llacuna del Poblenou,209,10047,19,2,5
2010,10,Sant Martí,66,el Parc i la Llacuna del Poblenou,209,10047,..,2,6
2010,10,Sant Martí,66,el Parc i la Llacuna del Poblenou,209,10047,7,2,7
2010,10,Sant Martí,66,el Parc i la Llacuna del Poblenou,209,10047,..,2,8
2010,10,Sant Martí,66,el Parc i la Llacuna del Poblenou,209,10047,..,2,9
2010,10,Sant Martí,66,el Parc i la Llacuna del Poblenou,209,10047,..,2,14
2010,10,Sant Martí,66,el Parc i la Llacuna del Poblenou,209,10047,..,2,15
2010,10,Sant Martí,66,el Parc i la Llacuna del Poblenou,209,10047,..,2,16
2010,10,Sant Martí,66,el Parc i la Llacuna del Poblenou,209,10047,..,2,17
2010,10,Sant Martí,66,el Parc i la Llacuna del Poblenou,209,10048,..,1,0
2010,10,Sant Martí,66,el Parc i la Llacuna del Poblenou,209,10048,..,1,1
2010,10,Sant Martí,66,el Parc i la Llacuna del Poblenou,209,10048,..,1,2
2010,10,Sant Martí,66,el Parc i la Llacuna del Poblenou,209,10048,..,1,3
2010,10,Sant Martí,66,el Parc i la Llacuna del Poblenou,209,10048,8,1,4
2010,10,Sant Martí,66,el Parc i la Llacuna del Poblenou,209,10048,14,1,5
2010,10,Sant Martí,66,el Parc i la Llacuna del Poblenou,209,10048,14,1,6
2010,10,Sant Martí,66,el Parc i la Llacuna del Poblenou,209,10048,6,1,7
2010,10,Sant Martí,66,el Parc i la Llacuna del Poblenou,209,10048,..,1,8
2010,10,Sant Martí,66,el Parc i la Llacuna del Poblenou,209,10048,..,1,9
2010,10,Sant Martí,66,el Parc i la Llacuna del Poblenou,209,10048,..,1,10
2010,10,Sant Martí,66,el Parc i la Llacuna del Poblenou,209,10048,..,1,11
2010,10,Sant Martí,66,el Parc i la Llacuna del Poblenou,209,10048,..,1,12
2010,10,Sant Martí,66,el Parc i la Llacuna del Poblenou,209,10048,..,1,13
2010,10,Sant Martí,66,el Parc i la Llacuna del Poblenou,209,10048,..,1,14
2010,10,Sant Martí,66,el Parc i la Llacuna del Poblenou,209,10048,..,2,0
2010,10,Sant Martí,66,el Parc i la Llacuna del Poblenou,209,10048,..,2,2
2010,10,Sant Martí,66,el Parc i la Llacuna del Poblenou,209,10048,..,2,3
2010,10,Sant Martí,66,el Parc i la Llacuna del Poblenou,209,10048,5,2,4
2010,10,Sant Martí,66,el Parc i la Llacuna del Poblenou,209,10048,15,2,5
2010,10,Sant Martí,66,el Parc i la Llacuna del Poblenou,209,10048,9,2,6
2010,10,Sant Martí,66,el Parc i la Llacuna del Poblenou,209,10048,10,2,7
2010,10,Sant Martí,66,el Parc i la Llacuna del Poblenou,209,10048,..,2,8
2010,10,Sant Martí,66,el Parc i la Llacuna del Poblenou,209,10048,..,2,9
2010,10,Sant Martí,66,el Parc i la Llacuna del Poblenou,209,10048,..,2,10
2010,10,Sant Martí,66,el Parc i la Llacuna del Poblenou,209,10048,..,2,11
2010,10,Sant Martí,66,el Parc i la Llacuna del Poblenou,209,10048,..,2,12
2010,10,Sant Martí,66,el Parc i la Llacuna del Poblenou,209,10048,..,2,13
2010,10,Sant Martí,66,el Parc i la Llacuna del Poblenou,209,10048,..,2,15
2010,10,Sant Martí,66,el Parc i la Llacuna del Poblenou,209,10049,5,1,4
2010,10,Sant Martí,66,el Parc i la Llacuna del Poblenou,209,10049,5,1,5
2010,10,Sant Martí,66,el Parc i la Llacuna del Poblenou,209,10049,6,1,6
2010,10,Sant Martí,66,el Parc i la Llacuna del Poblenou,209,10049,..,1,7
2010,10,Sant Martí,66,el Parc i la Llacuna del Poblenou,209,10049,..,1,8
2010,10,Sant Martí,66,el Parc i la Llacuna del Poblenou,209,10049,..,1,11
2010,10,Sant Martí,66,el Parc i la Llacuna del Poblenou,209,10049,..,1,13
2010,10,Sant Martí,66,el Parc i la Llacuna del Poblenou,209,10049,..,1,15
2010,10,Sant Martí,66,el Parc i la Llacuna del Poblenou,209,10049,..,1,18
2010,10,Sant Martí,66,el Parc i la Llacuna del Poblenou,209,10049,..,2,0
2010,10,Sant Martí,66,el Parc i la Llacuna del Poblenou,209,10049,..,2,2
2010,10,Sant Martí,66,el Parc i la Llacuna del Poblenou,209,10049,..,2,3
2010,10,Sant Martí,66,el Parc i la Llacuna del Poblenou,209,10049,..,2,4
2010,10,Sant Martí,66,el Parc i la Llacuna del Poblenou,209,10049,11,2,5
2010,10,Sant Martí,66,el Parc i la Llacuna del Poblenou,209,10049,5,2,6
2010,10,Sant Martí,66,el Parc i la Llacuna del Poblenou,209,10049,5,2,7
2010,10,Sant Martí,66,el Parc i la Llacuna del Poblenou,209,10049,..,2,8
2010,10,Sant Martí,66,el Parc i la Llacuna del Poblenou,209,10049,..,2,9
2010,10,Sant Martí,66,el Parc i la Llacuna del Poblenou,209,10049,..,2,11
2010,10,Sant Martí,66,el Parc i la Llacuna del Poblenou,209,10050,..,1,0
2010,10,Sant Martí,66,el Parc i la Llacuna del Poblenou,209,10050,..,1,2
2010,10,Sant Martí,66,el Parc i la Llacuna del Poblenou,209,10050,..,1,3
2010,10,Sant Martí,66,el Parc i la Llacuna del Poblenou,209,10050,5,1,4
2010,10,Sant Martí,66,el Parc i la Llacuna del Poblenou,209,10050,11,1,5
2010,10,Sant Martí,66,el Parc i la Llacuna del Poblenou,209,10050,7,1,6
2010,10,Sant Martí,66,el Parc i la Llacuna del Poblenou,209,10050,..,1,7
2010,10,Sant Martí,66,el Parc i la Llacuna del Poblenou,209,10050,..,1,8
2010,10,Sant Martí,66,el Parc i la Llacuna del Poblenou,209,10050,..,1,9
2010,10,Sant Martí,66,el Parc i la Llacuna del Poblenou,209,10050,..,1,12
2010,10,Sant Martí,66,el Parc i la Llacuna del Poblenou,209,10050,..,1,19
2010,10,Sant Martí,66,el Parc i la Llacuna del Poblenou,209,10050,..,2,0
2010,10,Sant Martí,66,el Parc i la Llacuna del Poblenou,209,10050,6,2,4
2010,10,Sant Martí,66,el Parc i la Llacuna del Poblenou,209,10050,10,2,5
2010,10,Sant Martí,66,el Parc i la Llacuna del Poblenou,209,10050,5,2,6
2010,10,Sant Martí,66,el Parc i la Llacuna del Poblenou,209,10050,..,2,7
2010,10,Sant Martí,66,el Parc i la Llacuna del Poblenou,209,10050,..,2,8
2010,10,Sant Martí,66,el Parc i la Llacuna del Poblenou,209,10050,..,2,9
2010,10,Sant Martí,66,el Parc i la Llacuna del Poblenou,209,10050,..,2,11
2010,10,Sant Martí,66,el Parc i la Llacuna del Poblenou,209,10050,..,2,12
2010,10,Sant Martí,66,el Parc i la Llacuna del Poblenou,209,10050,..,2,16
2010,10,Sant Martí,67,la Vila Olímpica del Poblenou,210,10051,..,1,0
2010,10,Sant Martí,67,la Vila Olímpica del Poblenou,210,10051,..,1,1
2010,10,Sant Martí,67,la Vila Olímpica del Poblenou,210,10051,..,1,2
2010,10,Sant Martí,67,la Vila Olímpica del Poblenou,210,10051,..,1,3
2010,10,Sant Martí,67,la Vila Olímpica del Poblenou,210,10051,..,1,4
2010,10,Sant Martí,67,la Vila Olímpica del Poblenou,210,10051,10,1,5
2010,10,Sant Martí,67,la Vila Olímpica del Poblenou,210,10051,..,1,6
2010,10,Sant Martí,67,la Vila Olímpica del Poblenou,210,10051,5,1,7
2010,10,Sant Martí,67,la Vila Olímpica del Poblenou,210,10051,..,1,8
2010,10,Sant Martí,67,la Vila Olímpica del Poblenou,210,10051,..,1,9
2010,10,Sant Martí,67,la Vila Olímpica del Poblenou,210,10051,..,1,10
2010,10,Sant Martí,67,la Vila Olímpica del Poblenou,210,10051,..,1,12
2010,10,Sant Martí,67,la Vila Olímpica del Poblenou,210,10051,..,1,13
2010,10,Sant Martí,67,la Vila Olímpica del Poblenou,210,10051,..,1,14
2010,10,Sant Martí,67,la Vila Olímpica del Poblenou,210,10051,..,1,16
2010,10,Sant Martí,67,la Vila Olímpica del Poblenou,210,10051,..,1,18
2010,10,Sant Martí,67,la Vila Olímpica del Poblenou,210,10051,..,2,0
2010,10,Sant Martí,67,la Vila Olímpica del Poblenou,210,10051,..,2,1
2010,10,Sant Martí,67,la Vila Olímpica del Poblenou,210,10051,..,2,2
2010,10,Sant Martí,67,la Vila Olímpica del Poblenou,210,10051,..,2,3
2010,10,Sant Martí,67,la Vila Olímpica del Poblenou,210,10051,6,2,4
2010,10,Sant Martí,67,la Vila Olímpica del Poblenou,210,10051,7,2,5
2010,10,Sant Martí,67,la Vila Olímpica del Poblenou,210,10051,..,2,6
2010,10,Sant Martí,67,la Vila Olímpica del Poblenou,210,10051,6,2,7
2010,10,Sant Martí,67,la Vila Olímpica del Poblenou,210,10051,..,2,8
2010,10,Sant Martí,67,la Vila Olímpica del Poblenou,210,10051,..,2,9
2010,10,Sant Martí,67,la Vila Olímpica del Poblenou,210,10051,..,2,10
2010,10,Sant Martí,67,la Vila Olímpica del Poblenou,210,10051,..,2,11
2010,10,Sant Martí,67,la Vila Olímpica del Poblenou,210,10051,..,2,12
2010,10,Sant Martí,67,la Vila Olímpica del Poblenou,210,10051,..,2,15
2010,10,Sant Martí,67,la Vila Olímpica del Poblenou,210,10051,..,2,18
2010,10,Sant Martí,67,la Vila Olímpica del Poblenou,210,10052,7,1,0
2010,10,Sant Martí,67,la Vila Olímpica del Poblenou,210,10052,..,1,1
2010,10,Sant Martí,67,la Vila Olímpica del Poblenou,210,10052,..,1,3
2010,10,Sant Martí,67,la Vila Olímpica del Poblenou,210,10052,6,1,4
2010,10,Sant Martí,67,la Vila Olímpica del Poblenou,210,10052,9,1,5
2010,10,Sant Martí,67,la Vila Olímpica del Poblenou,210,10052,9,1,6
2010,10,Sant Martí,67,la Vila Olímpica del Poblenou,210,10052,14,1,7
2010,10,Sant Martí,67,la Vila Olímpica del Poblenou,210,10052,..,1,8
2010,10,Sant Martí,67,la Vila Olímpica del Poblenou,210,10052,..,1,9
2010,10,Sant Martí,67,la Vila Olímpica del Poblenou,210,10052,..,1,10
2010,10,Sant Martí,67,la Vila Olímpica del Poblenou,210,10052,..,1,11
2010,10,Sant Martí,67,la Vila Olímpica del Poblenou,210,10052,..,1,12
2010,10,Sant Martí,67,la Vila Olímpica del Poblenou,210,10052,..,1,15
2010,10,Sant Martí,67,la Vila Olímpica del Poblenou,210,10052,..,1,16
2010,10,Sant Martí,67,la Vila Olímpica del Poblenou,210,10052,..,2,0
2010,10,Sant Martí,67,la Vila Olímpica del Poblenou,210,10052,5,2,1
2010,10,Sant Martí,67,la Vila Olímpica del Poblenou,210,10052,..,2,2
2010,10,Sant Martí,67,la Vila Olímpica del Poblenou,210,10052,..,2,4
2010,10,Sant Martí,67,la Vila Olímpica del Poblenou,210,10052,5,2,5
2010,10,Sant Martí,67,la Vila Olímpica del Poblenou,210,10052,8,2,6
2010,10,Sant Martí,67,la Vila Olímpica del Poblenou,210,10052,10,2,7
2010,10,Sant Martí,67,la Vila Olímpica del Poblenou,210,10052,7,2,8
2010,10,Sant Martí,67,la Vila Olímpica del Poblenou,210,10052,..,2,9
2010,10,Sant Martí,67,la Vila Olímpica del Poblenou,210,10052,..,2,10
2010,10,Sant Martí,67,la Vila Olímpica del Poblenou,210,10052,..,2,11
2010,10,Sant Martí,67,la Vila Olímpica del Poblenou,210,10052,..,2,12
2010,10,Sant Martí,67,la Vila Olímpica del Poblenou,210,10052,..,2,13
2010,10,Sant Martí,67,la Vila Olímpica del Poblenou,210,10052,..,2,15
2010,10,Sant Martí,67,la Vila Olímpica del Poblenou,210,10053,..,1,0
2010,10,Sant Martí,67,la Vila Olímpica del Poblenou,210,10053,..,1,1
2010,10,Sant Martí,67,la Vila Olímpica del Poblenou,210,10053,..,1,2
2010,10,Sant Martí,67,la Vila Olímpica del Poblenou,210,10053,..,1,3
2010,10,Sant Martí,67,la Vila Olímpica del Poblenou,210,10053,6,1,4
2010,10,Sant Martí,67,la Vila Olímpica del Poblenou,210,10053,9,1,5
2010,10,Sant Martí,67,la Vila Olímpica del Poblenou,210,10053,6,1,6
2010,10,Sant Martí,67,la Vila Olímpica del Poblenou,210,10053,7,1,7
2010,10,Sant Martí,67,la Vila Olímpica del Poblenou,210,10053,..,1,8
2010,10,Sant Martí,67,la Vila Olímpica del Poblenou,210,10053,..,1,9
2010,10,Sant Martí,67,la Vila Olímpica del Poblenou,210,10053,..,1,10
2010,10,Sant Martí,67,la Vila Olímpica del Poblenou,210,10053,..,1,11
2010,10,Sant Martí,67,la Vila Olímpica del Poblenou,210,10053,..,1,14
2010,10,Sant Martí,67,la Vila Olímpica del Poblenou,210,10053,..,1,18
2010,10,Sant Martí,67,la Vila Olímpica del Poblenou,210,10053,..,2,0
2010,10,Sant Martí,67,la Vila Olímpica del Poblenou,210,10053,..,2,3
2010,10,Sant Martí,67,la Vila Olímpica del Poblenou,210,10053,7,2,4
2010,10,Sant Martí,67,la Vila Olímpica del Poblenou,210,10053,10,2,5
2010,10,Sant Martí,67,la Vila Olímpica del Poblenou,210,10053,..,2,6
2010,10,Sant Martí,67,la Vila Olímpica del Poblenou,210,10053,5,2,7
2010,10,Sant Martí,67,la Vila Olímpica del Poblenou,210,10053,5,2,8
2010,10,Sant Martí,67,la Vila Olímpica del Poblenou,210,10053,..,2,9
2010,10,Sant Martí,67,la Vila Olímpica del Poblenou,210,10053,..,2,10
2010,10,Sant Martí,67,la Vila Olímpica del Poblenou,210,10053,..,2,11
2010,10,Sant Martí,67,la Vila Olímpica del Poblenou,210,10053,..,2,12
2010,10,Sant Martí,67,la Vila Olímpica del Poblenou,210,10053,..,2,13
2010,10,Sant Martí,67,la Vila Olímpica del Poblenou,210,10053,..,2,15
2010,10,Sant Martí,67,la Vila Olímpica del Poblenou,210,10054,..,1,0
2010,10,Sant Martí,67,la Vila Olímpica del Poblenou,210,10054,..,1,4
2010,10,Sant Martí,67,la Vila Olímpica del Poblenou,210,10054,7,1,5
2010,10,Sant Martí,67,la Vila Olímpica del Poblenou,210,10054,7,1,6
2010,10,Sant Martí,67,la Vila Olímpica del Poblenou,210,10054,..,1,7
2010,10,Sant Martí,67,la Vila Olímpica del Poblenou,210,10054,..,1,8
2010,10,Sant Martí,67,la Vila Olímpica del Poblenou,210,10054,..,1,11
2010,10,Sant Martí,67,la Vila Olímpica del Poblenou,210,10054,..,1,13
2010,10,Sant Martí,67,la Vila Olímpica del Poblenou,210,10054,..,1,16
2010,10,Sant Martí,67,la Vila Olímpica del Poblenou,210,10054,..,2,0
2010,10,Sant Martí,67,la Vila Olímpica del Poblenou,210,10054,..,2,1
2010,10,Sant Martí,67,la Vila Olímpica del Poblenou,210,10054,..,2,2
2010,10,Sant Martí,67,la Vila Olímpica del Poblenou,210,10054,..,2,4
2010,10,Sant Martí,67,la Vila Olímpica del Poblenou,210,10054,..,2,5
2010,10,Sant Martí,67,la Vila Olímpica del Poblenou,210,10054,5,2,6
2010,10,Sant Martí,67,la Vila Olímpica del Poblenou,210,10054,..,2,7
2010,10,Sant Martí,67,la Vila Olímpica del Poblenou,210,10054,..,2,8
2010,10,Sant Martí,67,la Vila Olímpica del Poblenou,210,10054,..,2,9
2010,10,Sant Martí,67,la Vila Olímpica del Poblenou,210,10054,..,2,10
2010,10,Sant Martí,67,la Vila Olímpica del Poblenou,210,10054,..,2,12
2010,10,Sant Martí,67,la Vila Olímpica del Poblenou,211,10055,..,1,0
2010,10,Sant Martí,67,la Vila Olímpica del Poblenou,211,10055,..,1,1
2010,10,Sant Martí,67,la Vila Olímpica del Poblenou,211,10055,..,1,2
2010,10,Sant Martí,67,la Vila Olímpica del Poblenou,211,10055,..,1,3
2010,10,Sant Martí,67,la Vila Olímpica del Poblenou,211,10055,..,1,4
2010,10,Sant Martí,67,la Vila Olímpica del Poblenou,211,10055,5,1,5
2010,10,Sant Martí,67,la Vila Olímpica del Poblenou,211,10055,8,1,6
2010,10,Sant Martí,67,la Vila Olímpica del Poblenou,211,10055,6,1,7
2010,10,Sant Martí,67,la Vila Olímpica del Poblenou,211,10055,..,1,8
2010,10,Sant Martí,67,la Vila Olímpica del Poblenou,211,10055,..,1,9
2010,10,Sant Martí,67,la Vila Olímpica del Poblenou,211,10055,..,1,10
2010,10,Sant Martí,67,la Vila Olímpica del Poblenou,211,10055,..,1,11
2010,10,Sant Martí,67,la Vila Olímpica del Poblenou,211,10055,..,1,17
2010,10,Sant Martí,67,la Vila Olímpica del Poblenou,211,10055,7,2,0
2010,10,Sant Martí,67,la Vila Olímpica del Poblenou,211,10055,5,2,1
2010,10,Sant Martí,67,la Vila Olímpica del Poblenou,211,10055,..,2,2
2010,10,Sant Martí,67,la Vila Olímpica del Poblenou,211,10055,..,2,3
2010,10,Sant Martí,67,la Vila Olímpica del Poblenou,211,10055,..,2,4
2010,10,Sant Martí,67,la Vila Olímpica del Poblenou,211,10055,7,2,5
2010,10,Sant Martí,67,la Vila Olímpica del Poblenou,211,10055,6,2,6
2010,10,Sant Martí,67,la Vila Olímpica del Poblenou,211,10055,9,2,7
2010,10,Sant Martí,67,la Vila Olímpica del Poblenou,211,10055,6,2,8
2010,10,Sant Martí,67,la Vila Olímpica del Poblenou,211,10055,5,2,9
2010,10,Sant Martí,67,la Vila Olímpica del Poblenou,211,10055,..,2,10
2010,10,Sant Martí,67,la Vila Olímpica del Poblenou,211,10055,..,2,11
2010,10,Sant Martí,67,la Vila Olímpica del Poblenou,211,10055,..,2,12
2010,10,Sant Martí,67,la Vila Olímpica del Poblenou,211,10055,..,2,13
2010,10,Sant Martí,67,la Vila Olímpica del Poblenou,211,10055,..,2,14
2010,10,Sant Martí,67,la Vila Olímpica del Poblenou,211,10055,..,2,15
2010,10,Sant Martí,68,el Poblenou,212,10056,..,1,0
2010,10,Sant Martí,68,el Poblenou,212,10056,..,1,1
2010,10,Sant Martí,68,el Poblenou,212,10056,..,1,2
2010,10,Sant Martí,68,el Poblenou,212,10056,5,1,3
2010,10,Sant Martí,68,el Poblenou,212,10056,12,1,4
2010,10,Sant Martí,68,el Poblenou,212,10056,10,1,5
2010,10,Sant Martí,68,el Poblenou,212,10056,13,1,6
2010,10,Sant Martí,68,el Poblenou,212,10056,6,1,7
2010,10,Sant Martí,68,el Poblenou,212,10056,5,1,8
2010,10,Sant Martí,68,el Poblenou,212,10056,..,1,9
2010,10,Sant Martí,68,el Poblenou,212,10056,..,1,10
2010,10,Sant Martí,68,el Poblenou,212,10056,..,1,13
2010,10,Sant Martí,68,el Poblenou,212,10056,..,1,14
2010,10,Sant Martí,68,el Poblenou,212,10056,..,2,0
2010,10,Sant Martí,68,el Poblenou,212,10056,..,2,1
2010,10,Sant Martí,68,el Poblenou,212,10056,..,2,2
2010,10,Sant Martí,68,el Poblenou,212,10056,..,2,3
2010,10,Sant Martí,68,el Poblenou,212,10056,..,2,4
2010,10,Sant Martí,68,el Poblenou,212,10056,32,2,5
2010,10,Sant Martí,68,el Poblenou,212,10056,15,2,6
2010,10,Sant Martí,68,el Poblenou,212,10056,8,2,7
2010,10,Sant Martí,68,el Poblenou,212,10056,7,2,8
2010,10,Sant Martí,68,el Poblenou,212,10056,..,2,9
2010,10,Sant Martí,68,el Poblenou,212,10056,5,2,10
2010,10,Sant Martí,68,el Poblenou,212,10056,..,2,11
2010,10,Sant Martí,68,el Poblenou,212,10056,..,2,12
2010,10,Sant Martí,68,el Poblenou,212,10056,..,2,14
2010,10,Sant Martí,68,el Poblenou,212,10056,..,2,16
2010,10,Sant Martí,68,el Poblenou,212,10057,5,1,0
2010,10,Sant Martí,68,el Poblenou,212,10057,..,1,1
2010,10,Sant Martí,68,el Poblenou,212,10057,8,1,4
2010,10,Sant Martí,68,el Poblenou,212,10057,7,1,5
2010,10,Sant Martí,68,el Poblenou,212,10057,5,1,6
2010,10,Sant Martí,68,el Poblenou,212,10057,8,1,7
2010,10,Sant Martí,68,el Poblenou,212,10057,5,1,8
2010,10,Sant Martí,68,el Poblenou,212,10057,..,1,9
2010,10,Sant Martí,68,el Poblenou,212,10057,..,1,14
2010,10,Sant Martí,68,el Poblenou,212,10057,..,2,0
2010,10,Sant Martí,68,el Poblenou,212,10057,..,2,1
2010,10,Sant Martí,68,el Poblenou,212,10057,..,2,3
2010,10,Sant Martí,68,el Poblenou,212,10057,..,2,4
2010,10,Sant Martí,68,el Poblenou,212,10057,5,2,5
2010,10,Sant Martí,68,el Poblenou,212,10057,8,2,6
2010,10,Sant Martí,68,el Poblenou,212,10057,8,2,7
2010,10,Sant Martí,68,el Poblenou,212,10057,7,2,8
2010,10,Sant Martí,68,el Poblenou,212,10057,..,2,9
2010,10,Sant Martí,68,el Poblenou,212,10057,..,2,10
2010,10,Sant Martí,68,el Poblenou,212,10057,..,2,11
2010,10,Sant Martí,68,el Poblenou,212,10057,..,2,13
2010,10,Sant Martí,68,el Poblenou,212,10058,..,1,3
2010,10,Sant Martí,68,el Poblenou,212,10058,..,1,4
2010,10,Sant Martí,68,el Poblenou,212,10058,5,1,5
2010,10,Sant Martí,68,el Poblenou,212,10058,7,1,6
2010,10,Sant Martí,68,el Poblenou,212,10058,..,1,7
2010,10,Sant Martí,68,el Poblenou,212,10058,..,1,9
2010,10,Sant Martí,68,el Poblenou,212,10058,..,1,10
2010,10,Sant Martí,68,el Poblenou,212,10058,..,1,12
2010,10,Sant Martí,68,el Poblenou,212,10058,..,2,1
2010,10,Sant Martí,68,el Poblenou,212,10058,..,2,2
2010,10,Sant Martí,68,el Poblenou,212,10058,..,2,3
2010,10,Sant Martí,68,el Poblenou,212,10058,15,2,4
2010,10,Sant Martí,68,el Poblenou,212,10058,14,2,5
2010,10,Sant Martí,68,el Poblenou,212,10058,16,2,6
2010,10,Sant Martí,68,el Poblenou,212,10058,..,2,7
2010,10,Sant Martí,68,el Poblenou,212,10058,..,2,8
2010,10,Sant Martí,68,el Poblenou,212,10058,..,2,9
2010,10,Sant Martí,68,el Poblenou,212,10058,..,2,10
2010,10,Sant Martí,68,el Poblenou,212,10058,..,2,11
2010,10,Sant Martí,68,el Poblenou,212,10058,..,2,19
2010,10,Sant Martí,68,el Poblenou,213,10059,..,1,0
2010,10,Sant Martí,68,el Poblenou,213,10059,..,1,3
2010,10,Sant Martí,68,el Poblenou,213,10059,5,1,4
2010,10,Sant Martí,68,el Poblenou,213,10059,14,1,5
2010,10,Sant Martí,68,el Poblenou,213,10059,16,1,6
2010,10,Sant Martí,68,el Poblenou,213,10059,..,1,7
2010,10,Sant Martí,68,el Poblenou,213,10059,5,1,8
2010,10,Sant Martí,68,el Poblenou,213,10059,..,1,9
2010,10,Sant Martí,68,el Poblenou,213,10059,..,1,11
2010,10,Sant Martí,68,el Poblenou,213,10059,..,1,13
2010,10,Sant Martí,68,el Poblenou,213,10059,..,1,15
2010,10,Sant Martí,68,el Poblenou,213,10059,..,1,17
2010,10,Sant Martí,68,el Poblenou,213,10059,..,1,18
2010,10,Sant Martí,68,el Poblenou,213,10059,5,2,0
2010,10,Sant Martí,68,el Poblenou,213,10059,..,2,1
2010,10,Sant Martí,68,el Poblenou,213,10059,7,2,4
2010,10,Sant Martí,68,el Poblenou,213,10059,7,2,5
2010,10,Sant Martí,68,el Poblenou,213,10059,12,2,6
2010,10,Sant Martí,68,el Poblenou,213,10059,9,2,7
2010,10,Sant Martí,68,el Poblenou,213,10059,..,2,8
2010,10,Sant Martí,68,el Poblenou,213,10059,..,2,9
2010,10,Sant Martí,68,el Poblenou,213,10059,..,2,10
2010,10,Sant Martí,68,el Poblenou,213,10059,..,2,11
2010,10,Sant Martí,68,el Poblenou,213,10059,..,2,13
2010,10,Sant Martí,68,el Poblenou,213,10059,..,2,14
2010,10,Sant Martí,68,el Poblenou,213,10059,..,2,16
2010,10,Sant Martí,68,el Poblenou,213,10059,..,2,17
2010,10,Sant Martí,68,el Poblenou,213,10060,..,1,0
2010,10,Sant Martí,68,el Poblenou,213,10060,..,1,2
2010,10,Sant Martí,68,el Poblenou,213,10060,..,1,3
2010,10,Sant Martí,68,el Poblenou,213,10060,7,1,4
2010,10,Sant Martí,68,el Poblenou,213,10060,14,1,5
2010,10,Sant Martí,68,el Poblenou,213,10060,7,1,6
2010,10,Sant Martí,68,el Poblenou,213,10060,..,1,7
2010,10,Sant Martí,68,el Poblenou,213,10060,..,1,8
2010,10,Sant Martí,68,el Poblenou,213,10060,..,1,9
2010,10,Sant Martí,68,el Poblenou,213,10060,..,1,10
2010,10,Sant Martí,68,el Poblenou,213,10060,..,1,11
2010,10,Sant Martí,68,el Poblenou,213,10060,..,1,13
2010,10,Sant Martí,68,el Poblenou,213,10060,..,1,16
2010,10,Sant Martí,68,el Poblenou,213,10060,..,1,17
2010,10,Sant Martí,68,el Poblenou,213,10060,..,2,0
2010,10,Sant Martí,68,el Poblenou,213,10060,5,2,1
2010,10,Sant Martí,68,el Poblenou,213,10060,5,2,3
2010,10,Sant Martí,68,el Poblenou,213,10060,13,2,4
2010,10,Sant Martí,68,el Poblenou,213,10060,22,2,5
2010,10,Sant Martí,68,el Poblenou,213,10060,23,2,6
2010,10,Sant Martí,68,el Poblenou,213,10060,11,2,7
2010,10,Sant Martí,68,el Poblenou,213,10060,12,2,8
2010,10,Sant Martí,68,el Poblenou,213,10060,5,2,9
2010,10,Sant Martí,68,el Poblenou,213,10060,..,2,10
2010,10,Sant Martí,68,el Poblenou,213,10060,..,2,11
2010,10,Sant Martí,68,el Poblenou,213,10060,..,2,13
2010,10,Sant Martí,68,el Poblenou,213,10060,..,2,14
2010,10,Sant Martí,68,el Poblenou,213,10061,..,1,0
2010,10,Sant Martí,68,el Poblenou,213,10061,..,1,1
2010,10,Sant Martí,68,el Poblenou,213,10061,..,1,2
2010,10,Sant Martí,68,el Poblenou,213,10061,..,1,3
2010,10,Sant Martí,68,el Poblenou,213,10061,..,1,4
2010,10,Sant Martí,68,el Poblenou,213,10061,5,1,5
2010,10,Sant Martí,68,el Poblenou,213,10061,..,1,6
2010,10,Sant Martí,68,el Poblenou,213,10061,5,1,7
2010,10,Sant Martí,68,el Poblenou,213,10061,..,1,8
2010,10,Sant Martí,68,el Poblenou,213,10061,..,1,9
2010,10,Sant Martí,68,el Poblenou,213,10061,..,1,11
2010,10,Sant Martí,68,el Poblenou,213,10061,..,1,12
2010,10,Sant Martí,68,el Poblenou,213,10061,..,1,13
2010,10,Sant Martí,68,el Poblenou,213,10061,..,2,0
2010,10,Sant Martí,68,el Poblenou,213,10061,..,2,1
2010,10,Sant Martí,68,el Poblenou,213,10061,..,2,2
2010,10,Sant Martí,68,el Poblenou,213,10061,..,2,3
2010,10,Sant Martí,68,el Poblenou,213,10061,..,2,4
2010,10,Sant Martí,68,el Poblenou,213,10061,..,2,5
2010,10,Sant Martí,68,el Poblenou,213,10061,6,2,6
2010,10,Sant Martí,68,el Poblenou,213,10061,7,2,7
2010,10,Sant Martí,68,el Poblenou,213,10061,5,2,8
2010,10,Sant Martí,68,el Poblenou,213,10061,..,2,9
2010,10,Sant Martí,68,el Poblenou,213,10061,..,2,12
2010,10,Sant Martí,68,el Poblenou,213,10061,..,2,13
2010,10,Sant Martí,68,el Poblenou,213,10061,..,2,14
2010,10,Sant Martí,68,el Poblenou,213,10061,..,2,16
2010,10,Sant Martí,68,el Poblenou,213,10062,..,1,0
2010,10,Sant Martí,68,el Poblenou,213,10062,..,1,1
2010,10,Sant Martí,68,el Poblenou,213,10062,..,1,4
2010,10,Sant Martí,68,el Poblenou,213,10062,8,1,5
2010,10,Sant Martí,68,el Poblenou,213,10062,7,1,6
2010,10,Sant Martí,68,el Poblenou,213,10062,..,1,7
2010,10,Sant Martí,68,el Poblenou,213,10062,..,1,8
2010,10,Sant Martí,68,el Poblenou,213,10062,..,1,9
2010,10,Sant Martí,68,el Poblenou,213,10062,..,1,10
2010,10,Sant Martí,68,el Poblenou,213,10062,..,1,11
2010,10,Sant Martí,68,el Poblenou,213,10062,..,1,13
2010,10,Sant Martí,68,el Poblenou,213,10062,..,1,14
2010,10,Sant Martí,68,el Poblenou,213,10062,..,2,0
2010,10,Sant Martí,68,el Poblenou,213,10062,..,2,1
2010,10,Sant Martí,68,el Poblenou,213,10062,..,2,2
2010,10,Sant Martí,68,el Poblenou,213,10062,..,2,4
2010,10,Sant Martí,68,el Poblenou,213,10062,6,2,5
2010,10,Sant Martí,68,el Poblenou,213,10062,5,2,6
2010,10,Sant Martí,68,el Poblenou,213,10062,..,2,7
2010,10,Sant Martí,68,el Poblenou,213,10062,5,2,8
2010,10,Sant Martí,68,el Poblenou,213,10062,..,2,9
2010,10,Sant Martí,68,el Poblenou,213,10062,..,2,10
2010,10,Sant Martí,68,el Poblenou,213,10062,..,2,13
2010,10,Sant Martí,68,el Poblenou,213,10062,..,2,15
2010,10,Sant Martí,68,el Poblenou,213,10062,..,2,16
2010,10,Sant Martí,68,el Poblenou,214,10063,..,1,0
2010,10,Sant Martí,68,el Poblenou,214,10063,..,1,1
2010,10,Sant Martí,68,el Poblenou,214,10063,..,1,2
2010,10,Sant Martí,68,el Poblenou,214,10063,..,1,3
2010,10,Sant Martí,68,el Poblenou,214,10063,..,1,4
2010,10,Sant Martí,68,el Poblenou,214,10063,..,1,5
2010,10,Sant Martí,68,el Poblenou,214,10063,..,1,6
2010,10,Sant Martí,68,el Poblenou,214,10063,..,1,7
2010,10,Sant Martí,68,el Poblenou,214,10063,..,1,8
2010,10,Sant Martí,68,el Poblenou,214,10063,..,1,9
2010,10,Sant Martí,68,el Poblenou,214,10063,..,1,10
2010,10,Sant Martí,68,el Poblenou,214,10063,..,1,17
2010,10,Sant Martí,68,el Poblenou,214,10063,..,2,0
2010,10,Sant Martí,68,el Poblenou,214,10063,..,2,1
2010,10,Sant Martí,68,el Poblenou,214,10063,..,2,3
2010,10,Sant Martí,68,el Poblenou,214,10063,..,2,4
2010,10,Sant Martí,68,el Poblenou,214,10063,5,2,5
2010,10,Sant Martí,68,el Poblenou,214,10063,7,2,6
2010,10,Sant Martí,68,el Poblenou,214,10063,..,2,7
2010,10,Sant Martí,68,el Poblenou,214,10063,..,2,8
2010,10,Sant Martí,68,el Poblenou,214,10063,..,2,9
2010,10,Sant Martí,68,el Poblenou,214,10063,..,2,13
2010,10,Sant Martí,68,el Poblenou,214,10063,..,2,14
2010,10,Sant Martí,68,el Poblenou,214,10064,..,1,1
2010,10,Sant Martí,68,el Poblenou,214,10064,..,1,3
2010,10,Sant Martí,68,el Poblenou,214,10064,6,1,4
2010,10,Sant Martí,68,el Poblenou,214,10064,13,1,5
2010,10,Sant Martí,68,el Poblenou,214,10064,7,1,6
2010,10,Sant Martí,68,el Poblenou,214,10064,..,1,7
2010,10,Sant Martí,68,el Poblenou,214,10064,..,1,8
2010,10,Sant Martí,68,el Poblenou,214,10064,..,1,9
2010,10,Sant Martí,68,el Poblenou,214,10064,..,1,10
2010,10,Sant Martí,68,el Poblenou,214,10064,..,1,12
2010,10,Sant Martí,68,el Poblenou,214,10064,..,1,13
2010,10,Sant Martí,68,el Poblenou,214,10064,..,1,17
2010,10,Sant Martí,68,el Poblenou,214,10064,..,2,0
2010,10,Sant Martí,68,el Poblenou,214,10064,..,2,4
2010,10,Sant Martí,68,el Poblenou,214,10064,14,2,5
2010,10,Sant Martí,68,el Poblenou,214,10064,8,2,6
2010,10,Sant Martí,68,el Poblenou,214,10064,8,2,7
2010,10,Sant Martí,68,el Poblenou,214,10064,..,2,8
2010,10,Sant Martí,68,el Poblenou,214,10064,..,2,9
2010,10,Sant Martí,68,el Poblenou,214,10064,..,2,11
2010,10,Sant Martí,68,el Poblenou,214,10064,..,2,18
2010,10,Sant Martí,68,el Poblenou,214,10065,..,1,0
2010,10,Sant Martí,68,el Poblenou,214,10065,..,1,1
2010,10,Sant Martí,68,el Poblenou,214,10065,..,1,2
2010,10,Sant Martí,68,el Poblenou,214,10065,..,1,4
2010,10,Sant Martí,68,el Poblenou,214,10065,8,1,5
2010,10,Sant Martí,68,el Poblenou,214,10065,8,1,6
2010,10,Sant Martí,68,el Poblenou,214,10065,..,1,7
2010,10,Sant Martí,68,el Poblenou,214,10065,..,1,8
2010,10,Sant Martí,68,el Poblenou,214,10065,..,1,9
2010,10,Sant Martí,68,el Poblenou,214,10065,..,1,10
2010,10,Sant Martí,68,el Poblenou,214,10065,..,2,3
2010,10,Sant Martí,68,el Poblenou,214,10065,6,2,5
2010,10,Sant Martí,68,el Poblenou,214,10065,6,2,6
2010,10,Sant Martí,68,el Poblenou,214,10065,..,2,7
2010,10,Sant Martí,68,el Poblenou,214,10065,..,2,13
2010,10,Sant Martí,68,el Poblenou,214,10066,..,1,0
2010,10,Sant Martí,68,el Poblenou,214,10066,..,1,4
2010,10,Sant Martí,68,el Poblenou,214,10066,7,1,5
2010,10,Sant Martí,68,el Poblenou,214,10066,8,1,6
2010,10,Sant Martí,68,el Poblenou,214,10066,..,1,7
2010,10,Sant Martí,68,el Poblenou,214,10066,..,1,8
2010,10,Sant Martí,68,el Poblenou,214,10066,..,1,9
2010,10,Sant Martí,68,el Poblenou,214,10066,..,1,10
2010,10,Sant Martí,68,el Poblenou,214,10066,..,1,11
2010,10,Sant Martí,68,el Poblenou,214,10066,..,1,14
2010,10,Sant Martí,68,el Poblenou,214,10066,5,2,4
2010,10,Sant Martí,68,el Poblenou,214,10066,10,2,5
2010,10,Sant Martí,68,el Poblenou,214,10066,13,2,6
2010,10,Sant Martí,68,el Poblenou,214,10066,5,2,7
2010,10,Sant Martí,68,el Poblenou,214,10066,..,2,8
2010,10,Sant Martí,68,el Poblenou,214,10066,..,2,9
2010,10,Sant Martí,68,el Poblenou,214,10066,..,2,10
2010,10,Sant Martí,68,el Poblenou,214,10066,..,2,11
2010,10,Sant Martí,68,el Poblenou,214,10066,..,2,13
2010,10,Sant Martí,68,el Poblenou,214,10066,..,2,14
2010,10,Sant Martí,68,el Poblenou,214,10067,..,1,0
2010,10,Sant Martí,68,el Poblenou,214,10067,..,1,1
2010,10,Sant Martí,68,el Poblenou,214,10067,..,1,3
2010,10,Sant Martí,68,el Poblenou,214,10067,5,1,4
2010,10,Sant Martí,68,el Poblenou,214,10067,..,1,5
2010,10,Sant Martí,68,el Poblenou,214,10067,12,1,6
2010,10,Sant Martí,68,el Poblenou,214,10067,6,1,7
2010,10,Sant Martí,68,el Poblenou,214,10067,..,1,8
2010,10,Sant Martí,68,el Poblenou,214,10067,..,1,9
2010,10,Sant Martí,68,el Poblenou,214,10067,..,1,11
2010,10,Sant Martí,68,el Poblenou,214,10067,..,1,12
2010,10,Sant Martí,68,el Poblenou,214,10067,..,1,13
2010,10,Sant Martí,68,el Poblenou,214,10067,..,1,15
2010,10,Sant Martí,68,el Poblenou,214,10067,..,1,16
2010,10,Sant Martí,68,el Poblenou,214,10067,..,1,17
2010,10,Sant Martí,68,el Poblenou,214,10067,..,2,0
2010,10,Sant Martí,68,el Poblenou,214,10067,..,2,2
2010,10,Sant Martí,68,el Poblenou,214,10067,..,2,4
2010,10,Sant Martí,68,el Poblenou,214,10067,9,2,5
2010,10,Sant Martí,68,el Poblenou,214,10067,6,2,6
2010,10,Sant Martí,68,el Poblenou,214,10067,..,2,7
2010,10,Sant Martí,68,el Poblenou,214,10067,..,2,8
2010,10,Sant Martí,68,el Poblenou,214,10067,..,2,9
2010,10,Sant Martí,68,el Poblenou,214,10067,..,2,10
2010,10,Sant Martí,68,el Poblenou,214,10067,..,2,11
2010,10,Sant Martí,68,el Poblenou,214,10067,..,2,13
2010,10,Sant Martí,68,el Poblenou,214,10068,..,1,0
2010,10,Sant Martí,68,el Poblenou,214,10068,..,1,2
2010,10,Sant Martí,68,el Poblenou,214,10068,..,1,4
2010,10,Sant Martí,68,el Poblenou,214,10068,..,1,5
2010,10,Sant Martí,68,el Poblenou,214,10068,7,1,6
2010,10,Sant Martí,68,el Poblenou,214,10068,..,1,7
2010,10,Sant Martí,68,el Poblenou,214,10068,..,1,8
2010,10,Sant Martí,68,el Poblenou,214,10068,..,1,9
2010,10,Sant Martí,68,el Poblenou,214,10068,..,1,11
2010,10,Sant Martí,68,el Poblenou,214,10068,..,1,13
2010,10,Sant Martí,68,el Poblenou,214,10068,..,2,4
2010,10,Sant Martí,68,el Poblenou,214,10068,..,2,5
2010,10,Sant Martí,68,el Poblenou,214,10068,5,2,6
2010,10,Sant Martí,68,el Poblenou,214,10068,..,2,7
2010,10,Sant Martí,68,el Poblenou,214,10068,..,2,9
2010,10,Sant Martí,68,el Poblenou,214,10068,..,2,10
2010,10,Sant Martí,68,el Poblenou,214,10068,..,2,13
2010,10,Sant Martí,68,el Poblenou,214,10068,..,2,15
2010,10,Sant Martí,68,el Poblenou,215,10069,..,1,1
2010,10,Sant Martí,68,el Poblenou,215,10069,7,1,4
2010,10,Sant Martí,68,el Poblenou,215,10069,12,1,5
2010,10,Sant Martí,68,el Poblenou,215,10069,7,1,6
2010,10,Sant Martí,68,el Poblenou,215,10069,..,1,7
2010,10,Sant Martí,68,el Poblenou,215,10069,..,1,8
2010,10,Sant Martí,68,el Poblenou,215,10069,..,1,9
2010,10,Sant Martí,68,el Poblenou,215,10069,..,1,10
2010,10,Sant Martí,68,el Poblenou,215,10069,..,2,0
2010,10,Sant Martí,68,el Poblenou,215,10069,..,2,2
2010,10,Sant Martí,68,el Poblenou,215,10069,..,2,3
2010,10,Sant Martí,68,el Poblenou,215,10069,..,2,4
2010,10,Sant Martí,68,el Poblenou,215,10069,7,2,5
2010,10,Sant Martí,68,el Poblenou,215,10069,14,2,6
2010,10,Sant Martí,68,el Poblenou,215,10069,8,2,7
2010,10,Sant Martí,68,el Poblenou,215,10069,5,2,8
2010,10,Sant Martí,68,el Poblenou,215,10069,..,2,9
2010,10,Sant Martí,68,el Poblenou,215,10069,..,2,10
2010,10,Sant Martí,68,el Poblenou,215,10069,..,2,11
2010,10,Sant Martí,68,el Poblenou,215,10069,..,2,14
2010,10,Sant Martí,68,el Poblenou,215,10070,5,1,0
2010,10,Sant Martí,68,el Poblenou,215,10070,..,1,1
2010,10,Sant Martí,68,el Poblenou,215,10070,..,1,2
2010,10,Sant Martí,68,el Poblenou,215,10070,..,1,3
2010,10,Sant Martí,68,el Poblenou,215,10070,6,1,4
2010,10,Sant Martí,68,el Poblenou,215,10070,8,1,5
2010,10,Sant Martí,68,el Poblenou,215,10070,8,1,6
2010,10,Sant Martí,68,el Poblenou,215,10070,6,1,7
2010,10,Sant Martí,68,el Poblenou,215,10070,..,1,8
2010,10,Sant Martí,68,el Poblenou,215,10070,..,1,9
2010,10,Sant Martí,68,el Poblenou,215,10070,..,1,10
2010,10,Sant Martí,68,el Poblenou,215,10070,..,1,11
2010,10,Sant Martí,68,el Poblenou,215,10070,..,1,13
2010,10,Sant Martí,68,el Poblenou,215,10070,..,1,14
2010,10,Sant Martí,68,el Poblenou,215,10070,..,1,17
2010,10,Sant Martí,68,el Poblenou,215,10070,..,2,0
2010,10,Sant Martí,68,el Poblenou,215,10070,..,2,1
2010,10,Sant Martí,68,el Poblenou,215,10070,6,2,3
2010,10,Sant Martí,68,el Poblenou,215,10070,7,2,4
2010,10,Sant Martí,68,el Poblenou,215,10070,12,2,5
2010,10,Sant Martí,68,el Poblenou,215,10070,10,2,6
2010,10,Sant Martí,68,el Poblenou,215,10070,5,2,7
2010,10,Sant Martí,68,el Poblenou,215,10070,..,2,8
2010,10,Sant Martí,68,el Poblenou,215,10070,5,2,9
2010,10,Sant Martí,68,el Poblenou,215,10070,..,2,12
2010,10,Sant Martí,68,el Poblenou,215,10070,..,2,14
2010,10,Sant Martí,68,el Poblenou,215,10070,..,2,15
2010,10,Sant Martí,68,el Poblenou,215,10071,..,1,0
2010,10,Sant Martí,68,el Poblenou,215,10071,5,1,4
2010,10,Sant Martí,68,el Poblenou,215,10071,5,1,5
2010,10,Sant Martí,68,el Poblenou,215,10071,8,1,6
2010,10,Sant Martí,68,el Poblenou,215,10071,6,1,7
2010,10,Sant Martí,68,el Poblenou,215,10071,..,1,8
2010,10,Sant Martí,68,el Poblenou,215,10071,..,1,9
2010,10,Sant Martí,68,el Poblenou,215,10071,..,1,11
2010,10,Sant Martí,68,el Poblenou,215,10071,..,1,12
2010,10,Sant Martí,68,el Poblenou,215,10071,..,2,0
2010,10,Sant Martí,68,el Poblenou,215,10071,..,2,1
2010,10,Sant Martí,68,el Poblenou,215,10071,..,2,4
2010,10,Sant Martí,68,el Poblenou,215,10071,8,2,5
2010,10,Sant Martí,68,el Poblenou,215,10071,7,2,6
2010,10,Sant Martí,68,el Poblenou,215,10071,..,2,7
2010,10,Sant Martí,68,el Poblenou,215,10071,5,2,8
2010,10,Sant Martí,68,el Poblenou,215,10071,..,2,9
2010,10,Sant Martí,68,el Poblenou,215,10071,..,2,10
2010,10,Sant Martí,68,el Poblenou,215,10072,..,1,0
2010,10,Sant Martí,68,el Poblenou,215,10072,..,1,1
2010,10,Sant Martí,68,el Poblenou,215,10072,..,1,2
2010,10,Sant Martí,68,el Poblenou,215,10072,..,1,3
2010,10,Sant Martí,68,el Poblenou,215,10072,8,1,4
2010,10,Sant Martí,68,el Poblenou,215,10072,13,1,5
2010,10,Sant Martí,68,el Poblenou,215,10072,13,1,6
2010,10,Sant Martí,68,el Poblenou,215,10072,7,1,7
2010,10,Sant Martí,68,el Poblenou,215,10072,..,1,8
2010,10,Sant Martí,68,el Poblenou,215,10072,..,1,9
2010,10,Sant Martí,68,el Poblenou,215,10072,..,1,10
2010,10,Sant Martí,68,el Poblenou,215,10072,..,1,11
2010,10,Sant Martí,68,el Poblenou,215,10072,..,1,12
2010,10,Sant Martí,68,el Poblenou,215,10072,..,2,0
2010,10,Sant Martí,68,el Poblenou,215,10072,..,2,1
2010,10,Sant Martí,68,el Poblenou,215,10072,..,2,2
2010,10,Sant Martí,68,el Poblenou,215,10072,13,2,4
2010,10,Sant Martí,68,el Poblenou,215,10072,12,2,5
2010,10,Sant Martí,68,el Poblenou,215,10072,10,2,6
2010,10,Sant Martí,68,el Poblenou,215,10072,6,2,7
2010,10,Sant Martí,68,el Poblenou,215,10072,5,2,8
2010,10,Sant Martí,68,el Poblenou,215,10072,5,2,9
2010,10,Sant Martí,68,el Poblenou,215,10072,..,2,10
2010,10,Sant Martí,68,el Poblenou,215,10072,..,2,11
2010,10,Sant Martí,68,el Poblenou,215,10073,5,1,4
2010,10,Sant Martí,68,el Poblenou,215,10073,7,1,5
2010,10,Sant Martí,68,el Poblenou,215,10073,..,1,6
2010,10,Sant Martí,68,el Poblenou,215,10073,..,1,7
2010,10,Sant Martí,68,el Poblenou,215,10073,..,1,8
2010,10,Sant Martí,68,el Poblenou,215,10073,..,1,10
2010,10,Sant Martí,68,el Poblenou,215,10073,..,1,12
2010,10,Sant Martí,68,el Poblenou,215,10073,..,1,14
2010,10,Sant Martí,68,el Poblenou,215,10073,..,1,15
2010,10,Sant Martí,68,el Poblenou,215,10073,..,2,0
2010,10,Sant Martí,68,el Poblenou,215,10073,..,2,4
2010,10,Sant Martí,68,el Poblenou,215,10073,5,2,5
2010,10,Sant Martí,68,el Poblenou,215,10073,7,2,6
2010,10,Sant Martí,68,el Poblenou,215,10073,..,2,7
2010,10,Sant Martí,68,el Poblenou,215,10073,..,2,8
2010,10,Sant Martí,68,el Poblenou,215,10073,..,2,9
2010,10,Sant Martí,68,el Poblenou,215,10073,..,2,13
2010,10,Sant Martí,68,el Poblenou,215,10073,..,2,15
2010,10,Sant Martí,68,el Poblenou,215,10074,..,1,0
2010,10,Sant Martí,68,el Poblenou,215,10074,6,1,1
2010,10,Sant Martí,68,el Poblenou,215,10074,..,1,2
2010,10,Sant Martí,68,el Poblenou,215,10074,8,1,4
2010,10,Sant Martí,68,el Poblenou,215,10074,11,1,5
2010,10,Sant Martí,68,el Poblenou,215,10074,13,1,6
2010,10,Sant Martí,68,el Poblenou,215,10074,7,1,7
2010,10,Sant Martí,68,el Poblenou,215,10074,5,1,8
2010,10,Sant Martí,68,el Poblenou,215,10074,..,1,9
2010,10,Sant Martí,68,el Poblenou,215,10074,..,1,10
2010,10,Sant Martí,68,el Poblenou,215,10074,..,1,11
2010,10,Sant Martí,68,el Poblenou,215,10074,..,1,13
2010,10,Sant Martí,68,el Poblenou,215,10074,..,1,15
2010,10,Sant Martí,68,el Poblenou,215,10074,6,2,0
2010,10,Sant Martí,68,el Poblenou,215,10074,..,2,1
2010,10,Sant Martí,68,el Poblenou,215,10074,..,2,2
2010,10,Sant Martí,68,el Poblenou,215,10074,..,2,3
2010,10,Sant Martí,68,el Poblenou,215,10074,5,2,4
2010,10,Sant Martí,68,el Poblenou,215,10074,..,2,5
2010,10,Sant Martí,68,el Poblenou,215,10074,11,2,6
2010,10,Sant Martí,68,el Poblenou,215,10074,..,2,7
2010,10,Sant Martí,68,el Poblenou,215,10074,..,2,8
2010,10,Sant Martí,68,el Poblenou,215,10074,..,2,9
2010,10,Sant Martí,68,el Poblenou,215,10074,..,2,10
2010,10,Sant Martí,68,el Poblenou,215,10074,..,2,12
2010,10,Sant Martí,68,el Poblenou,215,10074,..,2,13
2010,10,Sant Martí,68,el Poblenou,215,10074,..,2,15
2010,10,Sant Martí,68,el Poblenou,215,10075,..,1,0
2010,10,Sant Martí,68,el Poblenou,215,10075,..,1,2
2010,10,Sant Martí,68,el Poblenou,215,10075,..,1,3
2010,10,Sant Martí,68,el Poblenou,215,10075,5,1,4
2010,10,Sant Martí,68,el Poblenou,215,10075,6,1,5
2010,10,Sant Martí,68,el Poblenou,215,10075,..,1,6
2010,10,Sant Martí,68,el Poblenou,215,10075,6,1,7
2010,10,Sant Martí,68,el Poblenou,215,10075,..,1,8
2010,10,Sant Martí,68,el Poblenou,215,10075,..,1,9
2010,10,Sant Martí,68,el Poblenou,215,10075,..,1,10
2010,10,Sant Martí,68,el Poblenou,215,10075,..,1,11
2010,10,Sant Martí,68,el Poblenou,215,10075,..,1,13
2010,10,Sant Martí,68,el Poblenou,215,10075,..,1,14
2010,10,Sant Martí,68,el Poblenou,215,10075,..,1,16
2010,10,Sant Martí,68,el Poblenou,215,10075,..,2,0
2010,10,Sant Martí,68,el Poblenou,215,10075,..,2,1
2010,10,Sant Martí,68,el Poblenou,215,10075,..,2,2
2010,10,Sant Martí,68,el Poblenou,215,10075,..,2,3
2010,10,Sant Martí,68,el Poblenou,215,10075,..,2,4
2010,10,Sant Martí,68,el Poblenou,215,10075,6,2,5
2010,10,Sant Martí,68,el Poblenou,215,10075,7,2,6
2010,10,Sant Martí,68,el Poblenou,215,10075,6,2,7
2010,10,Sant Martí,68,el Poblenou,215,10075,..,2,8
2010,10,Sant Martí,68,el Poblenou,215,10075,..,2,9
2010,10,Sant Martí,68,el Poblenou,215,10075,..,2,11
2010,10,Sant Martí,68,el Poblenou,215,10075,..,2,14
2010,10,Sant Martí,68,el Poblenou,215,10075,..,2,16
2010,10,Sant Martí,69,Diagonal Mar i el Front Marítim del Poblenou,216,10076,..,1,0
2010,10,Sant Martí,69,Diagonal Mar i el Front Marítim del Poblenou,216,10076,..,1,3
2010,10,Sant Martí,69,Diagonal Mar i el Front Marítim del Poblenou,216,10076,9,1,4
2010,10,Sant Martí,69,Diagonal Mar i el Front Marítim del Poblenou,216,10076,16,1,5
2010,10,Sant Martí,69,Diagonal Mar i el Front Marítim del Poblenou,216,10076,10,1,6
2010,10,Sant Martí,69,Diagonal Mar i el Front Marítim del Poblenou,216,10076,6,1,7
2010,10,Sant Martí,69,Diagonal Mar i el Front Marítim del Poblenou,216,10076,..,1,9
2010,10,Sant Martí,69,Diagonal Mar i el Front Marítim del Poblenou,216,10076,..,1,10
2010,10,Sant Martí,69,Diagonal Mar i el Front Marítim del Poblenou,216,10076,..,1,12
2010,10,Sant Martí,69,Diagonal Mar i el Front Marítim del Poblenou,216,10076,..,1,13
2010,10,Sant Martí,69,Diagonal Mar i el Front Marítim del Poblenou,216,10076,..,2,0
2010,10,Sant Martí,69,Diagonal Mar i el Front Marítim del Poblenou,216,10076,..,2,1
2010,10,Sant Martí,69,Diagonal Mar i el Front Marítim del Poblenou,216,10076,..,2,2
2010,10,Sant Martí,69,Diagonal Mar i el Front Marítim del Poblenou,216,10076,..,2,3
2010,10,Sant Martí,69,Diagonal Mar i el Front Marítim del Poblenou,216,10076,..,2,4
2010,10,Sant Martí,69,Diagonal Mar i el Front Marítim del Poblenou,216,10076,14,2,5
2010,10,Sant Martí,69,Diagonal Mar i el Front Marítim del Poblenou,216,10076,18,2,6
2010,10,Sant Martí,69,Diagonal Mar i el Front Marítim del Poblenou,216,10076,10,2,7
2010,10,Sant Martí,69,Diagonal Mar i el Front Marítim del Poblenou,216,10076,5,2,8
2010,10,Sant Martí,69,Diagonal Mar i el Front Marítim del Poblenou,216,10076,..,2,9
2010,10,Sant Martí,69,Diagonal Mar i el Front Marítim del Poblenou,216,10076,..,2,10
2010,10,Sant Martí,69,Diagonal Mar i el Front Marítim del Poblenou,216,10076,..,2,11
2010,10,Sant Martí,69,Diagonal Mar i el Front Marítim del Poblenou,216,10076,..,2,12
2010,10,Sant Martí,69,Diagonal Mar i el Front Marítim del Poblenou,216,10076,..,2,14
2010,10,Sant Martí,69,Diagonal Mar i el Front Marítim del Poblenou,216,10235,..,1,3
2010,10,Sant Martí,69,Diagonal Mar i el Front Marítim del Poblenou,216,10235,..,1,4
2010,10,Sant Martí,69,Diagonal Mar i el Front Marítim del Poblenou,216,10235,5,1,5
2010,10,Sant Martí,69,Diagonal Mar i el Front Marítim del Poblenou,216,10235,..,1,6
2010,10,Sant Martí,69,Diagonal Mar i el Front Marítim del Poblenou,216,10235,..,1,7
2010,10,Sant Martí,69,Diagonal Mar i el Front Marítim del Poblenou,216,10235,..,1,8
2010,10,Sant Martí,69,Diagonal Mar i el Front Marítim del Poblenou,216,10235,..,1,9
2010,10,Sant Martí,69,Diagonal Mar i el Front Marítim del Poblenou,216,10235,..,1,11
2010,10,Sant Martí,69,Diagonal Mar i el Front Marítim del Poblenou,216,10235,..,1,17
2010,10,Sant Martí,69,Diagonal Mar i el Front Marítim del Poblenou,216,10235,..,2,0
2010,10,Sant Martí,69,Diagonal Mar i el Front Marítim del Poblenou,216,10235,..,2,1
2010,10,Sant Martí,69,Diagonal Mar i el Front Marítim del Poblenou,216,10235,..,2,2
2010,10,Sant Martí,69,Diagonal Mar i el Front Marítim del Poblenou,216,10235,..,2,3
2010,10,Sant Martí,69,Diagonal Mar i el Front Marítim del Poblenou,216,10235,..,2,4
2010,10,Sant Martí,69,Diagonal Mar i el Front Marítim del Poblenou,216,10235,8,2,5
2010,10,Sant Martí,69,Diagonal Mar i el Front Marítim del Poblenou,216,10235,10,2,6
2010,10,Sant Martí,69,Diagonal Mar i el Front Marítim del Poblenou,216,10235,..,2,7
2010,10,Sant Martí,69,Diagonal Mar i el Front Marítim del Poblenou,216,10235,..,2,8
2010,10,Sant Martí,69,Diagonal Mar i el Front Marítim del Poblenou,216,10235,..,2,9
2010,10,Sant Martí,69,Diagonal Mar i el Front Marítim del Poblenou,216,10235,..,2,10
2010,10,Sant Martí,69,Diagonal Mar i el Front Marítim del Poblenou,216,10235,..,2,18
2010,10,Sant Martí,69,Diagonal Mar i el Front Marítim del Poblenou,216,10236,..,1,1
2010,10,Sant Martí,69,Diagonal Mar i el Front Marítim del Poblenou,216,10236,..,1,2
2010,10,Sant Martí,69,Diagonal Mar i el Front Marítim del Poblenou,216,10236,..,1,3
2010,10,Sant Martí,69,Diagonal Mar i el Front Marítim del Poblenou,216,10236,..,1,4
2010,10,Sant Martí,69,Diagonal Mar i el Front Marítim del Poblenou,216,10236,5,1,5
2010,10,Sant Martí,69,Diagonal Mar i el Front Marítim del Poblenou,216,10236,..,1,6
2010,10,Sant Martí,69,Diagonal Mar i el Front Marítim del Poblenou,216,10236,..,1,7
2010,10,Sant Martí,69,Diagonal Mar i el Front Marítim del Poblenou,216,10236,..,1,9
2010,10,Sant Martí,69,Diagonal Mar i el Front Marítim del Poblenou,216,10236,..,1,10
2010,10,Sant Martí,69,Diagonal Mar i el Front Marítim del Poblenou,216,10236,..,1,11
2010,10,Sant Martí,69,Diagonal Mar i el Front Marítim del Poblenou,216,10236,..,1,12
2010,10,Sant Martí,69,Diagonal Mar i el Front Marítim del Poblenou,216,10236,..,1,13
2010,10,Sant Martí,69,Diagonal Mar i el Front Marítim del Poblenou,216,10236,..,2,1
2010,10,Sant Martí,69,Diagonal Mar i el Front Marítim del Poblenou,216,10236,..,2,2
2010,10,Sant Martí,69,Diagonal Mar i el Front Marítim del Poblenou,216,10236,..,2,3
2010,10,Sant Martí,69,Diagonal Mar i el Front Marítim del Poblenou,216,10236,..,2,4
2010,10,Sant Martí,69,Diagonal Mar i el Front Marítim del Poblenou,216,10236,5,2,5
2010,10,Sant Martí,69,Diagonal Mar i el Front Marítim del Poblenou,216,10236,..,2,6
2010,10,Sant Martí,69,Diagonal Mar i el Front Marítim del Poblenou,216,10236,..,2,7
2010,10,Sant Martí,69,Diagonal Mar i el Front Marítim del Poblenou,216,10236,..,2,8
2010,10,Sant Martí,69,Diagonal Mar i el Front Marítim del Poblenou,216,10236,..,2,9
2010,10,Sant Martí,69,Diagonal Mar i el Front Marítim del Poblenou,216,10236,..,2,10
2010,10,Sant Martí,69,Diagonal Mar i el Front Marítim del Poblenou,216,10236,..,2,12
2010,10,Sant Martí,69,Diagonal Mar i el Front Marítim del Poblenou,216,10236,..,2,13
2010,10,Sant Martí,69,Diagonal Mar i el Front Marítim del Poblenou,217,10077,..,1,0
2010,10,Sant Martí,69,Diagonal Mar i el Front Marítim del Poblenou,217,10077,..,1,1
2010,10,Sant Martí,69,Diagonal Mar i el Front Marítim del Poblenou,217,10077,..,1,2
2010,10,Sant Martí,69,Diagonal Mar i el Front Marítim del Poblenou,217,10077,..,1,4
2010,10,Sant Martí,69,Diagonal Mar i el Front Marítim del Poblenou,217,10077,7,1,5
2010,10,Sant Martí,69,Diagonal Mar i el Front Marítim del Poblenou,217,10077,10,1,6
2010,10,Sant Martí,69,Diagonal Mar i el Front Marítim del Poblenou,217,10077,10,1,7
2010,10,Sant Martí,69,Diagonal Mar i el Front Marítim del Poblenou,217,10077,5,1,8
2010,10,Sant Martí,69,Diagonal Mar i el Front Marítim del Poblenou,217,10077,..,1,9
2010,10,Sant Martí,69,Diagonal Mar i el Front Marítim del Poblenou,217,10077,..,1,10
2010,10,Sant Martí,69,Diagonal Mar i el Front Marítim del Poblenou,217,10077,..,1,11
2010,10,Sant Martí,69,Diagonal Mar i el Front Marítim del Poblenou,217,10077,..,1,16
2010,10,Sant Martí,69,Diagonal Mar i el Front Marítim del Poblenou,217,10077,..,1,17
2010,10,Sant Martí,69,Diagonal Mar i el Front Marítim del Poblenou,217,10077,..,2,0
2010,10,Sant Martí,69,Diagonal Mar i el Front Marítim del Poblenou,217,10077,5,2,5
2010,10,Sant Martí,69,Diagonal Mar i el Front Marítim del Poblenou,217,10077,11,2,6
2010,10,Sant Martí,69,Diagonal Mar i el Front Marítim del Poblenou,217,10077,..,2,7
2010,10,Sant Martí,69,Diagonal Mar i el Front Marítim del Poblenou,217,10077,..,2,8
2010,10,Sant Martí,69,Diagonal Mar i el Front Marítim del Poblenou,217,10077,..,2,9
2010,10,Sant Martí,69,Diagonal Mar i el Front Marítim del Poblenou,217,10077,..,2,10
2010,10,Sant Martí,69,Diagonal Mar i el Front Marítim del Poblenou,217,10077,..,2,11
2010,10,Sant Martí,69,Diagonal Mar i el Front Marítim del Poblenou,217,10077,..,2,13
2010,10,Sant Martí,69,Diagonal Mar i el Front Marítim del Poblenou,217,10077,..,2,15
2010,10,Sant Martí,69,Diagonal Mar i el Front Marítim del Poblenou,217,10078,..,1,0
2010,10,Sant Martí,69,Diagonal Mar i el Front Marítim del Poblenou,217,10078,..,1,1
2010,10,Sant Martí,69,Diagonal Mar i el Front Marítim del Poblenou,217,10078,..,1,4
2010,10,Sant Martí,69,Diagonal Mar i el Front Marítim del Poblenou,217,10078,..,1,5
2010,10,Sant Martí,69,Diagonal Mar i el Front Marítim del Poblenou,217,10078,8,1,6
2010,10,Sant Martí,69,Diagonal Mar i el Front Marítim del Poblenou,217,10078,14,1,7
2010,10,Sant Martí,69,Diagonal Mar i el Front Marítim del Poblenou,217,10078,..,1,8
2010,10,Sant Martí,69,Diagonal Mar i el Front Marítim del Poblenou,217,10078,..,1,9
2010,10,Sant Martí,69,Diagonal Mar i el Front Marítim del Poblenou,217,10078,..,1,10
2010,10,Sant Martí,69,Diagonal Mar i el Front Marítim del Poblenou,217,10078,..,1,12
2010,10,Sant Martí,69,Diagonal Mar i el Front Marítim del Poblenou,217,10078,..,1,13
2010,10,Sant Martí,69,Diagonal Mar i el Front Marítim del Poblenou,217,10078,..,1,14
2010,10,Sant Martí,69,Diagonal Mar i el Front Marítim del Poblenou,217,10078,..,1,15
2010,10,Sant Martí,69,Diagonal Mar i el Front Marítim del Poblenou,217,10078,..,1,17
2010,10,Sant Martí,69,Diagonal Mar i el Front Marítim del Poblenou,217,10078,..,2,0
2010,10,Sant Martí,69,Diagonal Mar i el Front Marítim del Poblenou,217,10078,..,2,3
2010,10,Sant Martí,69,Diagonal Mar i el Front Marítim del Poblenou,217,10078,..,2,4
2010,10,Sant Martí,69,Diagonal Mar i el Front Marítim del Poblenou,217,10078,..,2,5
2010,10,Sant Martí,69,Diagonal Mar i el Front Marítim del Poblenou,217,10078,13,2,6
2010,10,Sant Martí,69,Diagonal Mar i el Front Marítim del Poblenou,217,10078,12,2,7
2010,10,Sant Martí,69,Diagonal Mar i el Front Marítim del Poblenou,217,10078,5,2,8
2010,10,Sant Martí,69,Diagonal Mar i el Front Marítim del Poblenou,217,10078,..,2,9
2010,10,Sant Martí,69,Diagonal Mar i el Front Marítim del Poblenou,217,10078,..,2,10
2010,10,Sant Martí,69,Diagonal Mar i el Front Marítim del Poblenou,217,10078,..,2,11
2010,10,Sant Martí,69,Diagonal Mar i el Front Marítim del Poblenou,217,10078,..,2,12
2010,10,Sant Martí,69,Diagonal Mar i el Front Marítim del Poblenou,217,10078,..,2,13
2010,10,Sant Martí,69,Diagonal Mar i el Front Marítim del Poblenou,217,10079,5,1,0
2010,10,Sant Martí,69,Diagonal Mar i el Front Marítim del Poblenou,217,10079,..,1,2
2010,10,Sant Martí,69,Diagonal Mar i el Front Marítim del Poblenou,217,10079,..,1,3
2010,10,Sant Martí,69,Diagonal Mar i el Front Marítim del Poblenou,217,10079,..,1,4
2010,10,Sant Martí,69,Diagonal Mar i el Front Marítim del Poblenou,217,10079,5,1,5
2010,10,Sant Martí,69,Diagonal Mar i el Front Marítim del Poblenou,217,10079,9,1,6
2010,10,Sant Martí,69,Diagonal Mar i el Front Marítim del Poblenou,217,10079,10,1,7
2010,10,Sant Martí,69,Diagonal Mar i el Front Marítim del Poblenou,217,10079,5,1,8
2010,10,Sant Martí,69,Diagonal Mar i el Front Marítim del Poblenou,217,10079,..,1,9
2010,10,Sant Martí,69,Diagonal Mar i el Front Marítim del Poblenou,217,10079,..,1,10
2010,10,Sant Martí,69,Diagonal Mar i el Front Marítim del Poblenou,217,10079,..,1,11
2010,10,Sant Martí,69,Diagonal Mar i el Front Marítim del Poblenou,217,10079,..,1,12
2010,10,Sant Martí,69,Diagonal Mar i el Front Marítim del Poblenou,217,10079,..,1,15
2010,10,Sant Martí,69,Diagonal Mar i el Front Marítim del Poblenou,217,10079,..,1,17
2010,10,Sant Martí,69,Diagonal Mar i el Front Marítim del Poblenou,217,10079,..,2,0
2010,10,Sant Martí,69,Diagonal Mar i el Front Marítim del Poblenou,217,10079,..,2,1
2010,10,Sant Martí,69,Diagonal Mar i el Front Marítim del Poblenou,217,10079,..,2,2
2010,10,Sant Martí,69,Diagonal Mar i el Front Marítim del Poblenou,217,10079,..,2,3
2010,10,Sant Martí,69,Diagonal Mar i el Front Marítim del Poblenou,217,10079,..,2,4
2010,10,Sant Martí,69,Diagonal Mar i el Front Marítim del Poblenou,217,10079,5,2,5
2010,10,Sant Martí,69,Diagonal Mar i el Front Marítim del Poblenou,217,10079,10,2,6
2010,10,Sant Martí,69,Diagonal Mar i el Front Marítim del Poblenou,217,10079,..,2,7
2010,10,Sant Martí,69,Diagonal Mar i el Front Marítim del Poblenou,217,10079,..,2,8
2010,10,Sant Martí,69,Diagonal Mar i el Front Marítim del Poblenou,217,10079,..,2,9
2010,10,Sant Martí,69,Diagonal Mar i el Front Marítim del Poblenou,217,10079,..,2,10
2010,10,Sant Martí,69,Diagonal Mar i el Front Marítim del Poblenou,217,10079,..,2,11
2010,10,Sant Martí,69,Diagonal Mar i el Front Marítim del Poblenou,217,10079,..,2,12
2010,10,Sant Martí,69,Diagonal Mar i el Front Marítim del Poblenou,217,10079,..,2,16
2010,10,Sant Martí,69,Diagonal Mar i el Front Marítim del Poblenou,217,10079,..,2,18
2010,10,Sant Martí,69,Diagonal Mar i el Front Marítim del Poblenou,218,10080,10,1,0
2010,10,Sant Martí,69,Diagonal Mar i el Front Marítim del Poblenou,218,10080,..,1,1
2010,10,Sant Martí,69,Diagonal Mar i el Front Marítim del Poblenou,218,10080,..,1,2
2010,10,Sant Martí,69,Diagonal Mar i el Front Marítim del Poblenou,218,10080,..,1,3
2010,10,Sant Martí,69,Diagonal Mar i el Front Marítim del Poblenou,218,10080,6,1,4
2010,10,Sant Martí,69,Diagonal Mar i el Front Marítim del Poblenou,218,10080,12,1,5
2010,10,Sant Martí,69,Diagonal Mar i el Front Marítim del Poblenou,218,10080,21,1,6
2010,10,Sant Martí,69,Diagonal Mar i el Front Marítim del Poblenou,218,10080,21,1,7
2010,10,Sant Martí,69,Diagonal Mar i el Front Marítim del Poblenou,218,10080,6,1,8
2010,10,Sant Martí,69,Diagonal Mar i el Front Marítim del Poblenou,218,10080,6,1,9
2010,10,Sant Martí,69,Diagonal Mar i el Front Marítim del Poblenou,218,10080,5,1,10
2010,10,Sant Martí,69,Diagonal Mar i el Front Marítim del Poblenou,218,10080,..,1,11
2010,10,Sant Martí,69,Diagonal Mar i el Front Marítim del Poblenou,218,10080,..,1,12
2010,10,Sant Martí,69,Diagonal Mar i el Front Marítim del Poblenou,218,10080,9,2,0
2010,10,Sant Martí,69,Diagonal Mar i el Front Marítim del Poblenou,218,10080,..,2,1
2010,10,Sant Martí,69,Diagonal Mar i el Front Marítim del Poblenou,218,10080,..,2,2
2010,10,Sant Martí,69,Diagonal Mar i el Front Marítim del Poblenou,218,10080,..,2,3
2010,10,Sant Martí,69,Diagonal Mar i el Front Marítim del Poblenou,218,10080,5,2,4
2010,10,Sant Martí,69,Diagonal Mar i el Front Marítim del Poblenou,218,10080,20,2,5
2010,10,Sant Martí,69,Diagonal Mar i el Front Marítim del Poblenou,218,10080,30,2,6
2010,10,Sant Martí,69,Diagonal Mar i el Front Marítim del Poblenou,218,10080,24,2,7
2010,10,Sant Martí,69,Diagonal Mar i el Front Marítim del Poblenou,218,10080,7,2,8
2010,10,Sant Martí,69,Diagonal Mar i el Front Marítim del Poblenou,218,10080,8,2,9
2010,10,Sant Martí,69,Diagonal Mar i el Front Marítim del Poblenou,218,10080,..,2,10
2010,10,Sant Martí,69,Diagonal Mar i el Front Marítim del Poblenou,218,10080,5,2,11
2010,10,Sant Martí,69,Diagonal Mar i el Front Marítim del Poblenou,218,10080,..,2,12
2010,10,Sant Martí,69,Diagonal Mar i el Front Marítim del Poblenou,218,10080,..,2,13
2010,10,Sant Martí,69,Diagonal Mar i el Front Marítim del Poblenou,218,10080,..,2,14
2010,10,Sant Martí,70,el Besòs i el Maresme,219,10081,..,1,0
2010,10,Sant Martí,70,el Besòs i el Maresme,219,10081,..,1,1
2010,10,Sant Martí,70,el Besòs i el Maresme,219,10081,..,1,2
2010,10,Sant Martí,70,el Besòs i el Maresme,219,10081,6,1,3
2010,10,Sant Martí,70,el Besòs i el Maresme,219,10081,..,1,4
2010,10,Sant Martí,70,el Besòs i el Maresme,219,10081,5,1,5
2010,10,Sant Martí,70,el Besòs i el Maresme,219,10081,5,1,6
2010,10,Sant Martí,70,el Besòs i el Maresme,219,10081,11,1,7
2010,10,Sant Martí,70,el Besòs i el Maresme,219,10081,..,1,8
2010,10,Sant Martí,70,el Besòs i el Maresme,219,10081,..,1,9
2010,10,Sant Martí,70,el Besòs i el Maresme,219,10081,..,1,10
2010,10,Sant Martí,70,el Besòs i el Maresme,219,10081,..,1,12
2010,10,Sant Martí,70,el Besòs i el Maresme,219,10081,..,1,14
2010,10,Sant Martí,70,el Besòs i el Maresme,219,10081,..,2,0
2010,10,Sant Martí,70,el Besòs i el Maresme,219,10081,..,2,2
2010,10,Sant Martí,70,el Besòs i el Maresme,219,10081,..,2,3
2010,10,Sant Martí,70,el Besòs i el Maresme,219,10081,5,2,4
2010,10,Sant Martí,70,el Besòs i el Maresme,219,10081,15,2,5
2010,10,Sant Martí,70,el Besòs i el Maresme,219,10081,21,2,6
2010,10,Sant Martí,70,el Besòs i el Maresme,219,10081,13,2,7
2010,10,Sant Martí,70,el Besòs i el Maresme,219,10081,..,2,8
2010,10,Sant Martí,70,el Besòs i el Maresme,219,10081,..,2,9
2010,10,Sant Martí,70,el Besòs i el Maresme,219,10081,..,2,10
2010,10,Sant Martí,70,el Besòs i el Maresme,219,10081,..,2,11
2010,10,Sant Martí,70,el Besòs i el Maresme,219,10081,..,2,12
2010,10,Sant Martí,70,el Besòs i el Maresme,219,10082,17,1,0
2010,10,Sant Martí,70,el Besòs i el Maresme,219,10082,16,1,1
2010,10,Sant Martí,70,el Besòs i el Maresme,219,10082,16,1,2
2010,10,Sant Martí,70,el Besòs i el Maresme,219,10082,9,1,3
2010,10,Sant Martí,70,el Besòs i el Maresme,219,10082,16,1,4
2010,10,Sant Martí,70,el Besòs i el Maresme,219,10082,23,1,5
2010,10,Sant Martí,70,el Besòs i el Maresme,219,10082,25,1,6
2010,10,Sant Martí,70,el Besòs i el Maresme,219,10082,11,1,7
2010,10,Sant Martí,70,el Besòs i el Maresme,219,10082,10,1,8
2010,10,Sant Martí,70,el Besòs i el Maresme,219,10082,..,1,9
2010,10,Sant Martí,70,el Besòs i el Maresme,219,10082,..,1,11
2010,10,Sant Martí,70,el Besòs i el Maresme,219,10082,..,1,12
2010,10,Sant Martí,70,el Besòs i el Maresme,219,10082,..,1,15
2010,10,Sant Martí,70,el Besòs i el Maresme,219,10082,..,1,17
2010,10,Sant Martí,70,el Besòs i el Maresme,219,10082,15,2,0
2010,10,Sant Martí,70,el Besòs i el Maresme,219,10082,8,2,1
2010,10,Sant Martí,70,el Besòs i el Maresme,219,10082,16,2,2
2010,10,Sant Martí,70,el Besòs i el Maresme,219,10082,16,2,3
2010,10,Sant Martí,70,el Besòs i el Maresme,219,10082,26,2,4
2010,10,Sant Martí,70,el Besòs i el Maresme,219,10082,43,2,5
2010,10,Sant Martí,70,el Besòs i el Maresme,219,10082,30,2,6
2010,10,Sant Martí,70,el Besòs i el Maresme,219,10082,23,2,7
2010,10,Sant Martí,70,el Besòs i el Maresme,219,10082,21,2,8
2010,10,Sant Martí,70,el Besòs i el Maresme,219,10082,5,2,9
2010,10,Sant Martí,70,el Besòs i el Maresme,219,10082,..,2,10
2010,10,Sant Martí,70,el Besòs i el Maresme,219,10082,..,2,11
2010,10,Sant Martí,70,el Besòs i el Maresme,219,10082,..,2,13
2010,10,Sant Martí,70,el Besòs i el Maresme,219,10083,11,1,0
2010,10,Sant Martí,70,el Besòs i el Maresme,219,10083,7,1,1
2010,10,Sant Martí,70,el Besòs i el Maresme,219,10083,8,1,2
2010,10,Sant Martí,70,el Besòs i el Maresme,219,10083,8,1,3
2010,10,Sant Martí,70,el Besòs i el Maresme,219,10083,12,1,4
2010,10,Sant Martí,70,el Besòs i el Maresme,219,10083,11,1,5
2010,10,Sant Martí,70,el Besòs i el Maresme,219,10083,15,1,6
2010,10,Sant Martí,70,el Besòs i el Maresme,219,10083,13,1,7
2010,10,Sant Martí,70,el Besòs i el Maresme,219,10083,5,1,8
2010,10,Sant Martí,70,el Besòs i el Maresme,219,10083,5,1,9
2010,10,Sant Martí,70,el Besòs i el Maresme,219,10083,..,1,10
2010,10,Sant Martí,70,el Besòs i el Maresme,219,10083,..,1,11
2010,10,Sant Martí,70,el Besòs i el Maresme,219,10083,13,2,0
2010,10,Sant Martí,70,el Besòs i el Maresme,219,10083,9,2,1
2010,10,Sant Martí,70,el Besòs i el Maresme,219,10083,9,2,2
2010,10,Sant Martí,70,el Besòs i el Maresme,219,10083,22,2,3
2010,10,Sant Martí,70,el Besòs i el Maresme,219,10083,27,2,4
2010,10,Sant Martí,70,el Besòs i el Maresme,219,10083,42,2,5
2010,10,Sant Martí,70,el Besòs i el Maresme,219,10083,63,2,6
2010,10,Sant Martí,70,el Besòs i el Maresme,219,10083,24,2,7
2010,10,Sant Martí,70,el Besòs i el Maresme,219,10083,13,2,8
2010,10,Sant Martí,70,el Besòs i el Maresme,219,10083,6,2,9
2010,10,Sant Martí,70,el Besòs i el Maresme,219,10083,5,2,10
2010,10,Sant Martí,70,el Besòs i el Maresme,219,10083,..,2,11
2010,10,Sant Martí,70,el Besòs i el Maresme,219,10084,8,1,0
2010,10,Sant Martí,70,el Besòs i el Maresme,219,10084,..,1,1
2010,10,Sant Martí,70,el Besòs i el Maresme,219,10084,..,1,2
2010,10,Sant Martí,70,el Besòs i el Maresme,219,10084,..,1,3
2010,10,Sant Martí,70,el Besòs i el Maresme,219,10084,6,1,4
2010,10,Sant Martí,70,el Besòs i el Maresme,219,10084,10,1,5
2010,10,Sant Martí,70,el Besòs i el Maresme,219,10084,5,1,6
2010,10,Sant Martí,70,el Besòs i el Maresme,219,10084,8,1,7
2010,10,Sant Martí,70,el Besòs i el Maresme,219,10084,..,1,8
2010,10,Sant Martí,70,el Besòs i el Maresme,219,10084,..,1,9
2010,10,Sant Martí,70,el Besòs i el Maresme,219,10084,..,1,11
2010,10,Sant Martí,70,el Besòs i el Maresme,219,10084,..,1,12
2010,10,Sant Martí,70,el Besòs i el Maresme,219,10084,..,1,14
2010,10,Sant Martí,70,el Besòs i el Maresme,219,10084,8,2,0
2010,10,Sant Martí,70,el Besòs i el Maresme,219,10084,..,2,1
2010,10,Sant Martí,70,el Besòs i el Maresme,219,10084,8,2,2
2010,10,Sant Martí,70,el Besòs i el Maresme,219,10084,..,2,3
2010,10,Sant Martí,70,el Besòs i el Maresme,219,10084,13,2,4
2010,10,Sant Martí,70,el Besòs i el Maresme,219,10084,21,2,5
2010,10,Sant Martí,70,el Besòs i el Maresme,219,10084,12,2,6
2010,10,Sant Martí,70,el Besòs i el Maresme,219,10084,13,2,7
2010,10,Sant Martí,70,el Besòs i el Maresme,219,10084,5,2,8
2010,10,Sant Martí,70,el Besòs i el Maresme,219,10084,5,2,9
2010,10,Sant Martí,70,el Besòs i el Maresme,219,10084,..,2,10
2010,10,Sant Martí,70,el Besòs i el Maresme,219,10084,..,2,11
2010,10,Sant Martí,70,el Besòs i el Maresme,219,10084,..,2,14
2010,10,Sant Martí,70,el Besòs i el Maresme,219,10084,..,2,15
2010,10,Sant Martí,70,el Besòs i el Maresme,220,10085,10,1,0
2010,10,Sant Martí,70,el Besòs i el Maresme,220,10085,5,1,1
2010,10,Sant Martí,70,el Besòs i el Maresme,220,10085,5,1,2
2010,10,Sant Martí,70,el Besòs i el Maresme,220,10085,12,1,3
2010,10,Sant Martí,70,el Besòs i el Maresme,220,10085,9,1,4
2010,10,Sant Martí,70,el Besòs i el Maresme,220,10085,15,1,5
2010,10,Sant Martí,70,el Besòs i el Maresme,220,10085,9,1,6
2010,10,Sant Martí,70,el Besòs i el Maresme,220,10085,6,1,7
2010,10,Sant Martí,70,el Besòs i el Maresme,220,10085,8,1,8
2010,10,Sant Martí,70,el Besòs i el Maresme,220,10085,..,1,9
2010,10,Sant Martí,70,el Besòs i el Maresme,220,10085,6,1,10
2010,10,Sant Martí,70,el Besòs i el Maresme,220,10085,..,1,11
2010,10,Sant Martí,70,el Besòs i el Maresme,220,10085,13,2,0
2010,10,Sant Martí,70,el Besòs i el Maresme,220,10085,13,2,1
2010,10,Sant Martí,70,el Besòs i el Maresme,220,10085,7,2,2
2010,10,Sant Martí,70,el Besòs i el Maresme,220,10085,14,2,3
2010,10,Sant Martí,70,el Besòs i el Maresme,220,10085,22,2,4
2010,10,Sant Martí,70,el Besòs i el Maresme,220,10085,29,2,5
2010,10,Sant Martí,70,el Besòs i el Maresme,220,10085,37,2,6
2010,10,Sant Martí,70,el Besòs i el Maresme,220,10085,25,2,7
2010,10,Sant Martí,70,el Besòs i el Maresme,220,10085,19,2,8
2010,10,Sant Martí,70,el Besòs i el Maresme,220,10085,..,2,9
2010,10,Sant Martí,70,el Besòs i el Maresme,220,10085,7,2,10
2010,10,Sant Martí,70,el Besòs i el Maresme,220,10085,..,2,11
2010,10,Sant Martí,70,el Besòs i el Maresme,220,10085,..,2,16
2010,10,Sant Martí,70,el Besòs i el Maresme,220,10086,15,1,0
2010,10,Sant Martí,70,el Besòs i el Maresme,220,10086,5,1,1
2010,10,Sant Martí,70,el Besòs i el Maresme,220,10086,..,1,2
2010,10,Sant Martí,70,el Besòs i el Maresme,220,10086,9,1,3
2010,10,Sant Martí,70,el Besòs i el Maresme,220,10086,10,1,4
2010,10,Sant Martí,70,el Besòs i el Maresme,220,10086,19,1,5
2010,10,Sant Martí,70,el Besòs i el Maresme,220,10086,10,1,6
2010,10,Sant Martí,70,el Besòs i el Maresme,220,10086,6,1,7
2010,10,Sant Martí,70,el Besòs i el Maresme,220,10086,..,1,8
2010,10,Sant Martí,70,el Besòs i el Maresme,220,10086,..,1,9
2010,10,Sant Martí,70,el Besòs i el Maresme,220,10086,..,1,11
2010,10,Sant Martí,70,el Besòs i el Maresme,220,10086,..,1,12
2010,10,Sant Martí,70,el Besòs i el Maresme,220,10086,..,1,15
2010,10,Sant Martí,70,el Besòs i el Maresme,220,10086,6,2,0
2010,10,Sant Martí,70,el Besòs i el Maresme,220,10086,..,2,1
2010,10,Sant Martí,70,el Besòs i el Maresme,220,10086,7,2,2
2010,10,Sant Martí,70,el Besòs i el Maresme,220,10086,..,2,3
2010,10,Sant Martí,70,el Besòs i el Maresme,220,10086,8,2,4
2010,10,Sant Martí,70,el Besòs i el Maresme,220,10086,25,2,5
2010,10,Sant Martí,70,el Besòs i el Maresme,220,10086,18,2,6
2010,10,Sant Martí,70,el Besòs i el Maresme,220,10086,20,2,7
2010,10,Sant Martí,70,el Besòs i el Maresme,220,10086,9,2,8
2010,10,Sant Martí,70,el Besòs i el Maresme,220,10086,5,2,9
2010,10,Sant Martí,70,el Besòs i el Maresme,220,10086,..,2,10
2010,10,Sant Martí,70,el Besòs i el Maresme,220,10086,..,2,12
2010,10,Sant Martí,70,el Besòs i el Maresme,220,10086,..,2,15
2010,10,Sant Martí,70,el Besòs i el Maresme,220,10087,..,1,0
2010,10,Sant Martí,70,el Besòs i el Maresme,220,10087,..,1,1
2010,10,Sant Martí,70,el Besòs i el Maresme,220,10087,..,1,2
2010,10,Sant Martí,70,el Besòs i el Maresme,220,10087,10,1,4
2010,10,Sant Martí,70,el Besòs i el Maresme,220,10087,9,1,5
2010,10,Sant Martí,70,el Besòs i el Maresme,220,10087,6,1,6
2010,10,Sant Martí,70,el Besòs i el Maresme,220,10087,..,1,7
2010,10,Sant Martí,70,el Besòs i el Maresme,220,10087,5,1,8
2010,10,Sant Martí,70,el Besòs i el Maresme,220,10087,..,1,9
2010,10,Sant Martí,70,el Besòs i el Maresme,220,10087,..,1,10
2010,10,Sant Martí,70,el Besòs i el Maresme,220,10087,..,1,11
2010,10,Sant Martí,70,el Besòs i el Maresme,220,10087,..,1,13
2010,10,Sant Martí,70,el Besòs i el Maresme,220,10087,..,1,14
2010,10,Sant Martí,70,el Besòs i el Maresme,220,10087,..,2,0
2010,10,Sant Martí,70,el Besòs i el Maresme,220,10087,..,2,1
2010,10,Sant Martí,70,el Besòs i el Maresme,220,10087,5,2,2
2010,10,Sant Martí,70,el Besòs i el Maresme,220,10087,..,2,3
2010,10,Sant Martí,70,el Besòs i el Maresme,220,10087,16,2,4
2010,10,Sant Martí,70,el Besòs i el Maresme,220,10087,19,2,5
2010,10,Sant Martí,70,el Besòs i el Maresme,220,10087,16,2,6
2010,10,Sant Martí,70,el Besòs i el Maresme,220,10087,13,2,7
2010,10,Sant Martí,70,el Besòs i el Maresme,220,10087,..,2,8
2010,10,Sant Martí,70,el Besòs i el Maresme,220,10087,..,2,9
2010,10,Sant Martí,70,el Besòs i el Maresme,220,10087,..,2,10
2010,10,Sant Martí,70,el Besòs i el Maresme,220,10087,..,2,11
2010,10,Sant Martí,70,el Besòs i el Maresme,220,10087,..,2,12
2010,10,Sant Martí,70,el Besòs i el Maresme,220,10087,..,2,13
2010,10,Sant Martí,70,el Besòs i el Maresme,220,10087,..,2,15
2010,10,Sant Martí,70,el Besòs i el Maresme,220,10087,..,2,17
2010,10,Sant Martí,70,el Besòs i el Maresme,220,10088,..,1,0
2010,10,Sant Martí,70,el Besòs i el Maresme,220,10088,..,1,2
2010,10,Sant Martí,70,el Besòs i el Maresme,220,10088,..,1,4
2010,10,Sant Martí,70,el Besòs i el Maresme,220,10088,..,1,5
2010,10,Sant Martí,70,el Besòs i el Maresme,220,10088,..,1,6
2010,10,Sant Martí,70,el Besòs i el Maresme,220,10088,..,1,7
2010,10,Sant Martí,70,el Besòs i el Maresme,220,10088,..,1,8
2010,10,Sant Martí,70,el Besòs i el Maresme,220,10088,..,1,10
2010,10,Sant Martí,70,el Besòs i el Maresme,220,10088,..,1,16
2010,10,Sant Martí,70,el Besòs i el Maresme,220,10088,..,1,17
2010,10,Sant Martí,70,el Besòs i el Maresme,220,10088,..,2,0
2010,10,Sant Martí,70,el Besòs i el Maresme,220,10088,..,2,2
2010,10,Sant Martí,70,el Besòs i el Maresme,220,10088,..,2,3
2010,10,Sant Martí,70,el Besòs i el Maresme,220,10088,..,2,4
2010,10,Sant Martí,70,el Besòs i el Maresme,220,10088,..,2,6
2010,10,Sant Martí,70,el Besòs i el Maresme,220,10088,..,2,7
2010,10,Sant Martí,70,el Besòs i el Maresme,220,10088,..,2,8
2010,10,Sant Martí,70,el Besòs i el Maresme,220,10088,..,2,9
2010,10,Sant Martí,70,el Besòs i el Maresme,220,10088,..,2,10
2010,10,Sant Martí,70,el Besòs i el Maresme,221,10089,9,1,0
2010,10,Sant Martí,70,el Besòs i el Maresme,221,10089,..,1,1
2010,10,Sant Martí,70,el Besòs i el Maresme,221,10089,9,1,3
2010,10,Sant Martí,70,el Besòs i el Maresme,221,10089,27,1,4
2010,10,Sant Martí,70,el Besòs i el Maresme,221,10089,39,1,5
2010,10,Sant Martí,70,el Besòs i el Maresme,221,10089,22,1,6
2010,10,Sant Martí,70,el Besòs i el Maresme,221,10089,26,1,7
2010,10,Sant Martí,70,el Besòs i el Maresme,221,10089,16,1,8
2010,10,Sant Martí,70,el Besòs i el Maresme,221,10089,12,1,9
2010,10,Sant Martí,70,el Besòs i el Maresme,221,10089,7,1,10
2010,10,Sant Martí,70,el Besòs i el Maresme,221,10089,..,1,11
2010,10,Sant Martí,70,el Besòs i el Maresme,221,10089,5,1,12
2010,10,Sant Martí,70,el Besòs i el Maresme,221,10089,..,1,18
2010,10,Sant Martí,70,el Besòs i el Maresme,221,10089,7,2,0
2010,10,Sant Martí,70,el Besòs i el Maresme,221,10089,5,2,1
2010,10,Sant Martí,70,el Besòs i el Maresme,221,10089,5,2,2
2010,10,Sant Martí,70,el Besòs i el Maresme,221,10089,19,2,3
2010,10,Sant Martí,70,el Besòs i el Maresme,221,10089,83,2,4
2010,10,Sant Martí,70,el Besòs i el Maresme,221,10089,137,2,5
2010,10,Sant Martí,70,el Besòs i el Maresme,221,10089,97,2,6
2010,10,Sant Martí,70,el Besòs i el Maresme,221,10089,70,2,7
2010,10,Sant Martí,70,el Besòs i el Maresme,221,10089,30,2,8
2010,10,Sant Martí,70,el Besòs i el Maresme,221,10089,20,2,9
2010,10,Sant Martí,70,el Besòs i el Maresme,221,10089,8,2,10
2010,10,Sant Martí,70,el Besòs i el Maresme,221,10089,6,2,11
2010,10,Sant Martí,70,el Besòs i el Maresme,221,10089,..,2,12
2010,10,Sant Martí,70,el Besòs i el Maresme,222,10090,..,1,3
2010,10,Sant Martí,70,el Besòs i el Maresme,222,10090,8,1,4
2010,10,Sant Martí,70,el Besòs i el Maresme,222,10090,6,1,5
2010,10,Sant Martí,70,el Besòs i el Maresme,222,10090,5,1,6
2010,10,Sant Martí,70,el Besòs i el Maresme,222,10090,5,1,7
2010,10,Sant Martí,70,el Besòs i el Maresme,222,10090,..,1,8
2010,10,Sant Martí,70,el Besòs i el Maresme,222,10090,..,1,9
2010,10,Sant Martí,70,el Besòs i el Maresme,222,10090,..,1,10
2010,10,Sant Martí,70,el Besòs i el Maresme,222,10090,..,1,12
2010,10,Sant Martí,70,el Besòs i el Maresme,222,10090,..,1,14
2010,10,Sant Martí,70,el Besòs i el Maresme,222,10090,..,1,15
2010,10,Sant Martí,70,el Besòs i el Maresme,222,10090,..,1,16
2010,10,Sant Martí,70,el Besòs i el Maresme,222,10090,..,2,0
2010,10,Sant Martí,70,el Besòs i el Maresme,222,10090,..,2,3
2010,10,Sant Martí,70,el Besòs i el Maresme,222,10090,..,2,4
2010,10,Sant Martí,70,el Besòs i el Maresme,222,10090,5,2,5
2010,10,Sant Martí,70,el Besòs i el Maresme,222,10090,6,2,6
2010,10,Sant Martí,70,el Besòs i el Maresme,222,10090,..,2,7
2010,10,Sant Martí,70,el Besòs i el Maresme,222,10090,..,2,8
2010,10,Sant Martí,70,el Besòs i el Maresme,222,10090,..,2,9
2010,10,Sant Martí,70,el Besòs i el Maresme,222,10090,..,2,10
2010,10,Sant Martí,70,el Besòs i el Maresme,222,10090,..,2,11
2010,10,Sant Martí,70,el Besòs i el Maresme,222,10090,..,2,12
2010,10,Sant Martí,70,el Besòs i el Maresme,222,10090,..,2,14
2010,10,Sant Martí,70,el Besòs i el Maresme,222,10091,5,1,0
2010,10,Sant Martí,70,el Besòs i el Maresme,222,10091,..,1,1
2010,10,Sant Martí,70,el Besòs i el Maresme,222,10091,..,1,2
2010,10,Sant Martí,70,el Besòs i el Maresme,222,10091,..,1,3
2010,10,Sant Martí,70,el Besòs i el Maresme,222,10091,7,1,4
2010,10,Sant Martí,70,el Besòs i el Maresme,222,10091,9,1,5
2010,10,Sant Martí,70,el Besòs i el Maresme,222,10091,8,1,6
2010,10,Sant Martí,70,el Besòs i el Maresme,222,10091,6,1,7
2010,10,Sant Martí,70,el Besòs i el Maresme,222,10091,..,1,8
2010,10,Sant Martí,70,el Besòs i el Maresme,222,10091,..,1,9
2010,10,Sant Martí,70,el Besòs i el Maresme,222,10091,..,1,10
2010,10,Sant Martí,70,el Besòs i el Maresme,222,10091,..,1,12
2010,10,Sant Martí,70,el Besòs i el Maresme,222,10091,..,1,13
2010,10,Sant Martí,70,el Besòs i el Maresme,222,10091,..,2,0
2010,10,Sant Martí,70,el Besòs i el Maresme,222,10091,..,2,2
2010,10,Sant Martí,70,el Besòs i el Maresme,222,10091,..,2,3
2010,10,Sant Martí,70,el Besòs i el Maresme,222,10091,6,2,4
2010,10,Sant Martí,70,el Besòs i el Maresme,222,10091,6,2,5
2010,10,Sant Martí,70,el Besòs i el Maresme,222,10091,10,2,6
2010,10,Sant Martí,70,el Besòs i el Maresme,222,10091,6,2,7
2010,10,Sant Martí,70,el Besòs i el Maresme,222,10091,..,2,8
2010,10,Sant Martí,70,el Besòs i el Maresme,222,10091,..,2,9
2010,10,Sant Martí,70,el Besòs i el Maresme,222,10091,..,2,10
2010,10,Sant Martí,70,el Besòs i el Maresme,222,10091,..,2,11
2010,10,Sant Martí,70,el Besòs i el Maresme,222,10091,..,2,13
2010,10,Sant Martí,70,el Besòs i el Maresme,222,10091,..,2,15
2010,10,Sant Martí,70,el Besòs i el Maresme,222,10091,..,2,17
2010,10,Sant Martí,70,el Besòs i el Maresme,222,10092,..,1,1
2010,10,Sant Martí,70,el Besòs i el Maresme,222,10092,..,1,4
2010,10,Sant Martí,70,el Besòs i el Maresme,222,10092,..,1,5
2010,10,Sant Martí,70,el Besòs i el Maresme,222,10092,..,1,6
2010,10,Sant Martí,70,el Besòs i el Maresme,222,10092,..,1,8
2010,10,Sant Martí,70,el Besòs i el Maresme,222,10092,..,1,10
2010,10,Sant Martí,70,el Besòs i el Maresme,222,10092,..,1,11
2010,10,Sant Martí,70,el Besòs i el Maresme,222,10092,..,1,13
2010,10,Sant Martí,70,el Besòs i el Maresme,222,10092,..,1,17
2010,10,Sant Martí,70,el Besòs i el Maresme,222,10092,..,2,1
2010,10,Sant Martí,70,el Besòs i el Maresme,222,10092,..,2,4
2010,10,Sant Martí,70,el Besòs i el Maresme,222,10092,..,2,5
2010,10,Sant Martí,70,el Besòs i el Maresme,222,10092,..,2,6
2010,10,Sant Martí,70,el Besòs i el Maresme,222,10092,..,2,7
2010,10,Sant Martí,70,el Besòs i el Maresme,222,10092,..,2,8
2010,10,Sant Martí,70,el Besòs i el Maresme,222,10092,..,2,10
2010,10,Sant Martí,70,el Besòs i el Maresme,222,10092,..,2,15
2010,10,Sant Martí,70,el Besòs i el Maresme,222,10093,..,1,2
2010,10,Sant Martí,70,el Besòs i el Maresme,222,10093,..,1,4
2010,10,Sant Martí,70,el Besòs i el Maresme,222,10093,..,1,5
2010,10,Sant Martí,70,el Besòs i el Maresme,222,10093,..,1,6
2010,10,Sant Martí,70,el Besòs i el Maresme,222,10093,..,1,7
2010,10,Sant Martí,70,el Besòs i el Maresme,222,10093,..,1,9
2010,10,Sant Martí,70,el Besòs i el Maresme,222,10093,..,2,0
2010,10,Sant Martí,70,el Besòs i el Maresme,222,10093,..,2,2
2010,10,Sant Martí,70,el Besòs i el Maresme,222,10093,..,2,3
2010,10,Sant Martí,70,el Besòs i el Maresme,222,10093,..,2,4
2010,10,Sant Martí,70,el Besòs i el Maresme,222,10093,..,2,5
2010,10,Sant Martí,70,el Besòs i el Maresme,222,10093,..,2,6
2010,10,Sant Martí,70,el Besòs i el Maresme,222,10093,..,2,8
2010,10,Sant Martí,70,el Besòs i el Maresme,222,10093,..,2,16
2010,10,Sant Martí,71,Provençals del Poblenou,223,10094,5,1,0
2010,10,Sant Martí,71,Provençals del Poblenou,223,10094,..,1,1
2010,10,Sant Martí,71,Provençals del Poblenou,223,10094,..,1,2
2010,10,Sant Martí,71,Provençals del Poblenou,223,10094,..,1,3
2010,10,Sant Martí,71,Provençals del Poblenou,223,10094,10,1,4
2010,10,Sant Martí,71,Provençals del Poblenou,223,10094,17,1,5
2010,10,Sant Martí,71,Provençals del Poblenou,223,10094,19,1,6
2010,10,Sant Martí,71,Provençals del Poblenou,223,10094,8,1,7
2010,10,Sant Martí,71,Provençals del Poblenou,223,10094,..,1,8
2010,10,Sant Martí,71,Provençals del Poblenou,223,10094,..,1,10
2010,10,Sant Martí,71,Provençals del Poblenou,223,10094,5,1,12
2010,10,Sant Martí,71,Provençals del Poblenou,223,10094,..,1,13
2010,10,Sant Martí,71,Provençals del Poblenou,223,10094,..,1,16
2010,10,Sant Martí,71,Provençals del Poblenou,223,10094,8,2,0
2010,10,Sant Martí,71,Provençals del Poblenou,223,10094,..,2,1
2010,10,Sant Martí,71,Provençals del Poblenou,223,10094,..,2,2
2010,10,Sant Martí,71,Provençals del Poblenou,223,10094,5,2,3
2010,10,Sant Martí,71,Provençals del Poblenou,223,10094,8,2,4
2010,10,Sant Martí,71,Provençals del Poblenou,223,10094,22,2,5
2010,10,Sant Martí,71,Provençals del Poblenou,223,10094,31,2,6
2010,10,Sant Martí,71,Provençals del Poblenou,223,10094,13,2,7
2010,10,Sant Martí,71,Provençals del Poblenou,223,10094,11,2,8
2010,10,Sant Martí,71,Provençals del Poblenou,223,10094,..,2,9
2010,10,Sant Martí,71,Provençals del Poblenou,223,10094,..,2,10
2010,10,Sant Martí,71,Provençals del Poblenou,223,10094,..,2,12
2010,10,Sant Martí,71,Provençals del Poblenou,223,10094,..,2,13
2010,10,Sant Martí,71,Provençals del Poblenou,223,10094,..,2,14
2010,10,Sant Martí,71,Provençals del Poblenou,223,10095,..,1,1
2010,10,Sant Martí,71,Provençals del Poblenou,223,10095,..,1,5
2010,10,Sant Martí,71,Provençals del Poblenou,223,10095,..,1,6
2010,10,Sant Martí,71,Provençals del Poblenou,223,10095,..,1,7
2010,10,Sant Martí,71,Provençals del Poblenou,223,10095,..,1,8
2010,10,Sant Martí,71,Provençals del Poblenou,223,10095,..,1,9
2010,10,Sant Martí,71,Provençals del Poblenou,223,10095,..,1,10
2010,10,Sant Martí,71,Provençals del Poblenou,223,10095,..,1,11
2010,10,Sant Martí,71,Provençals del Poblenou,223,10095,..,1,14
2010,10,Sant Martí,71,Provençals del Poblenou,223,10095,..,2,1
2010,10,Sant Martí,71,Provençals del Poblenou,223,10095,..,2,2
2010,10,Sant Martí,71,Provençals del Poblenou,223,10095,..,2,3
2010,10,Sant Martí,71,Provençals del Poblenou,223,10095,..,2,4
2010,10,Sant Martí,71,Provençals del Poblenou,223,10095,6,2,5
2010,10,Sant Martí,71,Provençals del Poblenou,223,10095,6,2,6
2010,10,Sant Martí,71,Provençals del Poblenou,223,10095,..,2,7
2010,10,Sant Martí,71,Provençals del Poblenou,223,10095,..,2,8
2010,10,Sant Martí,71,Provençals del Poblenou,223,10095,..,2,9
2010,10,Sant Martí,71,Provençals del Poblenou,223,10095,..,2,10
2010,10,Sant Martí,71,Provençals del Poblenou,223,10095,..,2,13
2010,10,Sant Martí,71,Provençals del Poblenou,223,10095,..,2,14
2010,10,Sant Martí,71,Provençals del Poblenou,223,10095,..,2,15
2010,10,Sant Martí,71,Provençals del Poblenou,223,10095,..,2,16
2010,10,Sant Martí,71,Provençals del Poblenou,224,10096,..,1,0
2010,10,Sant Martí,71,Provençals del Poblenou,224,10096,..,1,1
2010,10,Sant Martí,71,Provençals del Poblenou,224,10096,..,1,3
2010,10,Sant Martí,71,Provençals del Poblenou,224,10096,10,1,4
2010,10,Sant Martí,71,Provençals del Poblenou,224,10096,13,1,5
2010,10,Sant Martí,71,Provençals del Poblenou,224,10096,8,1,6
2010,10,Sant Martí,71,Provençals del Poblenou,224,10096,7,1,7
2010,10,Sant Martí,71,Provençals del Poblenou,224,10096,..,1,8
2010,10,Sant Martí,71,Provençals del Poblenou,224,10096,..,1,9
2010,10,Sant Martí,71,Provençals del Poblenou,224,10096,..,1,10
2010,10,Sant Martí,71,Provençals del Poblenou,224,10096,..,1,11
2010,10,Sant Martí,71,Provençals del Poblenou,224,10096,..,1,12
2010,10,Sant Martí,71,Provençals del Poblenou,224,10096,..,2,0
2010,10,Sant Martí,71,Provençals del Poblenou,224,10096,..,2,3
2010,10,Sant Martí,71,Provençals del Poblenou,224,10096,..,2,4
2010,10,Sant Martí,71,Provençals del Poblenou,224,10096,10,2,5
2010,10,Sant Martí,71,Provençals del Poblenou,224,10096,..,2,6
2010,10,Sant Martí,71,Provençals del Poblenou,224,10096,6,2,7
2010,10,Sant Martí,71,Provençals del Poblenou,224,10096,..,2,8
2010,10,Sant Martí,71,Provençals del Poblenou,224,10096,..,2,9
2010,10,Sant Martí,71,Provençals del Poblenou,224,10096,..,2,11
2010,10,Sant Martí,71,Provençals del Poblenou,224,10096,..,2,13
2010,10,Sant Martí,71,Provençals del Poblenou,224,10097,..,1,0
2010,10,Sant Martí,71,Provençals del Poblenou,224,10097,..,1,3
2010,10,Sant Martí,71,Provençals del Poblenou,224,10097,..,1,4
2010,10,Sant Martí,71,Provençals del Poblenou,224,10097,5,1,5
2010,10,Sant Martí,71,Provençals del Poblenou,224,10097,7,1,6
2010,10,Sant Martí,71,Provençals del Poblenou,224,10097,..,1,7
2010,10,Sant Martí,71,Provençals del Poblenou,224,10097,..,1,8
2010,10,Sant Martí,71,Provençals del Poblenou,224,10097,..,1,11
2010,10,Sant Martí,71,Provençals del Poblenou,224,10097,..,1,12
2010,10,Sant Martí,71,Provençals del Poblenou,224,10097,..,1,15
2010,10,Sant Martí,71,Provençals del Poblenou,224,10097,..,1,17
2010,10,Sant Martí,71,Provençals del Poblenou,224,10097,..,2,0
2010,10,Sant Martí,71,Provençals del Poblenou,224,10097,..,2,1
2010,10,Sant Martí,71,Provençals del Poblenou,224,10097,..,2,3
2010,10,Sant Martí,71,Provençals del Poblenou,224,10097,..,2,4
2010,10,Sant Martí,71,Provençals del Poblenou,224,10097,7,2,5
2010,10,Sant Martí,71,Provençals del Poblenou,224,10097,5,2,6
2010,10,Sant Martí,71,Provençals del Poblenou,224,10097,..,2,7
2010,10,Sant Martí,71,Provençals del Poblenou,224,10097,5,2,8
2010,10,Sant Martí,71,Provençals del Poblenou,224,10097,..,2,10
2010,10,Sant Martí,71,Provençals del Poblenou,224,10097,..,2,12
2010,10,Sant Martí,71,Provençals del Poblenou,224,10097,..,2,14
2010,10,Sant Martí,71,Provençals del Poblenou,224,10097,..,2,15
2010,10,Sant Martí,71,Provençals del Poblenou,224,10098,..,1,0
2010,10,Sant Martí,71,Provençals del Poblenou,224,10098,..,1,3
2010,10,Sant Martí,71,Provençals del Poblenou,224,10098,..,1,4
2010,10,Sant Martí,71,Provençals del Poblenou,224,10098,6,1,5
2010,10,Sant Martí,71,Provençals del Poblenou,224,10098,6,1,6
2010,10,Sant Martí,71,Provençals del Poblenou,224,10098,..,1,7
2010,10,Sant Martí,71,Provençals del Poblenou,224,10098,..,1,9
2010,10,Sant Martí,71,Provençals del Poblenou,224,10098,..,1,10
2010,10,Sant Martí,71,Provençals del Poblenou,224,10098,..,1,11
2010,10,Sant Martí,71,Provençals del Poblenou,224,10098,..,1,13
2010,10,Sant Martí,71,Provençals del Poblenou,224,10098,..,1,16
2010,10,Sant Martí,71,Provençals del Poblenou,224,10098,..,1,17
2010,10,Sant Martí,71,Provençals del Poblenou,224,10098,..,2,0
2010,10,Sant Martí,71,Provençals del Poblenou,224,10098,5,2,4
2010,10,Sant Martí,71,Provençals del Poblenou,224,10098,7,2,5
2010,10,Sant Martí,71,Provençals del Poblenou,224,10098,6,2,6
2010,10,Sant Martí,71,Provençals del Poblenou,224,10098,..,2,7
2010,10,Sant Martí,71,Provençals del Poblenou,224,10098,5,2,8
2010,10,Sant Martí,71,Provençals del Poblenou,224,10098,..,2,9
2010,10,Sant Martí,71,Provençals del Poblenou,224,10098,..,2,11
2010,10,Sant Martí,71,Provençals del Poblenou,224,10098,..,2,12
2010,10,Sant Martí,71,Provençals del Poblenou,224,10098,..,2,16
2010,10,Sant Martí,71,Provençals del Poblenou,224,10099,..,1,0
2010,10,Sant Martí,71,Provençals del Poblenou,224,10099,..,1,4
2010,10,Sant Martí,71,Provençals del Poblenou,224,10099,..,1,5
2010,10,Sant Martí,71,Provençals del Poblenou,224,10099,..,1,6
2010,10,Sant Martí,71,Provençals del Poblenou,224,10099,..,1,7
2010,10,Sant Martí,71,Provençals del Poblenou,224,10099,..,1,8
2010,10,Sant Martí,71,Provençals del Poblenou,224,10099,..,1,10
2010,10,Sant Martí,71,Provençals del Poblenou,224,10099,..,1,11
2010,10,Sant Martí,71,Provençals del Poblenou,224,10099,..,1,16
2010,10,Sant Martí,71,Provençals del Poblenou,224,10099,..,2,3
2010,10,Sant Martí,71,Provençals del Poblenou,224,10099,..,2,4
2010,10,Sant Martí,71,Provençals del Poblenou,224,10099,..,2,5
2010,10,Sant Martí,71,Provençals del Poblenou,224,10099,..,2,7
2010,10,Sant Martí,71,Provençals del Poblenou,224,10099,..,2,10
2010,10,Sant Martí,71,Provençals del Poblenou,224,10099,..,2,11
2010,10,Sant Martí,71,Provençals del Poblenou,224,10099,..,2,14
2010,10,Sant Martí,71,Provençals del Poblenou,224,10100,..,1,1
2010,10,Sant Martí,71,Provençals del Poblenou,224,10100,..,1,2
2010,10,Sant Martí,71,Provençals del Poblenou,224,10100,10,1,5
2010,10,Sant Martí,71,Provençals del Poblenou,224,10100,7,1,6
2010,10,Sant Martí,71,Provençals del Poblenou,224,10100,..,1,7
2010,10,Sant Martí,71,Provençals del Poblenou,224,10100,..,1,8
2010,10,Sant Martí,71,Provençals del Poblenou,224,10100,..,1,9
2010,10,Sant Martí,71,Provençals del Poblenou,224,10100,..,1,10
2010,10,Sant Martí,71,Provençals del Poblenou,224,10100,..,1,13
2010,10,Sant Martí,71,Provençals del Poblenou,224,10100,..,2,0
2010,10,Sant Martí,71,Provençals del Poblenou,224,10100,..,2,1
2010,10,Sant Martí,71,Provençals del Poblenou,224,10100,..,2,2
2010,10,Sant Martí,71,Provençals del Poblenou,224,10100,..,2,3
2010,10,Sant Martí,71,Provençals del Poblenou,224,10100,..,2,4
2010,10,Sant Martí,71,Provençals del Poblenou,224,10100,..,2,5
2010,10,Sant Martí,71,Provençals del Poblenou,224,10100,5,2,6
2010,10,Sant Martí,71,Provençals del Poblenou,224,10100,5,2,7
2010,10,Sant Martí,71,Provençals del Poblenou,224,10100,..,2,8
2010,10,Sant Martí,71,Provençals del Poblenou,224,10100,..,2,9
2010,10,Sant Martí,71,Provençals del Poblenou,224,10100,..,2,11
2010,10,Sant Martí,71,Provençals del Poblenou,224,10100,..,2,12
2010,10,Sant Martí,71,Provençals del Poblenou,224,10100,..,2,14
2010,10,Sant Martí,71,Provençals del Poblenou,224,10100,..,2,17
2010,10,Sant Martí,71,Provençals del Poblenou,225,10101,..,1,0
2010,10,Sant Martí,71,Provençals del Poblenou,225,10101,..,1,1
2010,10,Sant Martí,71,Provençals del Poblenou,225,10101,..,1,3
2010,10,Sant Martí,71,Provençals del Poblenou,225,10101,12,1,4
2010,10,Sant Martí,71,Provençals del Poblenou,225,10101,6,1,5
2010,10,Sant Martí,71,Provençals del Poblenou,225,10101,7,1,6
2010,10,Sant Martí,71,Provençals del Poblenou,225,10101,..,1,7
2010,10,Sant Martí,71,Provençals del Poblenou,225,10101,..,1,8
2010,10,Sant Martí,71,Provençals del Poblenou,225,10101,..,1,9
2010,10,Sant Martí,71,Provençals del Poblenou,225,10101,..,1,10
2010,10,Sant Martí,71,Provençals del Poblenou,225,10101,..,1,11
2010,10,Sant Martí,71,Provençals del Poblenou,225,10101,..,1,13
2010,10,Sant Martí,71,Provençals del Poblenou,225,10101,..,1,14
2010,10,Sant Martí,71,Provençals del Poblenou,225,10101,..,2,0
2010,10,Sant Martí,71,Provençals del Poblenou,225,10101,..,2,1
2010,10,Sant Martí,71,Provençals del Poblenou,225,10101,5,2,2
2010,10,Sant Martí,71,Provençals del Poblenou,225,10101,..,2,3
2010,10,Sant Martí,71,Provençals del Poblenou,225,10101,6,2,4
2010,10,Sant Martí,71,Provençals del Poblenou,225,10101,7,2,5
2010,10,Sant Martí,71,Provençals del Poblenou,225,10101,..,2,6
2010,10,Sant Martí,71,Provençals del Poblenou,225,10101,6,2,7
2010,10,Sant Martí,71,Provençals del Poblenou,225,10101,7,2,8
2010,10,Sant Martí,71,Provençals del Poblenou,225,10101,..,2,9
2010,10,Sant Martí,71,Provençals del Poblenou,225,10101,..,2,10
2010,10,Sant Martí,71,Provençals del Poblenou,225,10101,..,2,13
2010,10,Sant Martí,71,Provençals del Poblenou,225,10102,..,1,0
2010,10,Sant Martí,71,Provençals del Poblenou,225,10102,..,1,2
2010,10,Sant Martí,71,Provençals del Poblenou,225,10102,..,1,4
2010,10,Sant Martí,71,Provençals del Poblenou,225,10102,8,1,5
2010,10,Sant Martí,71,Provençals del Poblenou,225,10102,10,1,6
2010,10,Sant Martí,71,Provençals del Poblenou,225,10102,5,1,7
2010,10,Sant Martí,71,Provençals del Poblenou,225,10102,..,1,8
2010,10,Sant Martí,71,Provençals del Poblenou,225,10102,5,1,9
2010,10,Sant Martí,71,Provençals del Poblenou,225,10102,..,1,10
2010,10,Sant Martí,71,Provençals del Poblenou,225,10102,..,1,11
2010,10,Sant Martí,71,Provençals del Poblenou,225,10102,..,1,13
2010,10,Sant Martí,71,Provençals del Poblenou,225,10102,..,1,15
2010,10,Sant Martí,71,Provençals del Poblenou,225,10102,..,1,17
2010,10,Sant Martí,71,Provençals del Poblenou,225,10102,5,2,0
2010,10,Sant Martí,71,Provençals del Poblenou,225,10102,..,2,1
2010,10,Sant Martí,71,Provençals del Poblenou,225,10102,..,2,2
2010,10,Sant Martí,71,Provençals del Poblenou,225,10102,..,2,3
2010,10,Sant Martí,71,Provençals del Poblenou,225,10102,..,2,4
2010,10,Sant Martí,71,Provençals del Poblenou,225,10102,9,2,5
2010,10,Sant Martí,71,Provençals del Poblenou,225,10102,10,2,6
2010,10,Sant Martí,71,Provençals del Poblenou,225,10102,9,2,7
2010,10,Sant Martí,71,Provençals del Poblenou,225,10102,5,2,8
2010,10,Sant Martí,71,Provençals del Poblenou,225,10102,..,2,9
2010,10,Sant Martí,71,Provençals del Poblenou,225,10102,..,2,10
2010,10,Sant Martí,71,Provençals del Poblenou,225,10102,..,2,11
2010,10,Sant Martí,71,Provençals del Poblenou,225,10102,..,2,12
2010,10,Sant Martí,71,Provençals del Poblenou,225,10102,..,2,15
2010,10,Sant Martí,71,Provençals del Poblenou,225,10103,..,1,0
2010,10,Sant Martí,71,Provençals del Poblenou,225,10103,..,1,1
2010,10,Sant Martí,71,Provençals del Poblenou,225,10103,..,1,2
2010,10,Sant Martí,71,Provençals del Poblenou,225,10103,..,1,3
2010,10,Sant Martí,71,Provençals del Poblenou,225,10103,..,1,4
2010,10,Sant Martí,71,Provençals del Poblenou,225,10103,5,1,5
2010,10,Sant Martí,71,Provençals del Poblenou,225,10103,..,1,6
2010,10,Sant Martí,71,Provençals del Poblenou,225,10103,5,1,7
2010,10,Sant Martí,71,Provençals del Poblenou,225,10103,..,1,8
2010,10,Sant Martí,71,Provençals del Poblenou,225,10103,..,1,11
2010,10,Sant Martí,71,Provençals del Poblenou,225,10103,..,1,13
2010,10,Sant Martí,71,Provençals del Poblenou,225,10103,..,1,14
2010,10,Sant Martí,71,Provençals del Poblenou,225,10103,..,1,17
2010,10,Sant Martí,71,Provençals del Poblenou,225,10103,..,2,0
2010,10,Sant Martí,71,Provençals del Poblenou,225,10103,..,2,1
2010,10,Sant Martí,71,Provençals del Poblenou,225,10103,..,2,2
2010,10,Sant Martí,71,Provençals del Poblenou,225,10103,..,2,3
2010,10,Sant Martí,71,Provençals del Poblenou,225,10103,6,2,4
2010,10,Sant Martí,71,Provençals del Poblenou,225,10103,5,2,5
2010,10,Sant Martí,71,Provençals del Poblenou,225,10103,5,2,6
2010,10,Sant Martí,71,Provençals del Poblenou,225,10103,..,2,7
2010,10,Sant Martí,71,Provençals del Poblenou,225,10103,..,2,8
2010,10,Sant Martí,71,Provençals del Poblenou,225,10103,..,2,9
2010,10,Sant Martí,71,Provençals del Poblenou,225,10103,..,2,11
2010,10,Sant Martí,71,Provençals del Poblenou,225,10103,..,2,13
2010,10,Sant Martí,71,Provençals del Poblenou,225,10103,..,2,17
2010,10,Sant Martí,71,Provençals del Poblenou,225,10103,..,2,18
2010,10,Sant Martí,71,Provençals del Poblenou,225,10104,..,1,0
2010,10,Sant Martí,71,Provençals del Poblenou,225,10104,..,1,1
2010,10,Sant Martí,71,Provençals del Poblenou,225,10104,..,1,4
2010,10,Sant Martí,71,Provençals del Poblenou,225,10104,5,1,5
2010,10,Sant Martí,71,Provençals del Poblenou,225,10104,..,1,6
2010,10,Sant Martí,71,Provençals del Poblenou,225,10104,..,1,7
2010,10,Sant Martí,71,Provençals del Poblenou,225,10104,..,1,8
2010,10,Sant Martí,71,Provençals del Poblenou,225,10104,..,1,9
2010,10,Sant Martí,71,Provençals del Poblenou,225,10104,..,1,10
2010,10,Sant Martí,71,Provençals del Poblenou,225,10104,..,1,15
2010,10,Sant Martí,71,Provençals del Poblenou,225,10104,..,1,17
2010,10,Sant Martí,71,Provençals del Poblenou,225,10104,..,2,0
2010,10,Sant Martí,71,Provençals del Poblenou,225,10104,..,2,2
2010,10,Sant Martí,71,Provençals del Poblenou,225,10104,..,2,3
2010,10,Sant Martí,71,Provençals del Poblenou,225,10104,..,2,4
2010,10,Sant Martí,71,Provençals del Poblenou,225,10104,..,2,5
2010,10,Sant Martí,71,Provençals del Poblenou,225,10104,..,2,6
2010,10,Sant Martí,71,Provençals del Poblenou,225,10104,..,2,7
2010,10,Sant Martí,71,Provençals del Poblenou,225,10104,..,2,8
2010,10,Sant Martí,71,Provençals del Poblenou,225,10104,..,2,11
2010,10,Sant Martí,71,Provençals del Poblenou,225,10237,..,1,0
2010,10,Sant Martí,71,Provençals del Poblenou,225,10237,..,1,1
2010,10,Sant Martí,71,Provençals del Poblenou,225,10237,..,1,4
2010,10,Sant Martí,71,Provençals del Poblenou,225,10237,..,1,5
2010,10,Sant Martí,71,Provençals del Poblenou,225,10237,..,1,6
2010,10,Sant Martí,71,Provençals del Poblenou,225,10237,..,1,8
2010,10,Sant Martí,71,Provençals del Poblenou,225,10237,..,1,9
2010,10,Sant Martí,71,Provençals del Poblenou,225,10237,..,1,11
2010,10,Sant Martí,71,Provençals del Poblenou,225,10237,..,2,0
2010,10,Sant Martí,71,Provençals del Poblenou,225,10237,..,2,3
2010,10,Sant Martí,71,Provençals del Poblenou,225,10237,..,2,4
2010,10,Sant Martí,71,Provençals del Poblenou,225,10237,..,2,5
2010,10,Sant Martí,71,Provençals del Poblenou,225,10237,..,2,7
2010,10,Sant Martí,71,Provençals del Poblenou,225,10237,..,2,8
2010,10,Sant Martí,71,Provençals del Poblenou,225,10237,..,2,9
2010,10,Sant Martí,71,Provençals del Poblenou,225,10237,..,2,10
2010,10,Sant Martí,71,Provençals del Poblenou,225,10237,..,2,11
2010,10,Sant Martí,72,Sant Martí de Provençals,226,10105,..,1,0
2010,10,Sant Martí,72,Sant Martí de Provençals,226,10105,..,1,3
2010,10,Sant Martí,72,Sant Martí de Provençals,226,10105,..,1,4
2010,10,Sant Martí,72,Sant Martí de Provençals,226,10105,..,1,5
2010,10,Sant Martí,72,Sant Martí de Provençals,226,10105,6,1,6
2010,10,Sant Martí,72,Sant Martí de Provençals,226,10105,6,1,7
2010,10,Sant Martí,72,Sant Martí de Provençals,226,10105,..,1,9
2010,10,Sant Martí,72,Sant Martí de Provençals,226,10105,..,1,10
2010,10,Sant Martí,72,Sant Martí de Provençals,226,10105,..,1,11
2010,10,Sant Martí,72,Sant Martí de Provençals,226,10105,..,1,12
2010,10,Sant Martí,72,Sant Martí de Provençals,226,10105,..,1,13
2010,10,Sant Martí,72,Sant Martí de Provençals,226,10105,..,2,0
2010,10,Sant Martí,72,Sant Martí de Provençals,226,10105,..,2,3
2010,10,Sant Martí,72,Sant Martí de Provençals,226,10105,..,2,4
2010,10,Sant Martí,72,Sant Martí de Provençals,226,10105,7,2,5
2010,10,Sant Martí,72,Sant Martí de Provençals,226,10105,10,2,6
2010,10,Sant Martí,72,Sant Martí de Provençals,226,10105,..,2,7
2010,10,Sant Martí,72,Sant Martí de Provençals,226,10105,5,2,8
2010,10,Sant Martí,72,Sant Martí de Provençals,226,10105,..,2,10
2010,10,Sant Martí,72,Sant Martí de Provençals,226,10105,..,2,11
2010,10,Sant Martí,72,Sant Martí de Provençals,226,10105,..,2,14
2010,10,Sant Martí,72,Sant Martí de Provençals,226,10106,..,1,4
2010,10,Sant Martí,72,Sant Martí de Provençals,226,10106,..,1,5
2010,10,Sant Martí,72,Sant Martí de Provençals,226,10106,..,1,6
2010,10,Sant Martí,72,Sant Martí de Provençals,226,10106,..,1,8
2010,10,Sant Martí,72,Sant Martí de Provençals,226,10106,..,1,9
2010,10,Sant Martí,72,Sant Martí de Provençals,226,10106,..,1,10
2010,10,Sant Martí,72,Sant Martí de Provençals,226,10106,..,1,12
2010,10,Sant Martí,72,Sant Martí de Provençals,226,10106,..,2,3
2010,10,Sant Martí,72,Sant Martí de Provençals,226,10106,..,2,4
2010,10,Sant Martí,72,Sant Martí de Provençals,226,10106,..,2,5
2010,10,Sant Martí,72,Sant Martí de Provençals,226,10106,..,2,6
2010,10,Sant Martí,72,Sant Martí de Provençals,226,10106,..,2,7
2010,10,Sant Martí,72,Sant Martí de Provençals,226,10106,..,2,8
2010,10,Sant Martí,72,Sant Martí de Provençals,226,10106,..,2,10
2010,10,Sant Martí,72,Sant Martí de Provençals,226,10107,..,1,1
2010,10,Sant Martí,72,Sant Martí de Provençals,226,10107,..,1,2
2010,10,Sant Martí,72,Sant Martí de Provençals,226,10107,..,1,3
2010,10,Sant Martí,72,Sant Martí de Provençals,226,10107,..,1,4
2010,10,Sant Martí,72,Sant Martí de Provençals,226,10107,6,1,5
2010,10,Sant Martí,72,Sant Martí de Provençals,226,10107,6,1,6
2010,10,Sant Martí,72,Sant Martí de Provençals,226,10107,..,1,7
2010,10,Sant Martí,72,Sant Martí de Provençals,226,10107,..,1,8
2010,10,Sant Martí,72,Sant Martí de Provençals,226,10107,..,1,10
2010,10,Sant Martí,72,Sant Martí de Provençals,226,10107,..,1,12
2010,10,Sant Martí,72,Sant Martí de Provençals,226,10107,..,1,14
2010,10,Sant Martí,72,Sant Martí de Provençals,226,10107,5,2,0
2010,10,Sant Martí,72,Sant Martí de Provençals,226,10107,..,2,1
2010,10,Sant Martí,72,Sant Martí de Provençals,226,10107,..,2,3
2010,10,Sant Martí,72,Sant Martí de Provençals,226,10107,..,2,4
2010,10,Sant Martí,72,Sant Martí de Provençals,226,10107,..,2,5
2010,10,Sant Martí,72,Sant Martí de Provençals,226,10107,..,2,6
2010,10,Sant Martí,72,Sant Martí de Provençals,226,10107,..,2,7
2010,10,Sant Martí,72,Sant Martí de Provençals,226,10107,..,2,8
2010,10,Sant Martí,72,Sant Martí de Provençals,226,10107,..,2,9
2010,10,Sant Martí,72,Sant Martí de Provençals,226,10107,..,2,12
2010,10,Sant Martí,72,Sant Martí de Provençals,226,10108,..,1,0
2010,10,Sant Martí,72,Sant Martí de Provençals,226,10108,..,1,1
2010,10,Sant Martí,72,Sant Martí de Provençals,226,10108,..,1,3
2010,10,Sant Martí,72,Sant Martí de Provençals,226,10108,5,1,4
2010,10,Sant Martí,72,Sant Martí de Provençals,226,10108,..,1,5
2010,10,Sant Martí,72,Sant Martí de Provençals,226,10108,..,1,6
2010,10,Sant Martí,72,Sant Martí de Provençals,226,10108,7,1,7
2010,10,Sant Martí,72,Sant Martí de Provençals,226,10108,..,1,10
2010,10,Sant Martí,72,Sant Martí de Provençals,226,10108,..,1,12
2010,10,Sant Martí,72,Sant Martí de Provençals,226,10108,..,1,13
2010,10,Sant Martí,72,Sant Martí de Provençals,226,10108,..,2,0
2010,10,Sant Martí,72,Sant Martí de Provençals,226,10108,..,2,1
2010,10,Sant Martí,72,Sant Martí de Provençals,226,10108,5,2,4
2010,10,Sant Martí,72,Sant Martí de Provençals,226,10108,..,2,5
2010,10,Sant Martí,72,Sant Martí de Provençals,226,10108,..,2,6
2010,10,Sant Martí,72,Sant Martí de Provençals,226,10108,9,2,7
2010,10,Sant Martí,72,Sant Martí de Provençals,226,10108,..,2,9
2010,10,Sant Martí,72,Sant Martí de Provençals,226,10108,..,2,12
2010,10,Sant Martí,72,Sant Martí de Provençals,226,10108,6,2,13
2010,10,Sant Martí,72,Sant Martí de Provençals,226,10108,..,2,16
2010,10,Sant Martí,72,Sant Martí de Provençals,226,10109,..,1,0
2010,10,Sant Martí,72,Sant Martí de Provençals,226,10109,..,1,1
2010,10,Sant Martí,72,Sant Martí de Provençals,226,10109,..,1,2
2010,10,Sant Martí,72,Sant Martí de Provençals,226,10109,..,1,3
2010,10,Sant Martí,72,Sant Martí de Provençals,226,10109,..,1,4
2010,10,Sant Martí,72,Sant Martí de Provençals,226,10109,..,1,5
2010,10,Sant Martí,72,Sant Martí de Provençals,226,10109,6,1,6
2010,10,Sant Martí,72,Sant Martí de Provençals,226,10109,..,1,7
2010,10,Sant Martí,72,Sant Martí de Provençals,226,10109,..,1,8
2010,10,Sant Martí,72,Sant Martí de Provençals,226,10109,..,1,9
2010,10,Sant Martí,72,Sant Martí de Provençals,226,10109,..,1,10
2010,10,Sant Martí,72,Sant Martí de Provençals,226,10109,..,1,11
2010,10,Sant Martí,72,Sant Martí de Provençals,226,10109,..,1,13
2010,10,Sant Martí,72,Sant Martí de Provençals,226,10109,..,1,15
2010,10,Sant Martí,72,Sant Martí de Provençals,226,10109,5,2,0
2010,10,Sant Martí,72,Sant Martí de Provençals,226,10109,..,2,1
2010,10,Sant Martí,72,Sant Martí de Provençals,226,10109,..,2,2
2010,10,Sant Martí,72,Sant Martí de Provençals,226,10109,..,2,3
2010,10,Sant Martí,72,Sant Martí de Provençals,226,10109,..,2,4
2010,10,Sant Martí,72,Sant Martí de Provençals,226,10109,..,2,5
2010,10,Sant Martí,72,Sant Martí de Provençals,226,10109,..,2,6
2010,10,Sant Martí,72,Sant Martí de Provençals,226,10109,..,2,7
2010,10,Sant Martí,72,Sant Martí de Provençals,226,10109,..,2,8
2010,10,Sant Martí,72,Sant Martí de Provençals,226,10109,..,2,9
2010,10,Sant Martí,72,Sant Martí de Provençals,226,10109,..,2,10
2010,10,Sant Martí,72,Sant Martí de Provençals,226,10109,..,2,12
2010,10,Sant Martí,72,Sant Martí de Provençals,226,10109,..,2,13
2010,10,Sant Martí,72,Sant Martí de Provençals,226,10109,..,2,14
2010,10,Sant Martí,72,Sant Martí de Provençals,226,10109,..,2,15
2010,10,Sant Martí,72,Sant Martí de Provençals,226,10109,..,2,17
2010,10,Sant Martí,72,Sant Martí de Provençals,226,10110,..,1,0
2010,10,Sant Martí,72,Sant Martí de Provençals,226,10110,..,1,3
2010,10,Sant Martí,72,Sant Martí de Provençals,226,10110,5,1,4
2010,10,Sant Martí,72,Sant Martí de Provençals,226,10110,11,1,5
2010,10,Sant Martí,72,Sant Martí de Provençals,226,10110,..,1,6
2010,10,Sant Martí,72,Sant Martí de Provençals,226,10110,..,1,8
2010,10,Sant Martí,72,Sant Martí de Provençals,226,10110,..,1,12
2010,10,Sant Martí,72,Sant Martí de Provençals,226,10110,..,1,15
2010,10,Sant Martí,72,Sant Martí de Provençals,226,10110,..,2,0
2010,10,Sant Martí,72,Sant Martí de Provençals,226,10110,..,2,1
2010,10,Sant Martí,72,Sant Martí de Provençals,226,10110,..,2,4
2010,10,Sant Martí,72,Sant Martí de Provençals,226,10110,..,2,5
2010,10,Sant Martí,72,Sant Martí de Provençals,226,10110,9,2,6
2010,10,Sant Martí,72,Sant Martí de Provençals,226,10110,..,2,7
2010,10,Sant Martí,72,Sant Martí de Provençals,226,10110,..,2,8
2010,10,Sant Martí,72,Sant Martí de Provençals,226,10110,..,2,9
2010,10,Sant Martí,72,Sant Martí de Provençals,226,10110,..,2,10
2010,10,Sant Martí,72,Sant Martí de Provençals,226,10110,..,2,12
2010,10,Sant Martí,72,Sant Martí de Provençals,227,10111,..,1,0
2010,10,Sant Martí,72,Sant Martí de Provençals,227,10111,..,1,1
2010,10,Sant Martí,72,Sant Martí de Provençals,227,10111,..,1,2
2010,10,Sant Martí,72,Sant Martí de Provençals,227,10111,..,1,3
2010,10,Sant Martí,72,Sant Martí de Provençals,227,10111,..,1,4
2010,10,Sant Martí,72,Sant Martí de Provençals,227,10111,..,1,5
2010,10,Sant Martí,72,Sant Martí de Provençals,227,10111,6,1,6
2010,10,Sant Martí,72,Sant Martí de Provençals,227,10111,..,1,7
2010,10,Sant Martí,72,Sant Martí de Provençals,227,10111,..,1,8
2010,10,Sant Martí,72,Sant Martí de Provençals,227,10111,..,1,9
2010,10,Sant Martí,72,Sant Martí de Provençals,227,10111,..,1,10
2010,10,Sant Martí,72,Sant Martí de Provençals,227,10111,..,1,11
2010,10,Sant Martí,72,Sant Martí de Provençals,227,10111,..,1,12
2010,10,Sant Martí,72,Sant Martí de Provençals,227,10111,..,1,13
2010,10,Sant Martí,72,Sant Martí de Provençals,227,10111,..,1,15
2010,10,Sant Martí,72,Sant Martí de Provençals,227,10111,..,2,0
2010,10,Sant Martí,72,Sant Martí de Provençals,227,10111,..,2,1
2010,10,Sant Martí,72,Sant Martí de Provençals,227,10111,..,2,3
2010,10,Sant Martí,72,Sant Martí de Provençals,227,10111,..,2,4
2010,10,Sant Martí,72,Sant Martí de Provençals,227,10111,6,2,5
2010,10,Sant Martí,72,Sant Martí de Provençals,227,10111,..,2,6
2010,10,Sant Martí,72,Sant Martí de Provençals,227,10111,..,2,7
2010,10,Sant Martí,72,Sant Martí de Provençals,227,10111,..,2,8
2010,10,Sant Martí,72,Sant Martí de Provençals,227,10111,..,2,9
2010,10,Sant Martí,72,Sant Martí de Provençals,227,10111,..,2,10
2010,10,Sant Martí,72,Sant Martí de Provençals,227,10111,..,2,11
2010,10,Sant Martí,72,Sant Martí de Provençals,227,10111,..,2,14
2010,10,Sant Martí,72,Sant Martí de Provençals,227,10112,..,1,1
2010,10,Sant Martí,72,Sant Martí de Provençals,227,10112,..,1,3
2010,10,Sant Martí,72,Sant Martí de Provençals,227,10112,..,1,4
2010,10,Sant Martí,72,Sant Martí de Provençals,227,10112,..,1,5
2010,10,Sant Martí,72,Sant Martí de Provençals,227,10112,..,1,6
2010,10,Sant Martí,72,Sant Martí de Provençals,227,10112,..,1,7
2010,10,Sant Martí,72,Sant Martí de Provençals,227,10112,5,1,8
2010,10,Sant Martí,72,Sant Martí de Provençals,227,10112,..,1,9
2010,10,Sant Martí,72,Sant Martí de Provençals,227,10112,..,1,10
2010,10,Sant Martí,72,Sant Martí de Provençals,227,10112,..,1,12
2010,10,Sant Martí,72,Sant Martí de Provençals,227,10112,..,1,16
2010,10,Sant Martí,72,Sant Martí de Provençals,227,10112,..,2,1
2010,10,Sant Martí,72,Sant Martí de Provençals,227,10112,..,2,3
2010,10,Sant Martí,72,Sant Martí de Provençals,227,10112,..,2,4
2010,10,Sant Martí,72,Sant Martí de Provençals,227,10112,..,2,5
2010,10,Sant Martí,72,Sant Martí de Provençals,227,10112,5,2,6
2010,10,Sant Martí,72,Sant Martí de Provençals,227,10112,..,2,7
2010,10,Sant Martí,72,Sant Martí de Provençals,227,10112,..,2,8
2010,10,Sant Martí,72,Sant Martí de Provençals,227,10112,..,2,9
2010,10,Sant Martí,72,Sant Martí de Provençals,227,10112,..,2,10
2010,10,Sant Martí,72,Sant Martí de Provençals,227,10112,..,2,11
2010,10,Sant Martí,72,Sant Martí de Provençals,227,10112,..,2,12
2010,10,Sant Martí,72,Sant Martí de Provençals,227,10112,..,2,13
2010,10,Sant Martí,72,Sant Martí de Provençals,227,10112,..,2,14
2010,10,Sant Martí,72,Sant Martí de Provençals,227,10113,..,1,0
2010,10,Sant Martí,72,Sant Martí de Provençals,227,10113,..,1,2
2010,10,Sant Martí,72,Sant Martí de Provençals,227,10113,..,1,3
2010,10,Sant Martí,72,Sant Martí de Provençals,227,10113,..,1,4
2010,10,Sant Martí,72,Sant Martí de Provençals,227,10113,6,1,5
2010,10,Sant Martí,72,Sant Martí de Provençals,227,10113,..,1,6
2010,10,Sant Martí,72,Sant Martí de Provençals,227,10113,5,1,7
2010,10,Sant Martí,72,Sant Martí de Provençals,227,10113,..,1,9
2010,10,Sant Martí,72,Sant Martí de Provençals,227,10113,..,1,10
2010,10,Sant Martí,72,Sant Martí de Provençals,227,10113,..,1,11
2010,10,Sant Martí,72,Sant Martí de Provençals,227,10113,..,1,17
2010,10,Sant Martí,72,Sant Martí de Provençals,227,10113,..,2,1
2010,10,Sant Martí,72,Sant Martí de Provençals,227,10113,..,2,2
2010,10,Sant Martí,72,Sant Martí de Provençals,227,10113,..,2,4
2010,10,Sant Martí,72,Sant Martí de Provençals,227,10113,6,2,5
2010,10,Sant Martí,72,Sant Martí de Provençals,227,10113,7,2,6
2010,10,Sant Martí,72,Sant Martí de Provençals,227,10113,..,2,7
2010,10,Sant Martí,72,Sant Martí de Provençals,227,10113,..,2,8
2010,10,Sant Martí,72,Sant Martí de Provençals,227,10113,..,2,10
2010,10,Sant Martí,72,Sant Martí de Provençals,227,10113,..,2,11
2010,10,Sant Martí,72,Sant Martí de Provençals,227,10113,..,2,12
2010,10,Sant Martí,72,Sant Martí de Provençals,227,10114,..,1,0
2010,10,Sant Martí,72,Sant Martí de Provençals,227,10114,..,1,1
2010,10,Sant Martí,72,Sant Martí de Provençals,227,10114,..,1,3
2010,10,Sant Martí,72,Sant Martí de Provençals,227,10114,5,1,4
2010,10,Sant Martí,72,Sant Martí de Provençals,227,10114,6,1,5
2010,10,Sant Martí,72,Sant Martí de Provençals,227,10114,..,1,6
2010,10,Sant Martí,72,Sant Martí de Provençals,227,10114,..,1,7
2010,10,Sant Martí,72,Sant Martí de Provençals,227,10114,..,1,8
2010,10,Sant Martí,72,Sant Martí de Provençals,227,10114,..,1,9
2010,10,Sant Martí,72,Sant Martí de Provençals,227,10114,..,1,10
2010,10,Sant Martí,72,Sant Martí de Provençals,227,10114,..,1,12
2010,10,Sant Martí,72,Sant Martí de Provençals,227,10114,..,2,0
2010,10,Sant Martí,72,Sant Martí de Provençals,227,10114,..,2,2
2010,10,Sant Martí,72,Sant Martí de Provençals,227,10114,..,2,3
2010,10,Sant Martí,72,Sant Martí de Provençals,227,10114,..,2,4
2010,10,Sant Martí,72,Sant Martí de Provençals,227,10114,9,2,5
2010,10,Sant Martí,72,Sant Martí de Provençals,227,10114,5,2,6
2010,10,Sant Martí,72,Sant Martí de Provençals,227,10114,..,2,7
2010,10,Sant Martí,72,Sant Martí de Provençals,227,10114,..,2,8
2010,10,Sant Martí,72,Sant Martí de Provençals,227,10114,..,2,10
2010,10,Sant Martí,72,Sant Martí de Provençals,228,10115,..,1,0
2010,10,Sant Martí,72,Sant Martí de Provençals,228,10115,..,1,1
2010,10,Sant Martí,72,Sant Martí de Provençals,228,10115,..,1,2
2010,10,Sant Martí,72,Sant Martí de Provençals,228,10115,6,1,4
2010,10,Sant Martí,72,Sant Martí de Provençals,228,10115,6,1,5
2010,10,Sant Martí,72,Sant Martí de Provençals,228,10115,..,1,6
2010,10,Sant Martí,72,Sant Martí de Provençals,228,10115,..,1,7
2010,10,Sant Martí,72,Sant Martí de Provençals,228,10115,..,1,9
2010,10,Sant Martí,72,Sant Martí de Provençals,228,10115,..,1,10
2010,10,Sant Martí,72,Sant Martí de Provençals,228,10115,..,1,11
2010,10,Sant Martí,72,Sant Martí de Provençals,228,10115,..,1,12
2010,10,Sant Martí,72,Sant Martí de Provençals,228,10115,..,1,16
2010,10,Sant Martí,72,Sant Martí de Provençals,228,10115,..,2,0
2010,10,Sant Martí,72,Sant Martí de Provençals,228,10115,..,2,2
2010,10,Sant Martí,72,Sant Martí de Provençals,228,10115,..,2,3
2010,10,Sant Martí,72,Sant Martí de Provençals,228,10115,5,2,4
2010,10,Sant Martí,72,Sant Martí de Provençals,228,10115,7,2,5
2010,10,Sant Martí,72,Sant Martí de Provençals,228,10115,6,2,6
2010,10,Sant Martí,72,Sant Martí de Provençals,228,10115,..,2,7
2010,10,Sant Martí,72,Sant Martí de Provençals,228,10115,..,2,8
2010,10,Sant Martí,72,Sant Martí de Provençals,228,10115,..,2,9
2010,10,Sant Martí,72,Sant Martí de Provençals,228,10115,..,2,10
2010,10,Sant Martí,72,Sant Martí de Provençals,228,10115,..,2,11
2010,10,Sant Martí,72,Sant Martí de Provençals,228,10115,..,2,15
2010,10,Sant Martí,72,Sant Martí de Provençals,228,10115,..,2,16
2010,10,Sant Martí,72,Sant Martí de Provençals,228,10116,..,1,1
2010,10,Sant Martí,72,Sant Martí de Provençals,228,10116,..,1,3
2010,10,Sant Martí,72,Sant Martí de Provençals,228,10116,7,1,4
2010,10,Sant Martí,72,Sant Martí de Provençals,228,10116,6,1,5
2010,10,Sant Martí,72,Sant Martí de Provençals,228,10116,..,1,6
2010,10,Sant Martí,72,Sant Martí de Provençals,228,10116,..,1,7
2010,10,Sant Martí,72,Sant Martí de Provençals,228,10116,5,1,8
2010,10,Sant Martí,72,Sant Martí de Provençals,228,10116,..,1,9
2010,10,Sant Martí,72,Sant Martí de Provençals,228,10116,..,1,11
2010,10,Sant Martí,72,Sant Martí de Provençals,228,10116,..,1,14
2010,10,Sant Martí,72,Sant Martí de Provençals,228,10116,..,2,0
2010,10,Sant Martí,72,Sant Martí de Provençals,228,10116,..,2,1
2010,10,Sant Martí,72,Sant Martí de Provençals,228,10116,..,2,2
2010,10,Sant Martí,72,Sant Martí de Provençals,228,10116,6,2,4
2010,10,Sant Martí,72,Sant Martí de Provençals,228,10116,6,2,5
2010,10,Sant Martí,72,Sant Martí de Provençals,228,10116,6,2,6
2010,10,Sant Martí,72,Sant Martí de Provençals,228,10116,..,2,7
2010,10,Sant Martí,72,Sant Martí de Provençals,228,10116,..,2,8
2010,10,Sant Martí,72,Sant Martí de Provençals,228,10116,..,2,10
2010,10,Sant Martí,72,Sant Martí de Provençals,228,10116,..,2,12
2010,10,Sant Martí,72,Sant Martí de Provençals,228,10116,..,2,14
2010,10,Sant Martí,72,Sant Martí de Provençals,228,10117,..,1,0
2010,10,Sant Martí,72,Sant Martí de Provençals,228,10117,..,1,1
2010,10,Sant Martí,72,Sant Martí de Provençals,228,10117,..,1,2
2010,10,Sant Martí,72,Sant Martí de Provençals,228,10117,..,1,3
2010,10,Sant Martí,72,Sant Martí de Provençals,228,10117,5,1,4
2010,10,Sant Martí,72,Sant Martí de Provençals,228,10117,6,1,5
2010,10,Sant Martí,72,Sant Martí de Provençals,228,10117,..,1,6
2010,10,Sant Martí,72,Sant Martí de Provençals,228,10117,..,1,7
2010,10,Sant Martí,72,Sant Martí de Provençals,228,10117,..,1,8
2010,10,Sant Martí,72,Sant Martí de Provençals,228,10117,..,1,9
2010,10,Sant Martí,72,Sant Martí de Provençals,228,10117,..,1,11
2010,10,Sant Martí,72,Sant Martí de Provençals,228,10117,..,1,12
2010,10,Sant Martí,72,Sant Martí de Provençals,228,10117,..,1,17
2010,10,Sant Martí,72,Sant Martí de Provençals,228,10117,..,2,0
2010,10,Sant Martí,72,Sant Martí de Provençals,228,10117,..,2,3
2010,10,Sant Martí,72,Sant Martí de Provençals,228,10117,..,2,4
2010,10,Sant Martí,72,Sant Martí de Provençals,228,10117,6,2,5
2010,10,Sant Martí,72,Sant Martí de Provençals,228,10117,7,2,6
2010,10,Sant Martí,72,Sant Martí de Provençals,228,10117,..,2,7
2010,10,Sant Martí,72,Sant Martí de Provençals,228,10117,..,2,9
2010,10,Sant Martí,72,Sant Martí de Provençals,228,10117,..,2,10
2010,10,Sant Martí,72,Sant Martí de Provençals,228,10118,..,1,3
2010,10,Sant Martí,72,Sant Martí de Provençals,228,10118,..,1,4
2010,10,Sant Martí,72,Sant Martí de Provençals,228,10118,..,1,5
2010,10,Sant Martí,72,Sant Martí de Provençals,228,10118,..,1,6
2010,10,Sant Martí,72,Sant Martí de Provençals,228,10118,..,1,7
2010,10,Sant Martí,72,Sant Martí de Provençals,228,10118,..,1,9
2010,10,Sant Martí,72,Sant Martí de Provençals,228,10118,..,1,10
2010,10,Sant Martí,72,Sant Martí de Provençals,228,10118,..,1,16
2010,10,Sant Martí,72,Sant Martí de Provençals,228,10118,..,1,18
2010,10,Sant Martí,72,Sant Martí de Provençals,228,10118,..,2,0
2010,10,Sant Martí,72,Sant Martí de Provençals,228,10118,..,2,2
2010,10,Sant Martí,72,Sant Martí de Provençals,228,10118,..,2,5
2010,10,Sant Martí,72,Sant Martí de Provençals,228,10118,..,2,6
2010,10,Sant Martí,72,Sant Martí de Provençals,228,10118,..,2,7
2010,10,Sant Martí,72,Sant Martí de Provençals,228,10118,..,2,9
2010,10,Sant Martí,72,Sant Martí de Provençals,228,10118,..,2,10
2010,10,Sant Martí,72,Sant Martí de Provençals,228,10118,..,2,17
2010,10,Sant Martí,72,Sant Martí de Provençals,228,10119,..,1,0
2010,10,Sant Martí,72,Sant Martí de Provençals,228,10119,..,1,1
2010,10,Sant Martí,72,Sant Martí de Provençals,228,10119,..,1,2
2010,10,Sant Martí,72,Sant Martí de Provençals,228,10119,6,1,4
2010,10,Sant Martí,72,Sant Martí de Provençals,228,10119,..,1,5
2010,10,Sant Martí,72,Sant Martí de Provençals,228,10119,..,1,6
2010,10,Sant Martí,72,Sant Martí de Provençals,228,10119,..,1,7
2010,10,Sant Martí,72,Sant Martí de Provençals,228,10119,..,1,8
2010,10,Sant Martí,72,Sant Martí de Provençals,228,10119,..,1,10
2010,10,Sant Martí,72,Sant Martí de Provençals,228,10119,..,1,13
2010,10,Sant Martí,72,Sant Martí de Provençals,228,10119,..,2,0
2010,10,Sant Martí,72,Sant Martí de Provençals,228,10119,..,2,3
2010,10,Sant Martí,72,Sant Martí de Provençals,228,10119,..,2,4
2010,10,Sant Martí,72,Sant Martí de Provençals,228,10119,..,2,5
2010,10,Sant Martí,72,Sant Martí de Provençals,228,10119,..,2,6
2010,10,Sant Martí,72,Sant Martí de Provençals,228,10119,..,2,7
2010,10,Sant Martí,72,Sant Martí de Provençals,228,10119,..,2,8
2010,10,Sant Martí,72,Sant Martí de Provençals,228,10119,..,2,9
2010,10,Sant Martí,72,Sant Martí de Provençals,228,10119,..,2,14
2010,10,Sant Martí,72,Sant Martí de Provençals,229,10120,..,1,2
2010,10,Sant Martí,72,Sant Martí de Provençals,229,10120,..,1,3
2010,10,Sant Martí,72,Sant Martí de Provençals,229,10120,6,1,4
2010,10,Sant Martí,72,Sant Martí de Provençals,229,10120,6,1,5
2010,10,Sant Martí,72,Sant Martí de Provençals,229,10120,6,1,6
2010,10,Sant Martí,72,Sant Martí de Provençals,229,10120,..,1,7
2010,10,Sant Martí,72,Sant Martí de Provençals,229,10120,..,1,8
2010,10,Sant Martí,72,Sant Martí de Provençals,229,10120,..,1,10
2010,10,Sant Martí,72,Sant Martí de Provençals,229,10120,..,1,14
2010,10,Sant Martí,72,Sant Martí de Provençals,229,10120,..,2,0
2010,10,Sant Martí,72,Sant Martí de Provençals,229,10120,..,2,1
2010,10,Sant Martí,72,Sant Martí de Provençals,229,10120,..,2,2
2010,10,Sant Martí,72,Sant Martí de Provençals,229,10120,..,2,3
2010,10,Sant Martí,72,Sant Martí de Provençals,229,10120,..,2,4
2010,10,Sant Martí,72,Sant Martí de Provençals,229,10120,5,2,5
2010,10,Sant Martí,72,Sant Martí de Provençals,229,10120,6,2,6
2010,10,Sant Martí,72,Sant Martí de Provençals,229,10120,..,2,7
2010,10,Sant Martí,72,Sant Martí de Provençals,229,10120,..,2,8
2010,10,Sant Martí,72,Sant Martí de Provençals,229,10120,..,2,9
2010,10,Sant Martí,72,Sant Martí de Provençals,229,10120,..,2,10
2010,10,Sant Martí,72,Sant Martí de Provençals,229,10120,..,2,15
2010,10,Sant Martí,72,Sant Martí de Provençals,229,10121,..,1,0
2010,10,Sant Martí,72,Sant Martí de Provençals,229,10121,..,1,1
2010,10,Sant Martí,72,Sant Martí de Provençals,229,10121,..,1,2
2010,10,Sant Martí,72,Sant Martí de Provençals,229,10121,..,1,3
2010,10,Sant Martí,72,Sant Martí de Provençals,229,10121,..,1,4
2010,10,Sant Martí,72,Sant Martí de Provençals,229,10121,8,1,5
2010,10,Sant Martí,72,Sant Martí de Provençals,229,10121,8,1,6
2010,10,Sant Martí,72,Sant Martí de Provençals,229,10121,..,1,7
2010,10,Sant Martí,72,Sant Martí de Provençals,229,10121,..,1,8
2010,10,Sant Martí,72,Sant Martí de Provençals,229,10121,..,1,9
2010,10,Sant Martí,72,Sant Martí de Provençals,229,10121,..,1,10
2010,10,Sant Martí,72,Sant Martí de Provençals,229,10121,..,1,11
2010,10,Sant Martí,72,Sant Martí de Provençals,229,10121,..,1,13
2010,10,Sant Martí,72,Sant Martí de Provençals,229,10121,..,1,16
2010,10,Sant Martí,72,Sant Martí de Provençals,229,10121,6,2,0
2010,10,Sant Martí,72,Sant Martí de Provençals,229,10121,..,2,1
2010,10,Sant Martí,72,Sant Martí de Provençals,229,10121,..,2,4
2010,10,Sant Martí,72,Sant Martí de Provençals,229,10121,..,2,5
2010,10,Sant Martí,72,Sant Martí de Provençals,229,10121,6,2,6
2010,10,Sant Martí,72,Sant Martí de Provençals,229,10121,6,2,7
2010,10,Sant Martí,72,Sant Martí de Provençals,229,10121,..,2,8
2010,10,Sant Martí,72,Sant Martí de Provençals,229,10121,..,2,9
2010,10,Sant Martí,72,Sant Martí de Provençals,229,10121,..,2,11
2010,10,Sant Martí,72,Sant Martí de Provençals,229,10121,..,2,12
2010,10,Sant Martí,72,Sant Martí de Provençals,229,10121,..,2,17
2010,10,Sant Martí,72,Sant Martí de Provençals,229,10122,..,1,0
2010,10,Sant Martí,72,Sant Martí de Provençals,229,10122,..,1,2
2010,10,Sant Martí,72,Sant Martí de Provençals,229,10122,..,1,3
2010,10,Sant Martí,72,Sant Martí de Provençals,229,10122,..,1,4
2010,10,Sant Martí,72,Sant Martí de Provençals,229,10122,..,1,6
2010,10,Sant Martí,72,Sant Martí de Provençals,229,10122,..,1,7
2010,10,Sant Martí,72,Sant Martí de Provençals,229,10122,..,1,8
2010,10,Sant Martí,72,Sant Martí de Provençals,229,10122,..,1,12
2010,10,Sant Martí,72,Sant Martí de Provençals,229,10122,..,1,17
2010,10,Sant Martí,72,Sant Martí de Provençals,229,10122,..,1,18
2010,10,Sant Martí,72,Sant Martí de Provençals,229,10122,..,2,0
2010,10,Sant Martí,72,Sant Martí de Provençals,229,10122,..,2,1
2010,10,Sant Martí,72,Sant Martí de Provençals,229,10122,..,2,5
2010,10,Sant Martí,72,Sant Martí de Provençals,229,10122,6,2,6
2010,10,Sant Martí,72,Sant Martí de Provençals,229,10122,..,2,7
2010,10,Sant Martí,72,Sant Martí de Provençals,229,10122,..,2,8
2010,10,Sant Martí,72,Sant Martí de Provençals,229,10122,..,2,9
2010,10,Sant Martí,72,Sant Martí de Provençals,229,10122,..,2,17
2010,10,Sant Martí,72,Sant Martí de Provençals,229,10122,..,2,18
2010,10,Sant Martí,73,la Verneda i la Pau,230,10123,..,1,0
2010,10,Sant Martí,73,la Verneda i la Pau,230,10123,..,1,1
2010,10,Sant Martí,73,la Verneda i la Pau,230,10123,..,1,2
2010,10,Sant Martí,73,la Verneda i la Pau,230,10123,..,1,4
2010,10,Sant Martí,73,la Verneda i la Pau,230,10123,..,1,5
2010,10,Sant Martí,73,la Verneda i la Pau,230,10123,..,1,6
2010,10,Sant Martí,73,la Verneda i la Pau,230,10123,5,1,7
2010,10,Sant Martí,73,la Verneda i la Pau,230,10123,..,1,8
2010,10,Sant Martí,73,la Verneda i la Pau,230,10123,..,1,9
2010,10,Sant Martí,73,la Verneda i la Pau,230,10123,..,2,0
2010,10,Sant Martí,73,la Verneda i la Pau,230,10123,..,2,2
2010,10,Sant Martí,73,la Verneda i la Pau,230,10123,..,2,3
2010,10,Sant Martí,73,la Verneda i la Pau,230,10123,..,2,5
2010,10,Sant Martí,73,la Verneda i la Pau,230,10123,..,2,6
2010,10,Sant Martí,73,la Verneda i la Pau,230,10123,..,2,7
2010,10,Sant Martí,73,la Verneda i la Pau,230,10123,..,2,8
2010,10,Sant Martí,73,la Verneda i la Pau,230,10123,..,2,9
2010,10,Sant Martí,73,la Verneda i la Pau,230,10123,..,2,10
2010,10,Sant Martí,73,la Verneda i la Pau,230,10123,..,2,11
2010,10,Sant Martí,73,la Verneda i la Pau,230,10124,..,1,2
2010,10,Sant Martí,73,la Verneda i la Pau,230,10124,..,1,3
2010,10,Sant Martí,73,la Verneda i la Pau,230,10124,..,1,4
2010,10,Sant Martí,73,la Verneda i la Pau,230,10124,..,1,5
2010,10,Sant Martí,73,la Verneda i la Pau,230,10124,..,1,6
2010,10,Sant Martí,73,la Verneda i la Pau,230,10124,..,1,7
2010,10,Sant Martí,73,la Verneda i la Pau,230,10124,..,1,8
2010,10,Sant Martí,73,la Verneda i la Pau,230,10124,..,1,10
2010,10,Sant Martí,73,la Verneda i la Pau,230,10124,..,1,11
2010,10,Sant Martí,73,la Verneda i la Pau,230,10124,..,1,13
2010,10,Sant Martí,73,la Verneda i la Pau,230,10124,..,1,14
2010,10,Sant Martí,73,la Verneda i la Pau,230,10124,..,2,1
2010,10,Sant Martí,73,la Verneda i la Pau,230,10124,..,2,3
2010,10,Sant Martí,73,la Verneda i la Pau,230,10124,..,2,4
2010,10,Sant Martí,73,la Verneda i la Pau,230,10124,..,2,5
2010,10,Sant Martí,73,la Verneda i la Pau,230,10124,..,2,6
2010,10,Sant Martí,73,la Verneda i la Pau,230,10124,..,2,7
2010,10,Sant Martí,73,la Verneda i la Pau,230,10124,..,2,9
2010,10,Sant Martí,73,la Verneda i la Pau,230,10124,..,2,10
2010,10,Sant Martí,73,la Verneda i la Pau,230,10124,..,2,12
2010,10,Sant Martí,73,la Verneda i la Pau,230,10125,..,1,3
2010,10,Sant Martí,73,la Verneda i la Pau,230,10125,..,1,4
2010,10,Sant Martí,73,la Verneda i la Pau,230,10125,..,1,5
2010,10,Sant Martí,73,la Verneda i la Pau,230,10125,..,1,6
2010,10,Sant Martí,73,la Verneda i la Pau,230,10125,..,1,8
2010,10,Sant Martí,73,la Verneda i la Pau,230,10125,..,1,11
2010,10,Sant Martí,73,la Verneda i la Pau,230,10125,..,1,14
2010,10,Sant Martí,73,la Verneda i la Pau,230,10125,..,2,0
2010,10,Sant Martí,73,la Verneda i la Pau,230,10125,..,2,3
2010,10,Sant Martí,73,la Verneda i la Pau,230,10125,..,2,4
2010,10,Sant Martí,73,la Verneda i la Pau,230,10125,..,2,5
2010,10,Sant Martí,73,la Verneda i la Pau,230,10125,..,2,6
2010,10,Sant Martí,73,la Verneda i la Pau,230,10125,..,2,7
2010,10,Sant Martí,73,la Verneda i la Pau,230,10125,..,2,8
2010,10,Sant Martí,73,la Verneda i la Pau,230,10125,..,2,9
2010,10,Sant Martí,73,la Verneda i la Pau,230,10125,..,2,12
2010,10,Sant Martí,73,la Verneda i la Pau,230,10125,..,2,15
2010,10,Sant Martí,73,la Verneda i la Pau,230,10126,..,1,2
2010,10,Sant Martí,73,la Verneda i la Pau,230,10126,..,1,3
2010,10,Sant Martí,73,la Verneda i la Pau,230,10126,..,1,4
2010,10,Sant Martí,73,la Verneda i la Pau,230,10126,..,1,5
2010,10,Sant Martí,73,la Verneda i la Pau,230,10126,..,1,7
2010,10,Sant Martí,73,la Verneda i la Pau,230,10126,..,1,12
2010,10,Sant Martí,73,la Verneda i la Pau,230,10126,..,1,13
2010,10,Sant Martí,73,la Verneda i la Pau,230,10126,..,2,0
2010,10,Sant Martí,73,la Verneda i la Pau,230,10126,..,2,6
2010,10,Sant Martí,73,la Verneda i la Pau,230,10126,..,2,7
2010,10,Sant Martí,73,la Verneda i la Pau,230,10126,..,2,8
2010,10,Sant Martí,73,la Verneda i la Pau,230,10126,..,2,9
2010,10,Sant Martí,73,la Verneda i la Pau,230,10126,..,2,14
2010,10,Sant Martí,73,la Verneda i la Pau,230,10127,..,1,4
2010,10,Sant Martí,73,la Verneda i la Pau,230,10127,..,1,5
2010,10,Sant Martí,73,la Verneda i la Pau,230,10127,..,1,6
2010,10,Sant Martí,73,la Verneda i la Pau,230,10127,..,1,7
2010,10,Sant Martí,73,la Verneda i la Pau,230,10127,..,2,2
2010,10,Sant Martí,73,la Verneda i la Pau,230,10127,..,2,4
2010,10,Sant Martí,73,la Verneda i la Pau,230,10127,..,2,5
2010,10,Sant Martí,73,la Verneda i la Pau,230,10127,..,2,8
2010,10,Sant Martí,73,la Verneda i la Pau,230,10128,..,1,2
2010,10,Sant Martí,73,la Verneda i la Pau,230,10128,..,1,3
2010,10,Sant Martí,73,la Verneda i la Pau,230,10128,..,1,4
2010,10,Sant Martí,73,la Verneda i la Pau,230,10128,5,1,5
2010,10,Sant Martí,73,la Verneda i la Pau,230,10128,7,1,6
2010,10,Sant Martí,73,la Verneda i la Pau,230,10128,..,1,7
2010,10,Sant Martí,73,la Verneda i la Pau,230,10128,..,1,11
2010,10,Sant Martí,73,la Verneda i la Pau,230,10128,..,1,12
2010,10,Sant Martí,73,la Verneda i la Pau,230,10128,..,1,13
2010,10,Sant Martí,73,la Verneda i la Pau,230,10128,..,1,16
2010,10,Sant Martí,73,la Verneda i la Pau,230,10128,..,2,0
2010,10,Sant Martí,73,la Verneda i la Pau,230,10128,..,2,1
2010,10,Sant Martí,73,la Verneda i la Pau,230,10128,..,2,3
2010,10,Sant Martí,73,la Verneda i la Pau,230,10128,..,2,4
2010,10,Sant Martí,73,la Verneda i la Pau,230,10128,9,2,5
2010,10,Sant Martí,73,la Verneda i la Pau,230,10128,5,2,6
2010,10,Sant Martí,73,la Verneda i la Pau,230,10128,5,2,7
2010,10,Sant Martí,73,la Verneda i la Pau,230,10128,..,2,8
2010,10,Sant Martí,73,la Verneda i la Pau,230,10128,..,2,10
2010,10,Sant Martí,73,la Verneda i la Pau,230,10128,..,2,12
2010,10,Sant Martí,73,la Verneda i la Pau,230,10128,..,2,14
2010,10,Sant Martí,73,la Verneda i la Pau,230,10129,..,1,0
2010,10,Sant Martí,73,la Verneda i la Pau,230,10129,..,1,3
2010,10,Sant Martí,73,la Verneda i la Pau,230,10129,..,1,5
2010,10,Sant Martí,73,la Verneda i la Pau,230,10129,5,1,6
2010,10,Sant Martí,73,la Verneda i la Pau,230,10129,..,1,7
2010,10,Sant Martí,73,la Verneda i la Pau,230,10129,..,1,8
2010,10,Sant Martí,73,la Verneda i la Pau,230,10129,..,1,9
2010,10,Sant Martí,73,la Verneda i la Pau,230,10129,..,2,2
2010,10,Sant Martí,73,la Verneda i la Pau,230,10129,..,2,5
2010,10,Sant Martí,73,la Verneda i la Pau,230,10129,..,2,6
2010,10,Sant Martí,73,la Verneda i la Pau,230,10129,..,2,8
2010,10,Sant Martí,73,la Verneda i la Pau,230,10129,..,2,9
2010,10,Sant Martí,73,la Verneda i la Pau,230,10129,..,2,10
2010,10,Sant Martí,73,la Verneda i la Pau,231,10130,..,1,0
2010,10,Sant Martí,73,la Verneda i la Pau,231,10130,..,1,2
2010,10,Sant Martí,73,la Verneda i la Pau,231,10130,..,1,4
2010,10,Sant Martí,73,la Verneda i la Pau,231,10130,..,1,5
2010,10,Sant Martí,73,la Verneda i la Pau,231,10130,9,1,6
2010,10,Sant Martí,73,la Verneda i la Pau,231,10130,..,1,7
2010,10,Sant Martí,73,la Verneda i la Pau,231,10130,..,1,8
2010,10,Sant Martí,73,la Verneda i la Pau,231,10130,..,1,9
2010,10,Sant Martí,73,la Verneda i la Pau,231,10130,..,1,11
2010,10,Sant Martí,73,la Verneda i la Pau,231,10130,..,1,13
2010,10,Sant Martí,73,la Verneda i la Pau,231,10130,..,1,16
2010,10,Sant Martí,73,la Verneda i la Pau,231,10130,..,2,0
2010,10,Sant Martí,73,la Verneda i la Pau,231,10130,..,2,1
2010,10,Sant Martí,73,la Verneda i la Pau,231,10130,..,2,4
2010,10,Sant Martí,73,la Verneda i la Pau,231,10130,7,2,5
2010,10,Sant Martí,73,la Verneda i la Pau,231,10130,11,2,6
2010,10,Sant Martí,73,la Verneda i la Pau,231,10130,..,2,7
2010,10,Sant Martí,73,la Verneda i la Pau,231,10130,..,2,9
2010,10,Sant Martí,73,la Verneda i la Pau,231,10130,..,2,10
2010,10,Sant Martí,73,la Verneda i la Pau,231,10130,..,2,12
2010,10,Sant Martí,73,la Verneda i la Pau,231,10130,..,2,16
2010,10,Sant Martí,73,la Verneda i la Pau,231,10131,..,1,4
2010,10,Sant Martí,73,la Verneda i la Pau,231,10131,..,1,5
2010,10,Sant Martí,73,la Verneda i la Pau,231,10131,..,1,6
2010,10,Sant Martí,73,la Verneda i la Pau,231,10131,..,1,9
2010,10,Sant Martí,73,la Verneda i la Pau,231,10131,..,1,10
2010,10,Sant Martí,73,la Verneda i la Pau,231,10131,..,1,15
2010,10,Sant Martí,73,la Verneda i la Pau,231,10131,..,1,16
2010,10,Sant Martí,73,la Verneda i la Pau,231,10131,..,1,17
2010,10,Sant Martí,73,la Verneda i la Pau,231,10131,..,1,18
2010,10,Sant Martí,73,la Verneda i la Pau,231,10131,..,1,20
2010,10,Sant Martí,73,la Verneda i la Pau,231,10131,..,2,3
2010,10,Sant Martí,73,la Verneda i la Pau,231,10131,..,2,4
2010,10,Sant Martí,73,la Verneda i la Pau,231,10131,..,2,6
2010,10,Sant Martí,73,la Verneda i la Pau,231,10131,..,2,7
2010,10,Sant Martí,73,la Verneda i la Pau,231,10131,..,2,10
2010,10,Sant Martí,73,la Verneda i la Pau,231,10131,..,2,15
2010,10,Sant Martí,73,la Verneda i la Pau,231,10132,..,1,0
2010,10,Sant Martí,73,la Verneda i la Pau,231,10132,..,1,2
2010,10,Sant Martí,73,la Verneda i la Pau,231,10132,..,1,3
2010,10,Sant Martí,73,la Verneda i la Pau,231,10132,5,1,4
2010,10,Sant Martí,73,la Verneda i la Pau,231,10132,..,1,5
2010,10,Sant Martí,73,la Verneda i la Pau,231,10132,..,1,6
2010,10,Sant Martí,73,la Verneda i la Pau,231,10132,..,1,7
2010,10,Sant Martí,73,la Verneda i la Pau,231,10132,..,1,12
2010,10,Sant Martí,73,la Verneda i la Pau,231,10132,..,1,13
2010,10,Sant Martí,73,la Verneda i la Pau,231,10132,..,2,0
2010,10,Sant Martí,73,la Verneda i la Pau,231,10132,..,2,2
2010,10,Sant Martí,73,la Verneda i la Pau,231,10132,..,2,4
2010,10,Sant Martí,73,la Verneda i la Pau,231,10132,..,2,5
2010,10,Sant Martí,73,la Verneda i la Pau,231,10132,..,2,6
2010,10,Sant Martí,73,la Verneda i la Pau,231,10132,..,2,7
2010,10,Sant Martí,73,la Verneda i la Pau,231,10132,..,2,8
2010,10,Sant Martí,73,la Verneda i la Pau,231,10132,..,2,13
2010,10,Sant Martí,73,la Verneda i la Pau,231,10132,..,2,15
2010,10,Sant Martí,73,la Verneda i la Pau,231,10133,6,1,0
2010,10,Sant Martí,73,la Verneda i la Pau,231,10133,..,1,1
2010,10,Sant Martí,73,la Verneda i la Pau,231,10133,..,1,2
2010,10,Sant Martí,73,la Verneda i la Pau,231,10133,7,1,4
2010,10,Sant Martí,73,la Verneda i la Pau,231,10133,..,1,5
2010,10,Sant Martí,73,la Verneda i la Pau,231,10133,9,1,6
2010,10,Sant Martí,73,la Verneda i la Pau,231,10133,6,1,7
2010,10,Sant Martí,73,la Verneda i la Pau,231,10133,..,1,8
2010,10,Sant Martí,73,la Verneda i la Pau,231,10133,..,1,9
2010,10,Sant Martí,73,la Verneda i la Pau,231,10133,..,1,14
2010,10,Sant Martí,73,la Verneda i la Pau,231,10133,..,1,17
2010,10,Sant Martí,73,la Verneda i la Pau,231,10133,..,2,0
2010,10,Sant Martí,73,la Verneda i la Pau,231,10133,..,2,1
2010,10,Sant Martí,73,la Verneda i la Pau,231,10133,..,2,2
2010,10,Sant Martí,73,la Verneda i la Pau,231,10133,..,2,3
2010,10,Sant Martí,73,la Verneda i la Pau,231,10133,..,2,4
2010,10,Sant Martí,73,la Verneda i la Pau,231,10133,7,2,5
2010,10,Sant Martí,73,la Verneda i la Pau,231,10133,6,2,6
2010,10,Sant Martí,73,la Verneda i la Pau,231,10133,..,2,7
2010,10,Sant Martí,73,la Verneda i la Pau,231,10133,..,2,8
2010,10,Sant Martí,73,la Verneda i la Pau,231,10133,..,2,9
2010,10,Sant Martí,73,la Verneda i la Pau,231,10133,..,2,10
2010,10,Sant Martí,73,la Verneda i la Pau,231,10133,..,2,13
2010,10,Sant Martí,73,la Verneda i la Pau,231,10133,..,2,15
2010,10,Sant Martí,73,la Verneda i la Pau,231,10134,..,1,1
2010,10,Sant Martí,73,la Verneda i la Pau,231,10134,..,1,2
2010,10,Sant Martí,73,la Verneda i la Pau,231,10134,..,1,3
2010,10,Sant Martí,73,la Verneda i la Pau,231,10134,..,1,4
2010,10,Sant Martí,73,la Verneda i la Pau,231,10134,..,1,5
2010,10,Sant Martí,73,la Verneda i la Pau,231,10134,..,1,6
2010,10,Sant Martí,73,la Verneda i la Pau,231,10134,..,1,7
2010,10,Sant Martí,73,la Verneda i la Pau,231,10134,..,1,8
2010,10,Sant Martí,73,la Verneda i la Pau,231,10134,..,1,9
2010,10,Sant Martí,73,la Verneda i la Pau,231,10134,..,1,11
2010,10,Sant Martí,73,la Verneda i la Pau,231,10134,..,1,12
2010,10,Sant Martí,73,la Verneda i la Pau,231,10134,..,2,0
2010,10,Sant Martí,73,la Verneda i la Pau,231,10134,..,2,3
2010,10,Sant Martí,73,la Verneda i la Pau,231,10134,..,2,4
2010,10,Sant Martí,73,la Verneda i la Pau,231,10134,8,2,5
2010,10,Sant Martí,73,la Verneda i la Pau,231,10134,6,2,6
2010,10,Sant Martí,73,la Verneda i la Pau,231,10134,7,2,7
2010,10,Sant Martí,73,la Verneda i la Pau,231,10134,..,2,8
2010,10,Sant Martí,73,la Verneda i la Pau,231,10134,..,2,9
2010,10,Sant Martí,73,la Verneda i la Pau,231,10134,..,2,10
2010,10,Sant Martí,73,la Verneda i la Pau,231,10135,..,1,0
2010,10,Sant Martí,73,la Verneda i la Pau,231,10135,..,1,1
2010,10,Sant Martí,73,la Verneda i la Pau,231,10135,..,1,3
2010,10,Sant Martí,73,la Verneda i la Pau,231,10135,..,1,4
2010,10,Sant Martí,73,la Verneda i la Pau,231,10135,6,1,5
2010,10,Sant Martí,73,la Verneda i la Pau,231,10135,..,1,6
2010,10,Sant Martí,73,la Verneda i la Pau,231,10135,..,1,7
2010,10,Sant Martí,73,la Verneda i la Pau,231,10135,..,1,8
2010,10,Sant Martí,73,la Verneda i la Pau,231,10135,..,1,9
2010,10,Sant Martí,73,la Verneda i la Pau,231,10135,..,1,10
2010,10,Sant Martí,73,la Verneda i la Pau,231,10135,..,1,12
2010,10,Sant Martí,73,la Verneda i la Pau,231,10135,..,1,14
2010,10,Sant Martí,73,la Verneda i la Pau,231,10135,..,1,18
2010,10,Sant Martí,73,la Verneda i la Pau,231,10135,..,2,1
2010,10,Sant Martí,73,la Verneda i la Pau,231,10135,..,2,3
2010,10,Sant Martí,73,la Verneda i la Pau,231,10135,..,2,4
2010,10,Sant Martí,73,la Verneda i la Pau,231,10135,..,2,5
2010,10,Sant Martí,73,la Verneda i la Pau,231,10135,8,2,6
2010,10,Sant Martí,73,la Verneda i la Pau,231,10135,..,2,7
2010,10,Sant Martí,73,la Verneda i la Pau,231,10135,..,2,8
2010,10,Sant Martí,73,la Verneda i la Pau,231,10135,..,2,9
2010,10,Sant Martí,73,la Verneda i la Pau,231,10135,..,2,10
2010,10,Sant Martí,73,la Verneda i la Pau,231,10135,..,2,11
2010,10,Sant Martí,73,la Verneda i la Pau,231,10135,..,2,12
2010,10,Sant Martí,73,la Verneda i la Pau,231,10135,..,2,15
2010,10,Sant Martí,73,la Verneda i la Pau,231,10135,..,2,16
2010,10,Sant Martí,73,la Verneda i la Pau,232,10136,..,1,0
2010,10,Sant Martí,73,la Verneda i la Pau,232,10136,..,1,1
2010,10,Sant Martí,73,la Verneda i la Pau,232,10136,..,1,3
2010,10,Sant Martí,73,la Verneda i la Pau,232,10136,..,1,4
2010,10,Sant Martí,73,la Verneda i la Pau,232,10136,5,1,5
2010,10,Sant Martí,73,la Verneda i la Pau,232,10136,..,1,6
2010,10,Sant Martí,73,la Verneda i la Pau,232,10136,..,1,7
2010,10,Sant Martí,73,la Verneda i la Pau,232,10136,..,1,10
2010,10,Sant Martí,73,la Verneda i la Pau,232,10136,..,1,12
2010,10,Sant Martí,73,la Verneda i la Pau,232,10136,..,1,13
2010,10,Sant Martí,73,la Verneda i la Pau,232,10136,..,2,0
2010,10,Sant Martí,73,la Verneda i la Pau,232,10136,..,2,1
2010,10,Sant Martí,73,la Verneda i la Pau,232,10136,..,2,4
2010,10,Sant Martí,73,la Verneda i la Pau,232,10136,..,2,5
2010,10,Sant Martí,73,la Verneda i la Pau,232,10136,..,2,6
2010,10,Sant Martí,73,la Verneda i la Pau,232,10136,..,2,7
2010,10,Sant Martí,73,la Verneda i la Pau,232,10136,..,2,8
2010,10,Sant Martí,73,la Verneda i la Pau,232,10136,..,2,12
2010,10,Sant Martí,73,la Verneda i la Pau,232,10136,..,2,14
2010,10,Sant Martí,73,la Verneda i la Pau,232,10137,..,1,0
2010,10,Sant Martí,73,la Verneda i la Pau,232,10137,..,1,3
2010,10,Sant Martí,73,la Verneda i la Pau,232,10137,5,1,4
2010,10,Sant Martí,73,la Verneda i la Pau,232,10137,7,1,5
2010,10,Sant Martí,73,la Verneda i la Pau,232,10137,7,1,6
2010,10,Sant Martí,73,la Verneda i la Pau,232,10137,6,1,7
2010,10,Sant Martí,73,la Verneda i la Pau,232,10137,..,1,10
2010,10,Sant Martí,73,la Verneda i la Pau,232,10137,..,1,11
2010,10,Sant Martí,73,la Verneda i la Pau,232,10137,..,1,14
2010,10,Sant Martí,73,la Verneda i la Pau,232,10137,..,1,15
2010,10,Sant Martí,73,la Verneda i la Pau,232,10137,..,1,16
2010,10,Sant Martí,73,la Verneda i la Pau,232,10137,..,2,0
2010,10,Sant Martí,73,la Verneda i la Pau,232,10137,..,2,1
2010,10,Sant Martí,73,la Verneda i la Pau,232,10137,..,2,2
2010,10,Sant Martí,73,la Verneda i la Pau,232,10137,..,2,4
2010,10,Sant Martí,73,la Verneda i la Pau,232,10137,..,2,5
2010,10,Sant Martí,73,la Verneda i la Pau,232,10137,5,2,6
2010,10,Sant Martí,73,la Verneda i la Pau,232,10137,7,2,7
2010,10,Sant Martí,73,la Verneda i la Pau,232,10137,..,2,8
2010,10,Sant Martí,73,la Verneda i la Pau,232,10137,..,2,9
2010,10,Sant Martí,73,la Verneda i la Pau,232,10137,..,2,11
2010,10,Sant Martí,73,la Verneda i la Pau,232,10137,..,2,14
2010,10,Sant Martí,73,la Verneda i la Pau,232,10137,..,2,15
2010,10,Sant Martí,73,la Verneda i la Pau,232,10137,..,2,17
2010,10,Sant Martí,73,la Verneda i la Pau,232,10138,..,1,0
2010,10,Sant Martí,73,la Verneda i la Pau,232,10138,..,1,2
2010,10,Sant Martí,73,la Verneda i la Pau,232,10138,..,1,3
2010,10,Sant Martí,73,la Verneda i la Pau,232,10138,5,1,4
2010,10,Sant Martí,73,la Verneda i la Pau,232,10138,9,1,5
2010,10,Sant Martí,73,la Verneda i la Pau,232,10138,..,1,6
2010,10,Sant Martí,73,la Verneda i la Pau,232,10138,..,1,7
2010,10,Sant Martí,73,la Verneda i la Pau,232,10138,..,1,8
2010,10,Sant Martí,73,la Verneda i la Pau,232,10138,..,1,10
2010,10,Sant Martí,73,la Verneda i la Pau,232,10138,..,2,0
2010,10,Sant Martí,73,la Verneda i la Pau,232,10138,..,2,1
2010,10,Sant Martí,73,la Verneda i la Pau,232,10138,..,2,2
2010,10,Sant Martí,73,la Verneda i la Pau,232,10138,..,2,3
2010,10,Sant Martí,73,la Verneda i la Pau,232,10138,6,2,4
2010,10,Sant Martí,73,la Verneda i la Pau,232,10138,5,2,5
2010,10,Sant Martí,73,la Verneda i la Pau,232,10138,..,2,6
2010,10,Sant Martí,73,la Verneda i la Pau,232,10138,5,2,7
2010,10,Sant Martí,73,la Verneda i la Pau,232,10138,..,2,8
2010,10,Sant Martí,73,la Verneda i la Pau,232,10138,..,2,11
2010,10,Sant Martí,73,la Verneda i la Pau,232,10139,..,1,0
2010,10,Sant Martí,73,la Verneda i la Pau,232,10139,..,1,1
2010,10,Sant Martí,73,la Verneda i la Pau,232,10139,..,1,2
2010,10,Sant Martí,73,la Verneda i la Pau,232,10139,..,1,3
2010,10,Sant Martí,73,la Verneda i la Pau,232,10139,10,1,4
2010,10,Sant Martí,73,la Verneda i la Pau,232,10139,..,1,5
2010,10,Sant Martí,73,la Verneda i la Pau,232,10139,5,1,6
2010,10,Sant Martí,73,la Verneda i la Pau,232,10139,..,1,7
2010,10,Sant Martí,73,la Verneda i la Pau,232,10139,..,1,8
2010,10,Sant Martí,73,la Verneda i la Pau,232,10139,..,1,9
2010,10,Sant Martí,73,la Verneda i la Pau,232,10139,..,1,10
2010,10,Sant Martí,73,la Verneda i la Pau,232,10139,..,1,11
2010,10,Sant Martí,73,la Verneda i la Pau,232,10139,..,1,12
2010,10,Sant Martí,73,la Verneda i la Pau,232,10139,..,1,13
2010,10,Sant Martí,73,la Verneda i la Pau,232,10139,..,1,14
2010,10,Sant Martí,73,la Verneda i la Pau,232,10139,..,1,16
2010,10,Sant Martí,73,la Verneda i la Pau,232,10139,..,1,17
2010,10,Sant Martí,73,la Verneda i la Pau,232,10139,..,2,0
2010,10,Sant Martí,73,la Verneda i la Pau,232,10139,..,2,1
2010,10,Sant Martí,73,la Verneda i la Pau,232,10139,..,2,2
2010,10,Sant Martí,73,la Verneda i la Pau,232,10139,..,2,3
2010,10,Sant Martí,73,la Verneda i la Pau,232,10139,6,2,4
2010,10,Sant Martí,73,la Verneda i la Pau,232,10139,10,2,5
2010,10,Sant Martí,73,la Verneda i la Pau,232,10139,10,2,6
2010,10,Sant Martí,73,la Verneda i la Pau,232,10139,..,2,7
2010,10,Sant Martí,73,la Verneda i la Pau,232,10139,6,2,8
2010,10,Sant Martí,73,la Verneda i la Pau,232,10139,..,2,9
2010,10,Sant Martí,73,la Verneda i la Pau,232,10139,..,2,10
2010,10,Sant Martí,73,la Verneda i la Pau,232,10139,..,2,11
2010,10,Sant Martí,73,la Verneda i la Pau,232,10139,..,2,12
2010,10,Sant Martí,73,la Verneda i la Pau,232,10139,..,2,13
2010,10,Sant Martí,73,la Verneda i la Pau,233,10140,..,1,1
2010,10,Sant Martí,73,la Verneda i la Pau,233,10140,..,1,2
2010,10,Sant Martí,73,la Verneda i la Pau,233,10140,..,1,3
2010,10,Sant Martí,73,la Verneda i la Pau,233,10140,..,1,4
2010,10,Sant Martí,73,la Verneda i la Pau,233,10140,..,1,5
2010,10,Sant Martí,73,la Verneda i la Pau,233,10140,..,1,6
2010,10,Sant Martí,73,la Verneda i la Pau,233,10140,..,1,7
2010,10,Sant Martí,73,la Verneda i la Pau,233,10140,..,1,8
2010,10,Sant Martí,73,la Verneda i la Pau,233,10140,..,1,9
2010,10,Sant Martí,73,la Verneda i la Pau,233,10140,..,1,15
2010,10,Sant Martí,73,la Verneda i la Pau,233,10140,..,1,16
2010,10,Sant Martí,73,la Verneda i la Pau,233,10140,..,1,18
2010,10,Sant Martí,73,la Verneda i la Pau,233,10140,..,2,0
2010,10,Sant Martí,73,la Verneda i la Pau,233,10140,..,2,1
2010,10,Sant Martí,73,la Verneda i la Pau,233,10140,..,2,2
2010,10,Sant Martí,73,la Verneda i la Pau,233,10140,5,2,3
2010,10,Sant Martí,73,la Verneda i la Pau,233,10140,..,2,4
2010,10,Sant Martí,73,la Verneda i la Pau,233,10140,5,2,5
2010,10,Sant Martí,73,la Verneda i la Pau,233,10140,..,2,7
2010,10,Sant Martí,73,la Verneda i la Pau,233,10140,5,2,8
2010,10,Sant Martí,73,la Verneda i la Pau,233,10140,..,2,11
2010,10,Sant Martí,73,la Verneda i la Pau,233,10141,..,1,1
2010,10,Sant Martí,73,la Verneda i la Pau,233,10141,..,1,2
2010,10,Sant Martí,73,la Verneda i la Pau,233,10141,..,1,3
2010,10,Sant Martí,73,la Verneda i la Pau,233,10141,..,1,4
2010,10,Sant Martí,73,la Verneda i la Pau,233,10141,..,1,5
2010,10,Sant Martí,73,la Verneda i la Pau,233,10141,..,1,6
2010,10,Sant Martí,73,la Verneda i la Pau,233,10141,..,1,7
2010,10,Sant Martí,73,la Verneda i la Pau,233,10141,..,1,9
2010,10,Sant Martí,73,la Verneda i la Pau,233,10141,..,2,0
2010,10,Sant Martí,73,la Verneda i la Pau,233,10141,..,2,3
2010,10,Sant Martí,73,la Verneda i la Pau,233,10141,..,2,4
2010,10,Sant Martí,73,la Verneda i la Pau,233,10141,5,2,5
2010,10,Sant Martí,73,la Verneda i la Pau,233,10141,..,2,6
2010,10,Sant Martí,73,la Verneda i la Pau,233,10141,..,2,7
2010,10,Sant Martí,73,la Verneda i la Pau,233,10141,..,2,8
2010,10,Sant Martí,73,la Verneda i la Pau,233,10141,..,2,9
2010,10,Sant Martí,73,la Verneda i la Pau,233,10141,..,2,10
2010,10,Sant Martí,73,la Verneda i la Pau,233,10141,..,2,13
2010,10,Sant Martí,73,la Verneda i la Pau,233,10142,..,1,0
2010,10,Sant Martí,73,la Verneda i la Pau,233,10142,..,1,1
2010,10,Sant Martí,73,la Verneda i la Pau,233,10142,..,1,2
2010,10,Sant Martí,73,la Verneda i la Pau,233,10142,5,1,4
2010,10,Sant Martí,73,la Verneda i la Pau,233,10142,9,1,5
2010,10,Sant Martí,73,la Verneda i la Pau,233,10142,..,1,6
2010,10,Sant Martí,73,la Verneda i la Pau,233,10142,..,1,7
2010,10,Sant Martí,73,la Verneda i la Pau,233,10142,..,1,8
2010,10,Sant Martí,73,la Verneda i la Pau,233,10142,..,1,9
2010,10,Sant Martí,73,la Verneda i la Pau,233,10142,..,1,10
2010,10,Sant Martí,73,la Verneda i la Pau,233,10142,..,2,1
2010,10,Sant Martí,73,la Verneda i la Pau,233,10142,9,2,4
2010,10,Sant Martí,73,la Verneda i la Pau,233,10142,5,2,5
2010,10,Sant Martí,73,la Verneda i la Pau,233,10142,6,2,6
2010,10,Sant Martí,73,la Verneda i la Pau,233,10142,..,2,7
2010,10,Sant Martí,73,la Verneda i la Pau,233,10142,..,2,8
2010,10,Sant Martí,73,la Verneda i la Pau,233,10142,5,2,9
2010,10,Sant Martí,73,la Verneda i la Pau,233,10142,..,2,10
2010,10,Sant Martí,73,la Verneda i la Pau,233,10142,..,2,11
2010,10,Sant Martí,73,la Verneda i la Pau,233,10143,..,1,0
2010,10,Sant Martí,73,la Verneda i la Pau,233,10143,..,1,1
2010,10,Sant Martí,73,la Verneda i la Pau,233,10143,..,1,2
2010,10,Sant Martí,73,la Verneda i la Pau,233,10143,..,1,3
2010,10,Sant Martí,73,la Verneda i la Pau,233,10143,8,1,4
2010,10,Sant Martí,73,la Verneda i la Pau,233,10143,6,1,5
2010,10,Sant Martí,73,la Verneda i la Pau,233,10143,..,1,6
2010,10,Sant Martí,73,la Verneda i la Pau,233,10143,8,1,7
2010,10,Sant Martí,73,la Verneda i la Pau,233,10143,..,1,8
2010,10,Sant Martí,73,la Verneda i la Pau,233,10143,..,1,9
2010,10,Sant Martí,73,la Verneda i la Pau,233,10143,..,1,10
2010,10,Sant Martí,73,la Verneda i la Pau,233,10143,..,1,11
2010,10,Sant Martí,73,la Verneda i la Pau,233,10143,..,1,13
2010,10,Sant Martí,73,la Verneda i la Pau,233,10143,..,1,15
2010,10,Sant Martí,73,la Verneda i la Pau,233,10143,6,2,0
2010,10,Sant Martí,73,la Verneda i la Pau,233,10143,..,2,1
2010,10,Sant Martí,73,la Verneda i la Pau,233,10143,..,2,3
2010,10,Sant Martí,73,la Verneda i la Pau,233,10143,..,2,4
2010,10,Sant Martí,73,la Verneda i la Pau,233,10143,6,2,5
2010,10,Sant Martí,73,la Verneda i la Pau,233,10143,10,2,6
2010,10,Sant Martí,73,la Verneda i la Pau,233,10143,5,2,7
2010,10,Sant Martí,73,la Verneda i la Pau,233,10143,..,2,8
2010,10,Sant Martí,73,la Verneda i la Pau,233,10143,..,2,9
2010,10,Sant Martí,73,la Verneda i la Pau,233,10143,..,2,10
2010,10,Sant Martí,73,la Verneda i la Pau,233,10143,..,2,12
